%Recollect Version 2.0. Scene/Level: span1_intro, Game Number: 094
%Note: All true/false values are represented as "1" and "0" respectively.
%Damage:1,Player X Position,Player Y Position,Hearts Left,Time (Relative),Time (Absolute)
%SpanCollectionOrder:6,Time (R),Time (A),Is Reversed. (Arrangement order is from bottom left to top right)
%SpanArrangementOrder:7,[Array of Span Types] (Order is from bottom left to top right). 
%SpanPlayerInput:8,beginTime,endTime,[Array of Positions in Arrangment Pressed, followed by time]
6,0.00000,1479759366866.43,0,2,4,1,5
7,0,7,1,2,4,5
6,13.17633,1479759379997.26,0,1,5,4,2
7,6,5,2,3,4,1
8,5.67633,13.17633,3,8.31763,4,8.58411,2,9.05054,5,9.25085
6,25.31628,1479759393731.46,0,2,3,1,0
7,0,3,1,4,2,6
8,17.83630,25.31628,5,20.28448,2,20.51794,1,21.75171,4,22.85138,2,23.05139
6,37.89630,1479759406332.43,1,1,4,2,3
7,3,2,4,1,0,7
8,30.39630,37.89630,4,31.45184,1,32.01855,2,32.41858,0,32.71869
6,49.77631,1479759418199.42,1,5,2,1,3
7,0,1,6,3,5,2
8,42.27631,49.77631,3,44.85266,2,45.05292,1,45.41931,0,45.58612
6,62.03632,1479759430466.39,1,1,3,4,5
7,2,1,4,5,3,6
8,54.55634,62.03632,4,56.65332,5,56.92065,3,57.88690,1,58.42010,3,58.71997
6,74.47632,1479759442900.86,0,2,0,4,1
7,0,1,7,4,2,3
8,66.97632,74.47632,1,68.48724,4,68.72052,2,69.22070,3,69.45398
6,86.59631,1479759455034.4,0,0,4,1,3
7,7,1,2,4,0,3
8,79.09631,86.59631,1,80.75635,3,82.08801,1,82.62158,3,83.05475,4,83.58838,1,83.95477,1,84.75476
