%Recollect Version 2.0. Scene/Level: multi1_advan, Game Number: 116
%Note: All true/false values are represented as "1" and "0" respectively.
%Damage:1,Player X Position,Player Y Position,Hearts Left,Time (Relative),Time (Absolute)
%MultiObjectBugListChanged:5,[Array of Bug Types]
%BugPositions:3,Time (Relative),Time (Absolute),(For Each Bug:)Bug Color,Bug Position X,Bug Position Y
%MultiObjectTask:4,Matched Correctly,Was Collected,Flower Type,Reveal Time (R),Reveal Time (A),Pollenation Time (R) (-1.0 = unpollenated),Pollenation Time (A) (-1.0 = unpollenated),Death Time (R),Death Time (A)
%Possible values for "Flower Types":Blue=0,Yellow=1,Green=2,Pink=3,White=4,Gray=5,Brown=6,Purple=7,
5,0,5,3,4
3,0,1479846902966.42,0,0.02499998,0.7,5,0.475,0.7,3,0.475,0.5666667,4,0.825,0.7
3,1.033264,1479846903942.2,0,0.1479239,0.7536079,5,0.3305008,0.74208,3,0.6025818,0.5975702,4,0.6828312,0.7731108
3,2.033325,1479846904942.02,0,0.08392879,0.6513674,5,0.2680618,0.7509491,3,0.5081758,0.6517339,4,0.695254,0.7337362
3,3.033386,1479846905942.51,0,0.07702571,0.5687069,5,0.243367,0.6988527,3,0.3862438,0.7778158,4,0.792257,0.6504995
3,4.033447,1479846906942.58,0,0.07544047,0.5689836,5,0.2235036,0.751169,3,0.4674573,0.6263512,4,0.684846,0.3969263
3,5.033508,1479846907942.21,0,0.1198823,0.6909482,5,0.3371559,0.59084,3,0.5240378,0.6099804,4,0.4926593,0.3972179
4,1,1,4,2.08875,3.44873,1479846906372.87,5.46875,1479846908406.6
3,6.033569,1479846908942.49,0,0.05660093,0.7641937,5,0.1956935,0.690254,3,0.7102646,0.639667,4,0.3634108,0.4758873
3,7.033813,1479846909942.58,0,0.05744541,0.6660497,5,0.1875918,0.765345,3,0.6730142,0.7614544,4,0.2858118,0.5955335
3,8.066956,1479846910974.57,0,0.05392694,0.6183064,5,0.1719245,0.7639908,3,0.5277507,0.6658713,4,0.225756,0.5671813
3,9.067139,1479846911974.62,0,0.08377826,0.6122601,5,0.2618484,0.7688849,3,0.7139747,0.6102909,4,0.3068764,0.571396
3,10.0672,1479846912975.42,0,0.5681012,0.3590416,5,0.306143,0.7827601,3,0.8520217,0.7542412,4,0.3685591,0.6009367
3,11.06744,1479846913975.52,0,0.4730709,0.3867215,5,0.2364032,0.6395386,3,0.9322371,0.7542815,4,0.4948132,0.5994197
4,1,1,0,8.08875,10.04871,1479846912973.24,11.46875,1479846914406.93
3,12.10077,1479846915011.04,0,0.1714747,0.3084569,5,0.1558278,0.5968659,3,0.8383713,0.6935833,4,0.6011763,0.6909516
3,13.13416,1479846916043.41,0,0.113658,0.4321416,5,0.07525229,0.7346299,3,0.7445054,0.7634075,4,0.5643518,0.7824834
3,14.16736,1479846917075.35,0,0.05795312,0.5483983,5,0.1405721,0.7482622,3,0.7748778,0.7153421,4,0.5009272,0.635658
3,15.16742,1479846918074.99,0,0.1303313,0.5681564,5,0.1615393,0.7657167,3,0.9261284,0.5867804,4,0.4382288,0.6223668
3,16.1676,1479846919075.81,0,0.1337764,0.5672271,5,0.140239,0.7661393,3,0.7620392,0.6837237,4,0.5849895,0.3445944
3,17.1676,1479846920075.53,0,0.07180285,0.6660926,5,0.2273457,0.7473435,3,0.656189,0.7745816,4,0.4618609,0.3725301
4,1,1,4,14.08875,15.88873,1479846918807.64,17.44873,1479846920373.57
5,0,5,3,4,1
3,18.1676,1479846921075.67,0,0.1245074,0.7569501,5,0.2992084,0.6540138,3,0.8150711,0.6687937,4,0.2333195,0.3475496,1,0.04710579,0.5267856
3,19.16766,1479846922075.97,0,0.09768414,0.7818037,5,0.4541454,0.749015,3,0.9405613,0.7364979,4,0.1571407,0.4202043,1,0.0515945,0.5888315
3,20.16772,1479846923075.47,0,0.09187269,0.7815599,5,0.6856256,0.7142046,3,0.8250208,0.788151,4,0.1349211,0.4234109,1,0.05039787,0.5882716
3,21.16785,1479846924075.5,0,0.08661175,0.7738021,5,0.5859566,0.6159783,3,0.9499378,0.7221005,4,0.1492996,0.4561873,1,0.03338909,0.5826208
3,22.20129,1479846925110.79,0,0.08844328,0.7743434,5,0.4605503,0.5863379,3,0.9317207,0.6271402,4,0.1565547,0.4460729,1,0.04297781,0.5761905
3,23.23456,1479846926143.66,0,0.4337897,0.3334217,5,0.3543429,0.7272021,3,0.906137,0.5938932,4,0.1266718,0.4121028,1,0.03940296,0.5744179
4,1,1,0,20.08875,22.74872,1479846925673.66,23.46875,1479846926407.11
3,24.23462,1479846927144.17,0,0.1932154,0.3211166,5,0.2618322,0.7388439,3,0.9095273,0.6854334,4,0.06518698,0.4100011,1,0.04535198,0.6086146
3,25.23468,1479846928144.32,0,0.2208757,0.4948945,5,0.3623877,0.6316668,3,0.7685742,0.7332789,4,0.05199194,0.5022168,1,0.1792846,0.7761812
3,26.23505,1479846929144.5,0,0.2313671,0.5798468,5,0.4717588,0.6731693,3,0.6276212,0.6412684,4,0.08172178,0.5720403,1,0.2263083,0.779646
3,27.26813,1479846930176.23,0,0.2543192,0.5769851,5,0.4806633,0.7294221,3,0.6170793,0.5683542,4,0.07901001,0.6461356,1,0.1945324,0.7815897
3,28.26855,1479846931176.56,0,0.2857504,0.6013148,5,0.5448103,0.7425773,3,0.6906762,0.6815236,4,0.07129288,0.706285,1,0.2049599,0.7918126
3,29.30182,1479846932210.34,0,0.314333,0.6778119,5,0.4640384,0.6296485,3,0.8232226,0.7554877,4,0.4209809,0.3556785,1,0.06538296,0.6744606
3,30.33496,1479846933243.7,0,0.311645,0.7373548,5,0.5430598,0.6515096,3,0.9449139,0.7598009,4,0.2287283,0.3676096,1,0.07656145,0.5663875
5,0,5,3,1
4,0,1,1,26.08875,28.74872,1479846931674.44,30.40875,1479846933343.47
3,31.33502,1479846934244.16,0,0.433105,0.687288,5,0.669713,0.727762,3,0.8533883,0.7583997,1,0.1904626,0.6764987
3,32.33508,1479846935243.95,0,0.4086266,0.7119083,5,0.7101884,0.750222,3,0.9324288,0.65701,1,0.26335,0.6095908
3,33.33508,1479846936243.74,0,0.2707729,0.7196547,5,0.5036607,0.6620262,3,0.887291,0.7026711,1,0.1615548,0.5820222
3,34.33533,1479846937244.94,0,0.5541759,0.3229869,5,0.435473,0.6159943,3,0.7985229,0.7509415,1,0.05329227,0.6453827
3,35.36884,1479846938278.7,0,0.4187865,0.365061,5,0.3588648,0.5987862,3,0.7062044,0.6824452,1,0.1312475,0.7662262
4,1,1,0,32.08875,34.00873,1479846936941.04,35.46875,1479846938408.06
3,36.36896,1479846939279.09,0,0.2280035,0.5528686,5,0.3811655,0.6721196,3,0.6163836,0.5868919,1,0.1206336,0.6911278
3,37.36902,1479846940278.18,0,0.2362509,0.579856,5,0.4222159,0.6670836,3,0.614306,0.6799553,1,0.1255121,0.7157763
3,38.40204,1479846941309.88,0,0.2137799,0.6546054,5,0.3582773,0.6023439,3,0.7376499,0.7360862,1,0.06470013,0.6355949
3,39.40222,1479846942310.75,0,0.1661797,0.6547151,5,0.3116817,0.7013418,3,0.8585758,0.7833061,1,0.02781677,0.567925
1,166.66210,0.79735,2,40.12872,1479846943042.68
3,40.43555,1479846943344.43,0,0.1454363,0.610962,5,0.3958941,0.5887576,3,0.925396,0.6977647,1,0.4936342,0.3900214
3,41.46893,1479846944377.08,0,0.0752964,0.6644748,5,0.5048361,0.7029727,3,0.8150654,0.7364283,1,0.3976307,0.3684046
5,0,5,3
4,0,1,5,38.08875,40.10870,1479846943041.46,42.22876,1479846945142.54
3,42.46899,1479846945378.04,0,0.1343985,0.760038,5,0.5125313,0.5894736,3,0.7344952,0.6554282
3,43.46918,1479846946377.95,0,0.1391821,0.7192819,5,0.3229027,0.6616301,3,0.8157864,0.5779199
3,44.50262,1479846947409.52,0,0.1393909,0.7250454,5,0.4177179,0.7706165,3,0.8987036,0.6384732
3,45.53583,1479846948444.12,0,0.09853745,0.6092734,5,0.5011539,0.6286472,3,0.8011494,0.4644504
3,46.53583,1479846949444.26,0,0.1295738,0.6615341,5,0.3115253,0.6171541,3,0.5896425,0.4765815
4,1,1,3,44.08875,45.38873,1479846948308.23,47.46875,1479846950376.1
3,47.53589,1479846950444.73,0,0.05699921,0.7545428,5,0.144042,0.5921068,3,0.4087811,0.4920052
3,48.53607,1479846951444.72,0,0.1339951,0.7570962,5,0.208889,0.5843791,3,0.4087009,0.6401283
3,49.5694,1479846952477.49,0,0.06485748,0.6641821,5,0.2180901,0.6465227,3,0.4124212,0.7673056
3,50.56946,1479846953478.24,0,0.1631355,0.6235625,5,0.3249521,0.5669083,3,0.4650059,0.6376421
3,51.56946,1479846954477.57,0,0.07310295,0.6012524,5,0.4318457,0.6261638,3,0.6154108,0.5997242
3,52.60284,1479846955510.45,0,0.06126213,0.6953594,5,0.5527105,0.4165387,3,0.6506338,0.7831358
5,0,3
4,0,1,0,50.08875,51.94873,1479846954875.39,53.52875,1479846956446.08
3,53.60382,1479846956511.92,0,0.2009983,0.7827098,3,0.490531,0.6986508
3,54.63629,1479846957544.92,0,0.08726215,0.6330481,3,0.6250172,0.6018491
3,55.63672,1479846958545.7,0,0.08368206,0.7238442,3,0.7705631,0.6524121
3,56.66974,1479846959577.53,0,0.07728195,0.7353246,3,0.8330021,0.7761558
3,57.66986,1479846960578.79,0,0.06837463,0.6078374,3,0.7264223,0.3576462
3,58.70313,1479846961610.63,0,0.1230907,0.6508387,3,0.5552855,0.347194
4,1,1,3,56.08875,57.44873,1479846960375.56,59.46875,1479846962376.96
3,59.70325,1479846962610.36,0,0.2176561,0.7833504,3,0.4007816,0.3720199
3,60.70331,1479846963610.28,0,0.1101961,0.6366435,3,0.4008102,0.4848562
3,61.70392,1479846964612.38,0,0.1258202,0.6112698,3,0.4008198,0.6008083
3,62.73676,1479846965645.5,0,0.1438808,0.5841101,3,0.3305283,0.6679066
3,63.73688,1479846966644.9,0,0.6891594,0.360127,3,0.1942682,0.6920369
3,64.737,1479846967645.29,0,0.5471144,0.3985945,3,0.1124802,0.5985235
4,1,1,0,62.08875,63.64874,1479846966575.96,65.46875,1479846968377.03
3,65.77026,1479846968678.21,0,0.3402996,0.3789254,3,0.1016588,0.7422417
3,66.77032,1479846969678.27,0,0.3405123,0.508031,3,0.1594849,0.7285705
3,67.77045,1479846970678.65,0,0.320857,0.5672565,3,0.2936106,0.773751
3,68.77045,1479846971678.75,0,0.2720766,0.5737284,3,0.2668333,0.77327
3,69.77094,1479846972679.55,0,0.2499704,0.5663152,3,0.6624861,0.3818029
3,70.80383,1479846973710.69,0,0.07378769,0.6904767,3,0.5311193,0.4468841
4,1,1,3,68.08875,69.68872,1479846972611.43,71.46875,1479846974377.9
5,0,3,1
3,71.80414,1479846974711.36,0,0.2310247,0.6271787,3,0.3096991,0.4031754,1,0.0155983,0.4004056
3,72.83734,1479846975745.27,0,0.1743755,0.7180395,3,0.4813805,0.5275605,1,0.05114079,0.5144879
3,73.8374,1479846976746.09,0,0.1444941,0.7625678,3,0.5660896,0.6927857,1,0.04423904,0.5942758
3,74.83759,1479846977760.68,0,0.2340889,0.7498429,3,0.3839121,0.7490634,1,0.0440855,0.5918325
3,75.87122,1479846978778.95,0,0.2168789,0.7630118,3,0.3268843,0.6146805,1,0.04830933,0.6513999
1,311.16190,4.29296,1,76.26874,1479846979177.22
3,76.90424,1479846981211.79,0,0.1710405,0.7478591,3,0.382184,0.6039132,1,0.05473328,0.6218973
