%Recollect Version 2.0. Scene/Level: multi1_intro, Game Number: 024
%Note: All true/false values are represented as "1" and "0" respectively.
%Damage:1,Player X Position,Player Y Position,Hearts Left,Time (Relative),Time (Absolute)
%MultiObjectBugListChanged:5,[Array of Bug Types]
%BugPositions:3,Time (Relative),Time (Absolute),(For Each Bug:)Bug Color,Bug Position X,Bug Position Y
%MultiObjectTask:4,Matched Correctly,Was Collected,Flower Type,Reveal Time (R),Reveal Time (A),Pollenation Time (R) (-1.0 = unpollenated),Pollenation Time (A) (-1.0 = unpollenated),Death Time (R),Death Time (A)
%Possible values for "Flower Types":Red=0,Green=1,Blue=2,Yellow=3,White=4,Magenta=5,
5,1,3,2
3,0,1478130273821.56,1,0.1166666,0.7666667,3,0.45,0.6333334,2,0.9333333,0.6333334
3,1.000122,1478130274763.01,1,0.1819924,0.667796,3,0.4948217,0.7897975,2,0.8314817,0.6386659
3,2.000244,1478130275763.17,1,0.2642539,0.6618315,3,0.4972396,0.6847399,2,0.8276583,0.7618814
3,3.034241,1478130276797.38,1,0.3481594,0.7635052,3,0.4355822,0.5785127,2,0.9251568,0.592299
3,4.03479,1478130277798.2,1,0.4015228,0.7789986,3,0.4778299,0.572226,2,0.7228268,0.4148425
3,5.067383,1478130278830.77,1,0.4279827,0.4205032,3,0.5348023,0.6085826,2,0.5128766,0.3893922
5,1,3
4,0,1,1,2.09546,3.17548,1478130276961.88,5.49548,1478130279262.66
3,6.100403,1478130279863.25,1,0.3934927,0.3908746,3,0.6686512,0.7623116
3,7.133789,1478130280896.3,1,0.2525438,0.5047293,3,0.7999235,0.7474647
3,8.133789,1478130281895.89,1,0.1072997,0.619094,3,0.9286218,0.6171653
3,9.133911,1478130282896.78,1,0.1268805,0.6212727,3,0.8488367,0.7481887
3,10.13391,1478130283896.28,1,0.2935257,0.6337987,3,0.6825392,0.422585
3,11.13397,1478130284896.07,1,0.4214783,0.6255819,3,0.4760549,0.4205222
4,1,1,3,8.09546,9.63544,1478130283430.03,11.47546,1478130285262.59
3,12.13403,1478130285896.49,1,0.2954788,0.7845287,3,0.3666778,0.4279387
3,13.13409,1478130286896.66,1,0.1694794,0.7620322,3,0.4285841,0.5307553
3,14.13416,1478130287896.59,1,0.04737759,0.672046,3,0.4904776,0.6310033
3,15.17224,1478130288935.18,1,0.1603343,0.7714059,3,0.6176887,0.6659764
3,16.20142,1478130289964.73,1,0.6475971,0.2984084,3,0.7501366,0.6726864
3,17.23431,1478130290996.49,1,0.4502048,0.3616678,3,0.8800371,0.6215039
4,1,1,1,14.07544,15.73547,1478130289529.3,17.45544,1478130291230.02
3,18.23438,1478130291996.85,1,0.2764368,0.2874585,3,0.9349704,0.6378734
3,19.23444,1478130292996.78,1,0.276484,0.4353977,3,0.8613362,0.723774
3,20.2345,1478130293996.86,1,0.276484,0.5970176,3,0.7494702,0.6962858
3,21.23456,1478130294997.61,1,0.2949181,0.7800579,3,0.7172089,0.5075033
3,22.23462,1478130295996.85,1,0.3787079,0.7186019,3,0.6588464,0.3374794
3,23.23462,1478130296996.86,1,0.4624977,0.749301,3,0.4562874,0.3493088
4,1,1,3,20.11548,21.27545,1478130295062.97,23.47546,1478130297263.24
5,1,3,0
3,24.23468,1478130297997.09,1,0.5462875,0.7770178,3,0.4404526,0.4588018,0,0.04553843,0.5046964
3,25.2348,1478130298997.1,1,0.6370049,0.7553084,3,0.4404569,0.5822211,0,0.09288025,0.6146031
3,26.2348,1478130299997.56,1,0.7424431,0.6992939,3,0.4404569,0.7235618,0,0.07259703,0.6606358
1,112.12720,0.73121,2,26.49548,1478130300280.3
3,27.25153,1478130301013.78,1,0.6770554,0.5848373,3,0.4404569,0.7215855,0,0.1488848,0.7264796
1,116.32120,0.75483,1,28.01544,1478130301780.85
3,28.25159,1478130302014.59,1,0.6390848,0.7004434,3,0.4905691,0.5368645,0,0.2874713,0.7210805
3,29.25311,1478130303015.75,1,0.7445235,0.7231715,3,0.4481974,0.3767678,0,0.4477296,0.6365441
3,30.28503,1478130304048.02,1,0.8435745,0.7545473,3,0.2427454,0.3893105,0,0.3578973,0.5965978
5,1,0
