%Recollect Version 2.0. Scene/Level: multi1_advan, Game Number: 126
%Note: All true/false values are represented as "1" and "0" respectively.
%Damage:1,Player X Position,Player Y Position,Hearts Left,Time (Relative),Time (Absolute)
%MultiObjectBugListChanged:5,[Array of Bug Types]
%BugPositions:3,Time (Relative),Time (Absolute),(For Each Bug:)Bug Color,Bug Position X,Bug Position Y
%MultiObjectTask:4,Matched Correctly,Was Collected,Flower Type,Reveal Time (R),Reveal Time (A),Pollenation Time (R) (-1.0 = unpollenated),Pollenation Time (A) (-1.0 = unpollenated),Death Time (R),Death Time (A)
%Possible values for "Flower Types":Blue=0,Yellow=1,Green=2,Pink=3,White=4,Gray=5,Brown=6,Purple=7,
5,2,5,0,4
3,0,1479918251195.83,2,0.02499998,0.4333333,5,0.225,0.4333333,0,0.475,0.7,4,0.775,0.5
3,1.033325,1479918252163.97,2,0.06006625,0.5589478,5,0.2116971,0.5131054,0,0.30351,0.6890159,4,0.9016941,0.6533681
3,2.033447,1479918253165.15,2,0.06501511,0.5739586,5,0.246072,0.5687237,0,0.207463,0.7663825,4,0.8458386,0.6533681
3,3.03363,1479918254165.52,2,0.06782711,0.5801642,5,0.3094797,0.61083,0,0.1462495,0.7534582,4,0.6749544,0.6175346
3,4.033691,1479918255166.32,2,0.1283956,0.607056,5,0.4034954,0.7299058,0,0.565855,0.3557222,4,0.5581284,0.6253819
3,5.066956,1479918256198.5,2,0.1622695,0.6562241,5,0.3455673,0.7837508,0,0.478622,0.406211,4,0.489861,0.7112287
4,1,1,0,2.08716,4.02716,1479918255163.46,5.46716,1479918256629.42
3,6.067139,1479918257199.47,2,0.09296489,0.6190394,5,0.4030099,0.6815637,0,0.1820992,0.3133773,4,0.5830702,0.7789033
3,7.100403,1479918258232.11,2,0.07485509,0.7639918,5,0.3883621,0.5793765,0,0.1822466,0.4535502,4,0.559305,0.6822252
3,8.100464,1479918259232.33,2,0.135047,0.726928,5,0.3264917,0.5910079,0,0.174246,0.5295524,4,0.5268846,0.6610797
3,9.100525,1479918260231.9,2,0.07391047,0.7731569,5,0.4117239,0.6295696,0,0.1226925,0.5747557,4,0.6204305,0.781256
3,10.10059,1479918261231.11,2,0.07070541,0.8048446,5,0.5373895,0.6663681,0,0.1166015,0.5914945,4,0.6698892,0.404887
3,11.10065,1479918262231.45,2,0.1154659,0.7804897,5,0.6688104,0.7413508,0,0.06075478,0.5946704,4,0.4944787,0.4112597
4,1,1,4,8.08716,9.68713,1479918260829.65,11.46716,1479918262597.33
3,12.10065,1479918263231.16,2,0.1191597,0.7827794,5,0.8264992,0.7106133,0,0.08594155,0.5659431,4,0.2928739,0.402236
3,13.10077,1479918264231.63,2,0.07887888,0.7822247,5,0.9115593,0.7521651,0,0.1358712,0.5975845,4,0.2677276,0.4766642
3,14.10095,1479918265231.88,2,0.06166553,0.7755565,5,0.7061379,0.7582794,0,0.08472061,0.5776465,4,0.3564289,0.5901614
3,15.13416,1479918266266.63,2,0.04702544,0.791671,5,0.5404518,0.685665,0,0.0812037,0.5972477,4,0.3493233,0.6796534
3,16.13434,1479918267267.06,2,0.07471633,0.7219198,5,0.634732,0.5895283,0,0.521261,0.3158472,4,0.2712567,0.7657034
3,17.16833,1479918268299.78,2,0.1788774,0.6260139,5,0.7327836,0.6331951,0,0.4461737,0.3678695,4,0.4387827,0.6889579
5,2,5,4
4,0,1,5,14.08716,16.12714,1479918267265.01,17.46716,1479918268604.48
3,18.20105,1479918269331.36,2,0.2810349,0.7424712,5,0.828949,0.7131851,4,0.4077106,0.5727209
3,19.20117,1479918270331.81,2,0.2471066,0.7386386,5,0.9270058,0.6214725,4,0.406908,0.6394626
3,20.20129,1479918271331.69,2,0.09665489,0.6099975,5,0.794014,0.7701923,4,0.5380573,0.7665906
3,21.2348,1479918272366.92,2,0.2109985,0.6611571,5,0.7891579,0.749839,4,0.4979892,0.72102
3,22.26794,1479918273399.19,2,0.6138101,0.2869317,5,0.893537,0.6505798,4,0.4406004,0.6943606
3,23.26801,1479918274399.72,2,0.4395385,0.381176,5,0.8954296,0.7731524,4,0.3707724,0.7840314
4,1,1,2,20.08716,22.04712,1479918273197.07,23.46716,1479918274597.7
3,24.26801,1479918275399.81,2,0.1766076,0.3284386,5,0.7490215,0.74452,4,0.4126692,0.7027434
3,25.26807,1479918276399.41,2,0.176703,0.4581152,5,0.5952625,0.6051733,4,0.4433937,0.6214554
3,26.26819,1479918277400.04,2,0.176703,0.5936921,5,0.6757894,0.6521534,4,0.3555431,0.714582
3,27.26825,1479918278400.43,2,0.1135654,0.618298,5,0.8033147,0.7128264,4,0.3078179,0.7565714
3,28.26855,1479918279400.13,2,0.1119595,0.6204748,5,0.93084,0.6180248,4,0.46734,0.547122
3,29.30164,1479918280431.91,2,0.06253099,0.7513061,5,0.8530564,0.6801291,4,0.4402804,0.3605095
5,2,5
4,0,1,5,26.08716,28.34711,1479918279497.07,30.02716,1479918281168.57
3,30.3017,1479918281432.39,2,0.1130071,0.7186587,5,0.7744069,0.7563097
3,31.30182,1479918282432.62,2,0.06856441,0.6201831,5,0.8900685,0.6343219
3,32.30194,1479918283432.24,2,0.181479,0.6329154,5,0.8623099,0.6221914
3,33.30219,1479918284432.44,2,0.3672547,0.6031005,5,0.7665992,0.5865036
3,34.33527,1479918285466.5,2,0.5947208,0.3139399,5,0.7627711,0.677609
3,35.33533,1479918286466.9,2,0.4283009,0.3654,5,0.8584819,0.7652104
4,1,1,2,32.08716,33.84711,1479918284996.99,35.46716,1479918286598.79
3,36.36877,1479918287501.15,2,0.2341585,0.4380757,5,0.737762,0.6772068
3,37.4021,1479918288532.14,2,0.2341962,0.570411,5,0.7014837,0.600014
3,38.40216,1479918289532.47,2,0.2341962,0.71344,5,0.8224096,0.7540992
3,39.40247,1479918290534.04,2,0.2341967,0.7305388,5,0.8422127,0.6617767
3,40.40302,1479918291534.35,2,0.2341967,0.5791176,5,0.6132727,0.3706164
3,41.43567,1479918292566.92,2,0.2341967,0.7010911,5,0.4088287,0.3677928
4,1,1,5,38.08716,39.54712,1479918290697.88,41.80713,1479918292964.62
3,42.43573,1479918293566.73,2,0.3685961,0.7123334,5,0.3768206,0.470497
3,43.43591,1479918294566.83,2,0.409585,0.7490436,5,0.3384457,0.5410236
3,44.46918,1479918295600.17,2,0.5625229,0.7020209,5,0.2418423,0.698963
3,45.4693,1479918296601.23,2,0.7305069,0.3848625,5,0.297575,0.7137504
3,46.50281,1479918297633.09,2,0.5928974,0.4693361,5,0.3328724,0.5795258
4,1,1,2,44.08716,45.38715,1479918296531.27,47.46716,1479918298600.38
5,2,5,3
3,47.50293,1479918298633.45,2,0.4007998,0.4852531,5,0.4078197,0.7096608,3,-0.02499962,0.5666667
3,48.53607,1479918299667.63,2,0.2617273,0.6296183,5,0.4930363,0.7385891,3,0.07646847,0.6479934
3,49.53613,1479918300667.3,2,0.1960812,0.7346645,5,0.574976,0.626596,3,0.09725666,0.5779672
3,50.53619,1479918301668.06,2,0.1245556,0.7536311,5,0.6712523,0.7560661,3,0.2188749,0.5870506
3,51.53644,1479918302667.76,2,0.1415777,0.5806282,5,0.698863,0.6561745,3,0.3533306,0.6456038
3,52.56964,1479918303700.63,2,0.05210018,0.7297217,5,0.597084,0.6582803,3,0.581543,0.4210823
3,53.56982,1479918304700.93,2,0.1293964,0.6926151,5,0.4946594,0.7328227,3,0.3878899,0.4395617
4,1,1,3,50.08716,51.78711,1479918302932.18,53.72711,1479918304865.91
3,54.60321,1479918305733.61,2,0.1361275,0.7154415,5,0.3901873,0.6657345,3,0.2414932,0.5377066
3,55.63678,1479918306769.85,2,0.26583,0.7476155,5,0.3793297,0.6175063,3,0.1781969,0.5760505
3,56.66986,1479918307800.78,2,0.3106766,0.7581718,5,0.3710718,0.5753294,3,0.07749271,0.6932533
3,57.66998,1479918308801.74,2,0.4528217,0.7273083,5,0.3999186,0.5508973,3,0.1335278,0.7577154
3,58.70331,1479918309833.78,2,0.5436716,0.3567921,5,0.5669346,0.6405724,3,0.1455212,0.6266733
4,1,1,2,56.08716,57.88715,1479918309031.69,59.46716,1479918310599.58
3,59.70337,1479918310833.92,2,0.320219,0.2970925,5,0.5806637,0.738022,3,0.06473351,0.6136668
3,60.70355,1479918311833.74,2,0.2174149,0.3188585,5,0.4090405,0.7119436,3,0.1070204,0.6184284
3,61.73694,1479918312868.16,2,0.2174253,0.4314338,5,0.4534483,0.5681202,3,0.1098852,0.7523705
3,62.77075,1479918313902.87,2,0.1864872,0.5356678,5,0.3221445,0.6480967,3,0.06273746,0.7021241
3,63.80389,1479918314934.26,2,0.2596788,0.5981055,5,0.5231647,0.4703836,3,0.09863663,0.5856502
3,64.83698,1479918315967.76,2,0.3530006,0.7084597,5,0.5121088,0.400728,3,0.1971798,0.6842587
5,2,3
4,0,1,3,62.08716,63.88715,1479918315032.34,65.52716,1479918316670.8
3,65.83704,1479918316967.8,2,0.2706032,0.7392116,3,0.0912075,0.7744243
3,66.8371,1479918317967.9,2,0.3006096,0.7793017,3,0.06288433,0.7801578
3,67.8371,1479918318967.95,2,0.4561729,0.7004458,3,0.1614561,0.6974927
3,68.83734,1479918319968.88,2,0.6117363,0.7827178,3,0.07872581,0.6050116
3,69.83759,1479918320968.38,2,0.7041073,0.4536911,3,0.06411076,0.6320599
3,70.87067,1479918322001.4,2,0.5205441,0.4522398,3,0.2120724,0.5983006
4,1,1,2,68.08716,69.44714,1479918320599.47,71.46716,1479918322600.3
3,71.87073,1479918323001.56,2,0.3684816,0.5021738,3,0.2730389,0.7867276
3,72.87091,1479918324002.04,2,0.2929392,0.6076865,3,0.1207561,0.6479264
3,73.90417,1479918325034.92,2,0.3550205,0.5889869,3,0.1816654,0.5644768
3,74.94269,1479918326073.45,2,0.5738554,0.6912945,3,0.3390865,0.6913803
3,75.97223,1479918327104.03,2,0.3971758,0.7207935,3,0.2119379,0.7580742
1,311.15850,4.29326,2,76.26715,1479918327400.61
3,76.97583,1479918329497.19,2,0.3719683,0.5667893,3,0.1937742,0.6650624
