%Recollect Version 2.3. Scene/Level: , Session: 25, GameNumber: 0
%Note: All true/false values are represented as "1" and "0" respectively.
%Damage:1,Player X Position,Player Y Position,Hearts Left,Time (Relative),Time (Absolute)
%LameBackObject:Algorithm Condition,Trial Number,Current N Level,Lure Rate,Is Correct,Stimulus Type,Stimulus Color,Presentation Time (R),Presentation Time (A),Response Time (R),Response Time (A),Expire Time (R),Expire Time (A)
%Possible values for "Color":Red=0,Blue=1,Green=2,Yellow=3,Purple=4,LightBlue=5,Brown=6,White=7,
%Possible values for "Type":NonTarget=0,Target=1,Lure=2,lessThanN=3,
4,1,7,0.3,1,3,3,7.520874,1487882070203,-1,-1,6.987061,1487882069670
4,2,7,0.3,1,3,0,10.5874,1487882073269,-1,-1,10.05396,1487882072738
4,3,7,0.3,1,3,2,13.62085,1487882076303,-1,-1,13.08765,1487882075772
4,4,7,0.3,1,3,1,16.65442,1487882079336,-1,-1,16.12122,1487882078806
4,5,7,0.3,1,3,1,19.68799,1487882082370,-1,-1,19.15454,1487882081839
4,6,7,0.3,1,3,0,22.75464,1487882085437,-1,-1,22.22131,1487882084906
4,7,7,0.3,1,3,2,25.82153,1487882088503,-1,-1,25.25488,1487882087940
4,8,7,0.3,1,0,1,28.8551,1487882091537,-1,-1,28.32166,1487882091006
4,9,7,0.3,1,1,0,31.88928,1487882094571,32.85535,1487882095537,31.35559,1487882094040
4,10,7,0.3,1,1,2,34.95557,1487882097637,35.42224,1487882098104,34.422,1487882097106
4,11,7,0.3,1,0,3,38.05554,1487882100737,-1,-1,37.48889,1487882100174
4,12,7,0.3,1,0,3,41.12256,1487882103804,-1,-1,40.55579,1487882103240
4,13,7,0.3,1,2,2,44.12292,1487882106805,-1,-1,43.62268,1487882106307
4,14,7,0.3,1,2,1,47.18945,1487882109871,-1,-1,46.65649,1487882109341
4,15,7,0.3,1,2,2,50.25635,1487882112938,-1,-1,49.68958,1487882112375
4,16,7,0.3,1,0,3,53.28979,1487882115972,-1,-1,52.75647,1487882115442
4,17,7,0.3,1,1,2,56.32324,1487882119005,57.12341,1487882119806,55.78992,1487882118474
4,1,8,0.3,1,3,2,74.65759,1487882137339,-1,-1,74.12427,1487882136806
4,2,8,0.3,1,3,1,77.69116,1487882140373,-1,-1,77.15845,1487882139844
4,3,8,0.3,1,3,0,80.75793,1487882143440,-1,-1,80.19165,1487882142876
4,4,8,0.3,1,3,3,83.82483,1487882146507,-1,-1,83.25818,1487882145943
4,5,8,0.3,1,3,0,86.89172,1487882149574,-1,-1,86.32495,1487882149009
4,6,8,0.3,1,3,1,89.95886,1487882152641,-1,-1,89.39185,1487882152076
4,7,8,0.3,1,3,3,93.05872,1487882155740,-1,-1,92.49219,1487882155176
4,8,8,0.3,1,3,2,96.12549,1487882158807,-1,-1,95.55908,1487882158245
4,9,8,0.3,1,1,2,99.15906,1487882161841,99.59265,1487882162275,98.62561,1487882161310
4,10,8,0.3,1,2,0,102.226,1487882164908,-1,-1,101.6594,1487882164345
4,11,8,0.3,1,2,3,105.2595,1487882167941,-1,-1,104.7261,1487882167411
4,12,8,0.3,1,2,0,108.3595,1487882171041,-1,-1,107.7928,1487882170478
4,13,8,0.3,1,0,2,111.3931,1487882174075,-1,-1,110.8596,1487882173545
4,14,8,0.3,1,1,1,114.4598,1487882177142,114.9274,1487882177609,113.9265,1487882176611
4,15,8,0.3,1,0,0,117.4934,1487882180175,-1,-1,116.96,1487882179644
4,16,8,0.3,1,0,1,120.527,1487882183209,-1,-1,119.9935,1487882182678
4,17,8,0.3,1,1,2,123.5604,1487882186242,124.4272,1487882187109,123.0602,1487882185745
4,1,9,0.3,1,3,2,138.9613,1487882201643,-1,-1,138.3956,1487882201078
4,2,9,0.3,1,3,3,141.995,1487882204677,-1,-1,141.4614,1487882204147
4,3,9,0.3,1,3,0,145.0616,1487882207743,-1,-1,144.5282,1487882207213
4,4,9,0.3,1,3,1,148.0957,1487882210778,-1,-1,147.5618,1487882210246
4,5,9,0.3,1,3,3,151.162,1487882213844,-1,-1,150.6285,1487882213313
4,6,9,0.3,1,3,2,154.2288,1487882216911,-1,-1,153.6621,1487882216347
4,7,9,0.3,1,3,0,157.2623,1487882219944,-1,-1,156.7289,1487882219413
4,8,9,0.3,1,3,1,160.2959,1487882222978,-1,-1,159.7625,1487882222447
4,9,9,0.3,1,3,1,163.3627,1487882226044,-1,-1,162.8292,1487882225514
4,10,9,0.3,1,0,1,166.3962,1487882229078,-1,-1,165.8628,1487882228549
4,11,9,0.3,1,0,1,169.4297,1487882232111,-1,-1,168.8964,1487882231581
4,12,9,0.3,1,1,0,172.4965,1487882235178,174.797,1487882237479,171.9298,1487882234614
4,13,9,0.3,1,2,0,175.53,1487882238212,-1,-1,174.9967,1487882237681
4,14,9,0.3,1,1,3,178.5635,1487882241245,179.3638,1487882242046,178.0303,1487882240715
4,15,9,0.3,1,0,1,181.6304,1487882244312,-1,-1,181.0685,1487882243753
4,16,9,0.3,0,1,0,184.6978,1487882247380,-1,-1,184.1305,1487882246815
4,17,9,0.3,1,2,0,187.764,1487882250446,-1,-1,187.2306,1487882249915
4,18,9,0.3,1,0,0,190.8308,1487882253513,-1,-1,190.2975,1487882252982
4,19,9,0.3,1,2,3,193.8644,1487882256546,-1,-1,193.3309,1487882256017
4,20,9,0.3,1,0,3,196.9315,1487882259613,-1,-1,196.3978,1487882259084
4,21,9,0.3,1,0,2,199.9984,1487882262680,-1,-1,199.4646,1487882262149
4,22,9,0.3,1,2,3,203.0983,1487882265780,-1,-1,202.5315,1487882265216
4,23,9,0.3,0,1,3,206.165,1487882268847,-1,-1,205.5985,1487882268283
4,24,9,0.3,0,2,3,209.1986,1487882271880,209.8655,1487882272548,208.6652,1487882271351
4,1,8,0.3,1,3,3,227.5668,1487882290249,-1,-1,227.0328,1487882289715
4,2,8,0.3,1,3,0,230.6664,1487882293348,-1,-1,230.0997,1487882292785
4,3,8,0.3,1,3,1,233.7,1487882296382,-1,-1,233.1666,1487882295851
4,4,8,0.3,1,3,2,236.7334,1487882299415,-1,-1,236.2001,1487882298885
4,5,8,0.3,1,3,0,239.767,1487882302449,-1,-1,239.2335,1487882301918
4,6,8,0.3,1,3,3,242.8671,1487882305549,-1,-1,242.3004,1487882304984
4,7,8,0.3,1,3,1,245.9006,1487882308582,-1,-1,245.3673,1487882308052
4,8,8,0.3,1,3,2,249.0009,1487882311683,-1,-1,248.4341,1487882311119
4,9,8,0.3,1,0,2,252.0344,1487882314716,-1,-1,251.5015,1487882314188
4,10,8,0.3,1,1,0,255.1017,1487882317783,255.8015,1487882318483,254.5677,1487882317253
4,11,8,0.3,1,1,1,258.168,1487882320850,258.8354,1487882321517,257.6345,1487882320320
4,12,8,0.3,1,0,3,261.2347,1487882323917,-1,-1,260.6681,1487882323352
4,13,8,0.3,1,2,3,264.2682,1487882326950,-1,-1,263.735,1487882326420
4,14,8,0.3,0,2,0,267.3018,1487882329984,268.3365,1487882331019,266.7684,1487882329453
4,15,8,0.3,0,0,0,270.3353,1487882333017,270.8356,1487882333518,269.802,1487882332486
4,16,8,0.3,1,2,1,273.4021,1487882336084,-1,-1,272.8354,1487882335520
4,17,8,0.3,1,1,2,276.4696,1487882339151,277.0719,1487882339754,275.9025,1487882338587
4,18,8,0.3,1,1,0,279.5692,1487882342251,280.7362,1487882343418,279.0024,1487882341687
4,19,8,0.3,0,2,3,282.6027,1487882345284,283.9027,1487882346579,282.0695,1487882344754
4,20,8,0.3,1,2,1,285.6696,1487882348339,-1,-1,285.1028,1487882347778
4,21,8,0.3,1,1,3,288.7365,1487882351394,289.1373,1487882351793,288.1697,1487882350831
4,22,8,0.3,1,0,1,291.8032,1487882354448,-1,-1,291.2698,1487882353919
4,23,8,0.3,1,2,1,294.8704,1487882357515,-1,-1,294.3036,1487882356951
4,24,8,0.3,0,0,3,297.937,1487882360582,299.2706,1487882361916,297.4034,1487882360052
4,25,8,0.3,0,0,3,301.0037,1487882363649,302.0042,1487882364649,300.4371,1487882363085
4,26,8,0.3,0,1,0,304.0704,1487882366716,-1,-1,303.5039,1487882366152
4,1,7,0.3,1,3,1,322.4385,1487882385084,-1,-1,321.9055,1487882384551
4,2,7,0.3,1,3,3,325.5051,1487882388150,-1,-1,324.9386,1487882387587
4,3,7,0.3,1,3,2,328.5719,1487882391217,-1,-1,328.0052,1487882390653
4,4,7,0.3,1,3,0,331.6055,1487882394250,-1,-1,331.0721,1487882393720
4,5,7,0.3,1,3,1,334.6722,1487882397317,-1,-1,334.1388,1487882396786
4,6,7,0.3,1,3,0,337.7059,1487882400351,-1,-1,337.1724,1487882399820
4,7,7,0.3,1,3,2,340.7394,1487882403384,-1,-1,340.2065,1487882402854
4,8,7,0.3,1,2,3,343.7728,1487882406418,-1,-1,343.2395,1487882405888
4,9,7,0.3,1,0,1,346.8396,1487882409485,-1,-1,346.2729,1487882408921
4,10,7,0.3,1,1,2,349.8732,1487882412518,350.3398,1487882412985,349.3397,1487882411987
4,11,7,0.3,1,2,1,352.9067,1487882415552,-1,-1,352.3733,1487882415022
4,12,7,0.3,1,0,3,355.9735,1487882418619,-1,-1,355.4071,1487882418055
4,13,7,0.3,1,0,3,359.0403,1487882421685,-1,-1,358.4736,1487882421122
4,14,7,0.3,1,1,2,362.1072,1487882424752,362.8074,1487882425453,361.5405,1487882424188
4,15,7,0.3,1,0,0,365.174,1487882427819,-1,-1,364.6074,1487882427255
4,16,7,0.3,1,2,2,368.2075,1487882430853,-1,-1,367.6742,1487882430322
4,17,7,0.3,0,0,3,371.2743,1487882433919,372.7084,1487882435354,370.7076,1487882433355
4,18,7,0.3,0,2,2,374.3079,1487882436953,374.8745,1487882437520,373.7744,1487882436423
4,19,7,0.3,1,1,3,377.3746,1487882440021,378.1749,1487882440820,376.8081,1487882439456
4,20,7,0.3,1,0,0,380.4415,1487882443087,-1,-1,379.8749,1487882442523
4,21,7,0.3,0,1,2,383.5083,1487882446153,-1,-1,382.9417,1487882445589
4,22,7,0.3,1,0,3,386.5752,1487882449220,-1,-1,386.0085,1487882448657
4,23,7,0.3,1,1,2,389.609,1487882452254,391.009,1487882453655,389.0753,1487882451723
4,24,7,0.3,1,2,2,392.6755,1487882455321,-1,-1,392.1422,1487882454790
4,25,7,0.3,1,2,3,395.7091,1487882458354,-1,-1,395.1757,1487882457823
4,26,7,0.3,0,1,3,398.7426,1487882461388,-1,-1,398.2092,1487882460857
4,27,7,0.3,1,0,1,401.7761,1487882464421,-1,-1,401.2427,1487882463891
4,28,7,0.3,1,2,3,404.8097,1487882467455,-1,-1,404.2762,1487882466924
4,29,7,0.3,0,2,2,407.8765,1487882470522,408.8765,1487882471522,407.3102,1487882469958
4,30,7,0.3,1,0,0,410.9098,1487882473555,-1,-1,410.3766,1487882473026
4,31,7,0.3,1,0,1,413.9767,1487882476622,-1,-1,413.41,1487882476059
4,32,7,0.3,1,1,3,417.0103,1487882479655,417.4105,1487882480056,416.4769,1487882479126
4,33,7,0.3,1,1,3,420.0438,1487882482689,420.4769,1487882483122,419.5104,1487882482158
4,34,7,0.3,0,1,1,423.0774,1487882485722,-1,-1,422.5443,1487882485192
4,35,7,0.3,0,2,2,426.1449,1487882488790,427.0118,1487882489657,425.5779,1487882488228
4,36,7,0.3,1,0,1,429.2111,1487882491856,-1,-1,428.6776,1487882491325
4,37,7,0.3,1,2,2,432.3112,1487882494956,-1,-1,431.7444,1487882494392
4,38,7,0.3,1,0,2,435.3446,1487882497990,-1,-1,434.8119,1487882497459
4,39,7,0.3,1,0,0,438.3782,1487882501023,-1,-1,437.8447,1487882500493
4,40,7,0.3,1,0,0,441.412,1487882504057,-1,-1,440.8784,1487882503528
4,41,7,0.3,0,2,2,444.5118,1487882507157,445.5785,1487882508224,443.9451,1487882506594
4,1,6,0.3,1,3,1,462.8795,1487882525525,-1,-1,462.3462,1487882524992
4,2,6,0.3,1,3,3,465.9135,1487882528558,-1,-1,465.3796,1487882528029
4,3,6,0.3,1,3,0,469.0132,1487882531658,-1,-1,468.4465,1487882531094
4,4,6,0.3,1,3,2,472.0468,1487882534692,-1,-1,471.5133,1487882534161
4,5,6,0.3,1,3,1,475.0802,1487882537725,-1,-1,474.5469,1487882537195
4,6,6,0.3,1,3,2,478.147,1487882540792,-1,-1,477.5803,1487882540228
4,7,6,0.3,0,2,3,481.1805,1487882543826,482.7139,1487882545359,480.6475,1487882543295
4,8,6,0.3,1,0,1,484.2142,1487882546859,-1,-1,483.6807,1487882546329
4,9,6,0.3,0,2,3,487.2809,1487882549926,487.9146,1487882550560,486.7476,1487882549396
4,10,6,0.3,0,2,1,490.3146,1487882552960,490.3811,1487882553026,489.781,1487882552428
4,1,5,0.3,1,3,2,498.5149,1487882561160,-1,-1,497.9817,1487882560628
4,2,5,0.3,1,3,0,501.5817,1487882564227,-1,-1,501.015,1487882563663
4,3,5,0.3,1,3,1,504.6151,1487882567260,-1,-1,504.0818,1487882566730
4,4,5,0.3,1,3,3,507.6488,1487882570294,-1,-1,507.1154,1487882569763
4,5,5,0.3,1,3,0,510.7156,1487882573361,-1,-1,510.1825,1487882572830
4,6,5,0.3,1,0,3,513.8157,1487882576461,-1,-1,513.2489,1487882575896
4,7,5,0.3,1,1,0,516.816,1487882579461,518.2493,1487882580895,516.3158,1487882578964
4,8,5,0.3,1,1,1,519.8496,1487882582495,520.5833,1487882583229,519.3162,1487882581964
4,9,5,0.3,1,0,2,522.9163,1487882585561,-1,-1,522.3499,1487882584998
4,10,5,0.3,1,2,3,525.9498,1487882588595,-1,-1,525.4164,1487882588066
4,11,5,0.3,1,1,3,529.0166,1487882591662,529.684,1487882592329,528.4833,1487882591131
4,1,6,0.3,1,3,2,546.2507,1487882608896,-1,-1,545.7174,1487882608363
4,2,6,0.3,1,3,3,549.2845,1487882611930,-1,-1,548.751,1487882611399
4,3,6,0.3,1,3,1,552.318,1487882614963,-1,-1,551.7847,1487882614433
4,4,6,0.3,1,3,0,555.3846,1487882618030,-1,-1,554.8513,1487882617499
4,5,6,0.3,1,3,1,558.4188,1487882621064,-1,-1,557.8849,1487882620533
4,6,6,0.3,1,3,0,561.4851,1487882624130,-1,-1,560.9517,1487882623600
4,7,6,0.3,1,0,1,564.5186,1487882627164,-1,-1,563.9852,1487882626633
4,8,6,0.3,1,2,1,567.5854,1487882630230,-1,-1,567.0187,1487882629666
4,9,6,0.3,0,0,2,570.619,1487882633264,571.9189,1487882634564,570.0856,1487882632733
4,10,6,0.3,1,0,2,573.6858,1487882636331,-1,-1,573.1523,1487882635801
4,11,6,0.3,1,0,3,576.7191,1487882639364,-1,-1,576.1864,1487882638835
4,12,6,0.3,1,0,3,579.7861,1487882642431,-1,-1,579.2195,1487882641867
4,13,6,0.3,0,2,0,582.853,1487882645498,584.5862,1487882647232,582.2866,1487882644934
4,14,6,0.3,1,2,2,585.9197,1487882648565,-1,-1,585.3533,1487882648002
4,15,6,0.3,1,1,2,588.9866,1487882651632,589.4866,1487882652132,588.4199,1487882651069
4,16,6,0.3,1,0,0,592.0208,1487882654666,-1,-1,591.4868,1487882654134
4,17,6,0.3,1,1,3,595.0869,1487882657732,595.5874,1487882658233,594.5537,1487882657201
4,18,6,0.3,0,1,3,598.1541,1487882660799,-1,-1,597.5872,1487882660235
4,19,6,0.3,1,1,0,601.2207,1487882663866,601.6541,1487882664299,600.6873,1487882663335
4,20,6,0.3,1,2,0,604.3208,1487882666966,-1,-1,603.7542,1487882666402
4,21,6,0.3,1,2,0,607.4209,1487882670066,-1,-1,606.8545,1487882669502
4,22,6,0.3,0,1,0,610.4878,1487882673133,-1,-1,609.9211,1487882672569
4,23,6,0.3,1,2,0,613.5547,1487882676200,-1,-1,612.9888,1487882675636
4,24,6,0.3,0,1,3,616.6216,1487882679267,-1,-1,616.0881,1487882678736
4,25,6,0.3,1,0,1,619.7222,1487882682367,-1,-1,619.155,1487882681803
4,26,6,0.3,1,0,2,622.7886,1487882685434,-1,-1,622.2551,1487882684903
4,27,6,0.3,1,0,1,625.8552,1487882688500,-1,-1,625.2896,1487882687937
4,28,6,0.3,1,0,3,628.8892,1487882691534,-1,-1,628.3555,1487882691003
4,29,6,0.3,1,0,1,631.9893,1487882694634,-1,-1,631.4224,1487882694072
4,30,6,0.3,0,1,3,635.0559,1487882697701,-1,-1,634.5225,1487882697170
4,1,5,0.3,1,3,3,653.5073,1487882716152,-1,-1,652.9402,1487882715586
4,2,5,0.3,1,3,2,656.5737,1487882719219,-1,-1,656.0078,1487882718656
4,3,5,0.3,1,3,0,659.6406,1487882722286,-1,-1,659.074,1487882721722
4,4,5,0.3,1,3,1,662.7073,1487882725352,-1,-1,662.1409,1487882724788
4,5,5,0.3,1,3,3,665.7742,1487882728419,-1,-1,665.2075,1487882727855
4,6,5,0.3,1,0,0,668.8411,1487882731486,-1,-1,668.2749,1487882730923
4,7,5,0.3,0,0,1,671.8745,1487882734520,673.6746,1487882736320,671.3413,1487882733989
4,8,5,0.3,1,2,2,674.9414,1487882737586,-1,-1,674.3748,1487882737023
4,9,5,0.3,0,1,1,678.0088,1487882740654,-1,-1,677.4421,1487882740090
4,10,5,0.3,1,0,2,681.0752,1487882743720,-1,-1,680.5417,1487882743189
4,11,5,0.3,1,2,3,684.1753,1487882746820,-1,-1,683.6086,1487882746257
4,12,5,0.3,0,2,0,687.2422,1487882749887,687.6753,1487882750321,686.6755,1487882749323
4,1,4,0.3,1,3,2,692.6104,1487882755255,-1,-1,692.0427,1487882754688
4,2,4,0.3,1,3,3,695.7092,1487882758354,-1,-1,695.1426,1487882757790
4,3,4,0.3,1,3,0,698.7761,1487882761421,-1,-1,698.2095,1487882760857
4,4,4,0.3,1,3,1,701.843,1487882764488,-1,-1,701.3098,1487882763958
4,5,4,0.3,1,0,0,704.9097,1487882767555,-1,-1,704.3433,1487882766991
4,6,4,0.3,1,0,1,707.9434,1487882770588,-1,-1,707.4099,1487882770058
4,7,4,0.3,1,1,0,711.0103,1487882773655,711.4102,1487882774055,710.4768,1487882773125
4,8,4,0.3,0,2,0,714.0769,1487882776722,714.6106,1487882777256,713.5437,1487882776191
4,9,4,0.3,1,1,0,717.1438,1487882779789,718.1106,1487882780756,716.5771,1487882779225
4,10,4,0.3,0,2,0,720.2107,1487882782856,720.7776,1487882783423,719.644,1487882782294
4,11,4,0.3,1,2,1,723.2786,1487882785924,-1,-1,722.7441,1487882785392
4,12,4,0.3,1,0,1,726.3442,1487882788989,-1,-1,725.8108,1487882788459
4,13,4,0.3,1,1,0,729.4116,1487882792057,729.8113,1487882792457,728.8445,1487882791492
4,14,4,0.3,1,1,0,732.4785,1487882795123,733.0122,1487882795657,731.9446,1487882794592
4,15,4,0.3,1,0,3,735.5449,1487882798190,-1,-1,735.0115,1487882797661
4,16,4,0.3,1,0,3,738.645,1487882801290,-1,-1,738.0784,1487882800726
4,17,4,0.3,1,2,1,741.7124,1487882804357,-1,-1,741.1785,1487882803826
4,18,4,0.3,1,1,0,744.812,1487882807457,745.2454,1487882807891,744.2454,1487882806893
4,1,5,0.3,1,3,1,752.8457,1487882815491,-1,-1,752.2793,1487882814925
4,2,5,0.3,1,3,3,755.9126,1487882818558,-1,-1,755.3459,1487882817994
4,3,5,0.3,1,3,0,758.948,1487882821593,-1,-1,758.4128,1487882821061
4,4,5,0.3,1,3,2,762.0464,1487882824691,-1,-1,761.4797,1487882824127
4,5,5,0.3,1,3,3,765.0798,1487882827725,-1,-1,764.5466,1487882827194
4,6,5,0.3,1,0,2,768.1467,1487882830792,-1,-1,767.5801,1487882830228
4,7,5,0.3,1,0,2,771.2136,1487882833859,-1,-1,770.6802,1487882833328
4,8,5,0.3,1,2,3,774.2803,1487882836925,-1,-1,773.7468,1487882836395
4,9,5,0.3,1,1,2,777.3472,1487882839992,777.8137,1487882840459,776.7805,1487882839430
4,10,5,0.3,1,1,3,780.3816,1487882843027,780.8147,1487882843460,779.8474,1487882842495
4,11,5,0.3,1,1,2,783.481,1487882846126,783.9143,1487882846560,782.9141,1487882845562
4,1,6,0.3,1,3,2,798.5151,1487882861161,-1,-1,797.9817,1487882860628
4,2,6,0.3,1,3,1,801.6152,1487882864260,-1,-1,801.0486,1487882863699
4,3,6,0.3,1,3,0,804.6487,1487882867294,-1,-1,804.1155,1487882866763
4,4,6,0.3,1,3,3,807.7156,1487882870361,-1,-1,807.1489,1487882869798
4,5,6,0.3,1,3,0,810.7825,1487882873427,-1,-1,810.2166,1487882872865
4,6,6,0.3,1,3,3,813.8164,1487882876461,-1,-1,813.3157,1487882875963
4,7,6,0.3,1,1,2,816.8831,1487882879528,817.3164,1487882879962,816.3494,1487882878997
4,8,6,0.3,1,1,1,819.9497,1487882882595,820.3831,1487882883028,819.4165,1487882882064
4,9,6,0.3,1,2,1,823.0498,1487882885695,-1,-1,822.4832,1487882885132
4,10,6,0.3,1,0,1,826.1167,1487882888762,-1,-1,825.5833,1487882888232
4,11,6,0.3,1,0,2,829.2173,1487882891862,-1,-1,828.6501,1487882891298
4,12,6,0.3,0,1,3,832.2837,1487882894929,-1,-1,831.7502,1487882894398
4,13,6,0.3,0,2,1,835.3503,1487882897995,835.7505,1487882898396,834.8171,1487882897465
4,14,6,0.3,1,2,2,838.3848,1487882901030,-1,-1,837.8513,1487882900499
4,15,6,0.3,1,2,0,841.4509,1487882904096,-1,-1,840.9175,1487882903565
4,16,6,0.3,1,0,0,844.5178,1487882907163,-1,-1,843.9844,1487882906632
4,17,6,0.3,1,2,3,847.6179,1487882910263,-1,-1,847.051,1487882909699
4,18,6,0.3,0,1,3,850.7178,1487882913363,-1,-1,850.1514,1487882912800
4,1,5,0.3,1,3,3,855.8853,1487882918530,-1,-1,855.3516,1487882917998
4,2,5,0.3,1,3,0,858.9851,1487882921630,-1,-1,858.4185,1487882921066
4,3,5,0.3,1,3,1,862.0188,1487882924664,-1,-1,861.4854,1487882924134
4,4,5,0.3,1,3,2,865.1187,1487882927764,-1,-1,864.552,1487882927200
4,5,5,0.3,1,3,3,868.1526,1487882930798,-1,-1,867.6189,1487882930267
4,6,5,0.3,1,0,2,871.2192,1487882933864,-1,-1,870.6858,1487882933334
4,7,5,0.3,0,0,3,874.3193,1487882936964,875.5527,1487882938198,873.7527,1487882936400
4,8,5,0.3,0,2,0,877.353,1487882939998,877.7861,1487882940431,876.8196,1487882939467
4,9,5,0.3,1,1,2,880.4529,1487882943098,881.1528,1487882943798,879.8865,1487882942534
4,10,5,0.3,1,0,0,883.4866,1487882946132,-1,-1,882.9531,1487882945601
4,11,5,0.3,0,1,2,886.5203,1487882949165,-1,-1,885.9868,1487882948635
4,12,5,0.3,0,1,3,889.6201,1487882952265,-1,-1,889.0535,1487882951701
4,13,5,0.3,1,0,1,892.6538,1487882955299,-1,-1,892.1204,1487882954768
4,14,5,0.3,1,2,0,895.7546,1487882958400,-1,-1,895.188,1487882957837
4,15,5,0.3,1,2,2,898.8208,1487882961466,-1,-1,898.2874,1487882960935
4,16,5,0.3,1,0,1,901.9209,1487882964566,-1,-1,901.3542,1487882964003
4,17,5,0.3,1,1,3,905.021,1487882967666,905.3882,1487882968033,904.4543,1487882967102
4,18,5,0.3,1,1,1,908.0879,1487882970733,908.5212,1487882971167,907.5212,1487882970169
4,19,5,0.3,1,2,1,911.1548,1487882973800,-1,-1,910.5881,1487882973238
4,20,5,0.3,0,0,3,914.2217,1487882976867,914.8215,1487882977467,913.6885,1487882976336
4,21,5,0.3,1,1,1,917.2886,1487882979934,917.7551,1487882980400,916.7551,1487882979404
4,22,5,0.3,1,2,1,920.3887,1487882983034,-1,-1,919.8223,1487882982470
4,23,5,0.3,1,0,2,923.4556,1487882986101,-1,-1,922.9221,1487882985570
4,24,5,0.3,1,2,3,926.5557,1487882989201,-1,-1,925.9893,1487882988637
4,25,5,0.3,1,0,2,929.6226,1487882992267,-1,-1,929.0891,1487882991737
4,26,5,0.3,1,2,3,932.6895,1487882995335,-1,-1,932.156,1487882994804
4,27,5,0.3,1,1,1,935.7896,1487882998434,936.6563,1487882999301,935.2229,1487882997871
4,28,5,0.3,1,2,1,938.8564,1487883001502,-1,-1,938.3235,1487883000972
4,29,5,0.3,1,0,1,941.9231,1487883004568,-1,-1,941.3896,1487883004037
4,30,5,0.3,1,0,0,944.9897,1487883007635,-1,-1,944.4233,1487883007071
4,31,5,0.3,1,0,0,948.0234,1487883010668,-1,-1,947.49,1487883010139
4,32,5,0.3,1,0,2,951.0908,1487883013736,-1,-1,950.5569,1487883013205
4,33,5,0.3,1,0,0,954.1904,1487883016835,-1,-1,953.6238,1487883016272
4,34,5,0.3,1,1,1,957.2244,1487883019869,957.8909,1487883020536,956.6907,1487883019338
4,1,6,0.3,1,3,0,970.9915,1487883033636,-1,-1,970.425,1487883033071
4,2,6,0.3,1,3,1,974.0588,1487883036704,-1,-1,973.4917,1487883036139
4,3,6,0.3,1,3,2,977.1589,1487883039804,-1,-1,976.5923,1487883039241
4,4,6,0.3,1,3,3,980.2253,1487883042870,-1,-1,979.6919,1487883042339
4,5,6,0.3,1,3,1,983.2922,1487883045937,-1,-1,982.7588,1487883045406
4,6,6,0.3,1,3,3,986.3589,1487883049004,-1,-1,985.8254,1487883048473
4,7,6,0.3,1,0,3,989.3931,1487883052038,-1,-1,988.8591,1487883051507
4,8,6,0.3,0,2,2,992.4927,1487883055138,993.0928,1487883055738,991.926,1487883054575
4,9,6,0.3,1,0,0,995.5596,1487883058205,-1,-1,995.0266,1487883057674
4,10,6,0.3,1,0,0,998.6597,1487883061305,-1,-1,998.0935,1487883060741
4,11,6,0.3,0,1,1,1001.694,1487883064339,-1,-1,1001.16,1487883063807
4,12,6,0.3,1,0,0,1004.793,1487883067438,-1,-1,1004.227,1487883066875
4,13,6,0.3,1,0,1,1007.827,1487883070472,-1,-1,1007.294,1487883069943
4,14,6,0.3,0,2,3,1010.894,1487883073539,1011.327,1487883073973,1010.327,1487883072975
4,1,5,0.3,1,3,0,1025.895,1487883088540,-1,-1,1025.361,1487883088007
4,2,5,0.3,1,3,2,1028.928,1487883091573,-1,-1,1028.395,1487883091042
4,3,5,0.3,1,3,1,1031.961,1487883094607,-1,-1,1031.428,1487883094078
4,4,5,0.3,1,3,3,1035.028,1487883097673,-1,-1,1034.462,1487883097110
4,5,5,0.3,1,3,0,1038.062,1487883100707,-1,-1,1037.529,1487883100176
4,6,5,0.3,0,1,0,1041.129,1487883103774,-1,-1,1040.595,1487883103243
4,7,5,0.3,1,0,3,1044.229,1487883106875,-1,-1,1043.662,1487883106310
4,8,5,0.3,1,2,2,1047.329,1487883109974,-1,-1,1046.762,1487883109410
4,9,5,0.3,1,0,2,1050.396,1487883113041,-1,-1,1049.863,1487883112510
4,10,5,0.3,1,2,3,1053.496,1487883116141,-1,-1,1052.93,1487883115577
4,11,5,0.3,1,1,0,1056.563,1487883119208,1056.996,1487883119642,1056.03,1487883118677
4,12,5,0.3,1,0,1,1059.597,1487883122242,-1,-1,1059.063,1487883121712
4,13,5,0.3,0,2,3,1062.663,1487883125308,1063.43,1487883126075,1062.13,1487883124778
4,14,5,0.3,1,0,1,1065.731,1487883128376,-1,-1,1065.164,1487883127812
4,15,5,0.3,1,0,1,1068.797,1487883131442,-1,-1,1068.264,1487883130911
4,16,5,0.3,1,2,3,1071.864,1487883134509,-1,-1,1071.297,1487883133945
4,17,5,0.3,0,2,3,1074.931,1487883137576,1075.364,1487883138009,1074.397,1487883137045
4,18,5,0.3,1,1,3,1077.998,1487883140643,1078.397,1487883141043,1077.464,1487883140113
4,19,5,0.3,1,1,1,1081.07,1487883143715,1083.198,1487883145844,1080.531,1487883143179
4,20,5,0.3,1,1,1,1084.165,1487883146810,1084.631,1487883147277,1083.598,1487883146246
4,1,6,0.3,1,3,0,1102.566,1487883165211,-1,-1,1102.032,1487883164678
4,2,6,0.3,1,3,3,1105.6,1487883168245,-1,-1,1105.07,1487883167719
4,3,6,0.3,1,3,1,1108.699,1487883171344,-1,-1,1108.133,1487883170780
4,4,6,0.3,1,3,2,1111.766,1487883174411,-1,-1,1111.199,1487883173848
4,5,6,0.3,1,3,1,1114.833,1487883177478,-1,-1,1114.267,1487883176914
4,6,6,0.3,1,3,3,1117.866,1487883180511,-1,-1,1117.333,1487883179981
4,7,6,0.3,1,0,1,1120.9,1487883183545,-1,-1,1120.368,1487883183015
4,8,6,0.3,1,0,0,1123.968,1487883186613,-1,-1,1123.434,1487883186081
4,9,6,0.3,1,0,0,1127.067,1487883189712,-1,-1,1126.5,1487883189149
4,10,6,0.3,0,1,2,1130.134,1487883192779,-1,-1,1129.567,1487883192215
4,11,6,0.3,1,2,2,1133.234,1487883195879,-1,-1,1132.668,1487883195316
4,12,6,0.3,1,1,3,1136.268,1487883198913,1137.435,1487883200080,1135.734,1487883198382
4,13,6,0.3,1,2,3,1139.367,1487883202013,-1,-1,1138.801,1487883201449
4,14,6,0.3,1,0,2,1142.434,1487883205079,-1,-1,1141.868,1487883204516
4,15,6,0.3,1,0,3,1145.469,1487883208114,-1,-1,1144.935,1487883207582
4,16,6,0.3,1,0,1,1148.568,1487883211213,-1,-1,1148.001,1487883210649
4,17,6,0.3,1,1,2,1151.635,1487883214280,1152.202,1487883214847,1151.102,1487883213749
4,18,6,0.3,1,1,3,1154.669,1487883217314,1156.102,1487883218748,1154.168,1487883216816
4,1,7,0.3,1,3,2,1164.036,1487883226681,-1,-1,1163.503,1487883226148
4,2,7,0.3,1,3,1,1167.102,1487883229747,-1,-1,1166.536,1487883229184
4,3,7,0.3,1,3,3,1170.137,1487883232782,-1,-1,1169.603,1487883232250
4,4,7,0.3,1,3,0,1173.203,1487883235848,-1,-1,1172.669,1487883235317
4,5,7,0.3,1,3,0,1176.303,1487883238948,-1,-1,1175.736,1487883238384
4,6,7,0.3,1,3,3,1179.37,1487883242015,-1,-1,1178.803,1487883241451
4,7,7,0.3,1,3,2,1182.404,1487883245049,-1,-1,1181.87,1487883244520
4,8,7,0.3,0,1,2,1185.503,1487883248149,-1,-1,1184.937,1487883247585
4,9,7,0.3,1,0,0,1188.57,1487883251215,-1,-1,1188.004,1487883250652
4,10,7,0.3,1,1,3,1191.637,1487883254282,1192.104,1487883254749,1191.071,1487883253719
4,11,7,0.3,1,2,3,1194.704,1487883257349,-1,-1,1194.137,1487883256785
4,12,7,0.3,1,2,3,1197.804,1487883260449,-1,-1,1197.238,1487883259886
4,13,7,0.3,1,0,1,1200.871,1487883263516,-1,-1,1200.304,1487883262952
4,14,7,0.3,0,0,0,1203.971,1487883266616,1204.772,1487883267417,1203.405,1487883266052
4,15,7,0.3,1,0,3,1207.038,1487883269683,-1,-1,1206.471,1487883269119
4,16,7,0.3,1,0,1,1210.105,1487883272750,-1,-1,1209.572,1487883272219
4,17,7,0.3,1,2,0,1213.205,1487883275850,-1,-1,1212.638,1487883275286
4,18,7,0.3,1,0,1,1216.272,1487883278917,-1,-1,1215.705,1487883278354
4,19,7,0.3,0,2,1,1219.339,1487883281984,1220.339,1487883282984,1218.806,1487883281453
4,20,7,0.3,1,1,1,1222.439,1487883285084,1223.04,1487883285685,1221.872,1487883284520
4,21,7,0.3,1,2,1,1225.506,1487883288151,-1,-1,1224.972,1487883287622
4,22,7,0.3,1,0,2,1228.573,1487883291218,-1,-1,1228.039,1487883290687
4,23,7,0.3,0,1,1,1231.64,1487883294285,-1,-1,1231.106,1487883293754
4,24,7,0.3,0,0,2,1234.74,1487883297385,1236.607,1487883299252,1234.173,1487883296821
4,25,7,0.3,1,2,0,1237.806,1487883300451,-1,-1,1237.24,1487883299887
4,26,7,0.3,1,1,1,1240.84,1487883303485,1241.407,1487883304052,1240.307,1487883302954
4,27,7,0.3,1,1,1,1243.874,1487883306518,1244.307,1487883306952,1243.341,1487883305988
4,28,7,0.3,1,1,1,1246.94,1487883309585,1247.374,1487883310019,1246.407,1487883309056
