%Recollect Version 2.0. Scene/Level: span2_intro, Game Number: 165
%Note: All true/false values are represented as "1" and "0" respectively.
%Damage:1,Player X Position,Player Y Position,Hearts Left,Time (Relative),Time (Absolute)
%SpanCollectionOrder:6,Time (R),Time (A),Is Reversed. (Arrangement order is from bottom left to top right)
%SpanArrangementOrder:7,[Array of Span Types] (Order is from bottom left to top right). 
%SpanPlayerInput:8,beginTime,endTime,[Array of Positions in Arrangment Pressed, followed by time]
6,0.00000,1479500516323.58,1,0,4,3,1
7,0,3,1,5,4,6
6,13.20520,1479500529496.31,1,5,2,0,4
7,6,1,5,2,4,0
8,5.70520,13.20520,0,6.71722,4,7.01715,1,8.05066,2,8.18402
6,25.34521,1479500541630.35,0,2,5,0,4
7,2,4,5,7,6,0
8,17.86523,25.34521,2,20.41797,3,20.71857,5,21.38477,4,21.55139
6,37.92523,1479500554230.73,1,1,5,7,4,2
7,5,6,1,4,7,7,2
8,30.42523,37.92523,0,32.28583,2,32.48596,5,33.01886,1,33.11871
6,49.80524,1479500566098.09,1,7,5,2,3,4
7,4,7,7,3,5,1,2
8,42.30524,49.80524,2,44.18604,0,44.41931,5,44.81927,3,44.98608,6,45.18604
6,62.06525,1479500578365.66,0,6,0,3,5,2
7,7,5,3,1,2,0,6
8,54.58521,62.06525,1,55.98663,4,56.15332,6,57.18671,3,57.32019,0,57.48663
6,74.50525,1479500590799.47,0,0,5,1,3,2,4
7,5,0,4,2,3,6,1,6
8,67.00525,74.50525,6,69.52069,5,69.72070,2,70.28741,1,70.62103,4,70.85425
6,86.62524,1479500602933.51,1,6,0,2,7,5,3
7,3,6,2,7,7,5,0,4
8,79.12524,86.62524,1,80.68811,0,80.88800,6,82.55481,4,83.02161,3,83.92169,2,84.12152
6,98.78522,1479500615067.88,0,0,1,7,5,3,6
7,7,1,0,4,5,6,3,6
8,91.28522,98.78522,1,93.78876,4,94.05548,2,94.88892,3,95.05554,7,95.18878,6,95.32227,0,95.45618,5,95.68909,7,95.78882,3,95.88940,5,96.18878,4,96.25568,5,96.38898,2,96.62231,7,96.75653,3,96.88910,7,97.02252,7,97.18884,7,97.45569
6,111.36520,1479500627668.31,1,4,5,2,6,7,3
7,5,2,0,3,6,7,7,4
8,103.86520,111.36520,2,105.78940,1,105.95610,0,107.68960,4,107.92290,6,108.95700,5,109.12290
6,123.22530,1479500639535.63,1,1,5,6,2,0,4
7,5,4,7,1,3,0,6,2
8,115.74520,123.22530,7,118.29010,0,118.52360,1,119.15750,4,119.62350,6,121.05680,3,121.39080
6,135.50520,1479500651802.98,1,2,7,5,6,1,4
7,7,5,6,6,0,4,1,2
8,128.02520,135.50520,3,130.45750,0,130.72420,7,131.52440,6,131.72420,7,132.42430,2,133.35800,5,133.69160,2,134.05830
8,140.44530,147.92520,7,142.95820,0,143.15810,1,143.99160,2,144.45830,6,145.55890,5,145.72500
