%Recollect Version 2.0. Scene/Level: multi2_inter, Game Number: 047
%Note: All true/false values are represented as "1" and "0" respectively.
%Damage:1,Player X Position,Player Y Position,Hearts Left,Time (Relative),Time (Absolute)
%MultiObjectBugListChanged:5,[Array of Bug Types]
%BugPositions:3,Time (Relative),Time (Absolute),(For Each Bug:)Bug Color,Bug Position X,Bug Position Y
%MultiObjectTask:4,Matched Correctly,Was Collected,Flower Type,Reveal Time (R),Reveal Time (A),Pollenation Time (R) (-1.0 = unpollenated),Pollenation Time (A) (-1.0 = unpollenated),Death Time (R),Death Time (A)
%Possible values for "Flower Types":Red=0,Green=1,Blue=2,Yellow=3,White=4,Magenta=5,
5,4,1,3,5
3,0,1478031089927.07,4,0.07499999,0.7666667,1,0.375,0.5666667,3,0.575,0.7666667,5,0.825,0.5
3,1.016724,1478031090891.88,4,0.1293728,0.7201877,1,0.2881419,0.6775767,3,0.6749386,0.6559924,5,0.9473659,0.6551723
3,2.050171,1478031091925.52,4,0.05736133,0.6342586,1,0.3078094,0.6329988,3,0.6754054,0.7122628,5,0.8473772,0.7494798
3,3.083374,1478031092958.76,4,0.1276181,0.6212447,1,0.3534321,0.6940066,3,0.5898299,0.7078186,5,0.9469122,0.744714
3,4.083862,1478031093960.72,4,0.1590963,0.57347,1,0.4063013,0.7576883,3,0.4971564,0.5990015,5,0.8384649,0.6077026
3,5.116943,1478031094994.18,4,0.1253211,0.7737171,1,0.3552508,0.6990253,3,0.687266,0.815962,5,0.8513703,0.7639608
4,1,1,4,2.08691,3.68689,1478031093591.4,5.48694,1478031095392.17
3,6.117065,1478031095994.73,4,0.1600643,0.7963344,1,0.3143551,0.8704913,3,0.6175766,0.7974837,5,0.9229544,0.7436079
3,7.117188,1478031096994.47,4,0.09365773,0.6523698,1,0.2090832,0.7878694,3,0.4674785,0.6238809,5,0.7783824,0.6219418
3,8.117188,1478031097995.19,4,0.1520884,0.5692683,1,0.2658254,0.7283866,3,0.6697097,0.6930201,5,0.9369271,0.7889093
3,9.117188,1478031098995.12,4,0.1698952,0.7837638,1,0.4198878,0.8592134,3,0.5865259,0.7450721,5,0.9296007,0.6599582
3,10.11719,1478031099994.64,4,0.1871295,0.6540315,1,0.6590345,0.3464386,3,0.6071768,0.7036001,5,0.7771878,0.6127915
3,11.11731,1478031100994.92,4,0.1240654,0.6185782,1,0.3398075,0.6321962,3,0.5847473,0.7747285,5,0.7512894,0.7073691
4,1,1,1,8.08691,10.02686,1478031099925.65,11.48694,1478031101392.75
3,12.11743,1478031101995.36,4,0.1494575,0.6747329,1,0.2728221,0.8256615,3,0.6409719,0.8085337,5,0.9535618,0.7786309
3,13.15088,1478031103028.4,4,0.1543298,0.7901163,1,0.4308217,0.8008334,3,0.6901352,0.8048983,5,0.8591495,0.707103
3,14.15088,1478031104028.81,4,0.2277613,0.7423327,1,0.4992442,0.7715023,3,0.6480339,0.7505448,5,0.9345641,0.7708521
3,15.18494,1478031105062,4,0.2086916,0.73132,1,0.4095247,0.8132007,3,0.7428169,0.8174751,5,0.9058704,0.7152531
3,16.21777,1478031106095.54,4,0.2654631,0.7399098,1,0.4244807,0.7203564,3,0.6139014,0.6728681,5,0.7715442,0.5259193
3,17.2511,1478031107128.68,4,0.1557541,0.7742876,1,0.4563212,0.697087,3,0.5858026,0.5808305,5,0.8813958,0.8158548
3,18.2511,1478031108128.75,4,0.1141467,0.6299084,1,0.4924264,0.7690179,3,0.6194086,0.6173094,5,0.8851223,0.7773885
4,1,1,5,14.06689,15.96692,1478031105859.54,18.26685,1478031108159.97
5,4,1,3,5,0
3,19.25122,1478031109128.94,4,0.1795478,0.7378255,1,0.350081,0.6611086,3,0.7212229,0.7337742,5,0.9107261,0.7122089,0,0.06353903,0.5799673
3,20.25122,1478031110128.93,4,0.144763,0.7648466,1,0.3548317,0.7960854,3,0.720109,0.7857333,5,0.872128,0.7292421,0,0.07781696,0.5824333
3,21.25122,1478031111129.05,4,0.1560068,0.8437813,1,0.2765818,0.7250323,3,0.6224432,0.65973,5,0.9279909,0.6396515,0,0.06785297,0.6570016
3,22.25134,1478031112129.14,4,0.09068346,0.7944396,1,0.3380761,0.7881737,3,0.6405773,0.818821,5,0.8382006,0.5760142,0,0.1461873,0.5623495
3,23.28467,1478031113161.59,4,0.06119394,0.6962953,1,0.3732533,0.6579968,3,0.6292458,0.7869548,5,0.8143392,0.6893011,0,0.2226911,0.6379471
3,24.28479,1478031114162.03,4,0.1537538,0.7610913,1,0.4108562,0.7122523,3,0.5898423,0.6946908,5,0.8747544,0.7144971,0,0.2671561,0.6306342
3,25.31812,1478031115195.69,4,0.2211127,0.7112226,1,0.5212026,0.7171337,3,0.707016,0.6587151,5,0.935163,0.6977429,0,0.3646655,0.6394997
3,26.31824,1478031116195.88,4,0.2029362,0.7232881,1,0.6266909,0.7709048,3,0.7762599,0.7852116,5,0.9295044,0.7650597,0,0.4523716,0.7277896
3,27.31824,1478031117195.74,4,0.1313229,0.6914828,1,0.5979772,0.6900671,3,0.8005505,0.7454484,5,0.9493971,0.7690108,0,0.289938,0.6030378
3,28.35156,1478031118229.37,4,0.1910219,0.7211329,1,0.5230446,0.6035282,3,0.7138762,0.635619,5,0.9114666,0.793307,0,0.3378181,0.6544147
3,29.35168,1478031119229.68,4,0.2037368,0.773938,1,0.5533895,0.6040024,3,0.7229443,0.813136,5,0.877821,0.7580144,0,0.4151759,0.7414239
4,1,1,3,26.08691,28.42688,1478031118326.75,30.00684,1478031119894.26
3,30.35181,1478031120229.77,4,0.108408,0.6447524,1,0.6186991,0.5745364,3,0.6183352,0.7741982,5,0.9418168,0.6643444,0,0.4122262,0.7421164
3,31.38513,1478031121262.59,4,0.08860302,0.7248508,1,0.737545,0.5709224,3,0.6994743,0.7534099,5,0.9590011,0.6876486,0,0.2886095,0.6507689
3,32.38525,1478031122261.81,4,0.1868677,0.7737821,1,0.6761336,0.6654512,3,0.4695611,0.6956263,5,0.8945565,0.7748711,0,0.3496475,0.5653366
3,33.3855,1478031123262.85,4,0.2611527,0.7842434,1,0.6082063,0.6012259,3,0.4256926,0.6997766,5,0.8355279,0.5264232,0,0.3084021,0.5763268
3,34.41858,1478031124296.05,4,0.2963567,0.7838328,1,0.6815534,0.6234504,3,0.5934334,0.7847917,5,0.8948789,0.7768821,0,0.2978888,0.5746446
3,35.4187,1478031125296.13,4,0.382884,0.7832628,1,0.7524543,0.7011576,3,0.5465055,0.7302055,5,0.9047527,0.7596652,0,0.3111706,0.5758309
4,1,1,5,32.10693,33.38684,1478031123293.87,35.48694,1478031125393.8
3,36.4187,1478031126296.43,4,0.4591026,0.6831123,1,0.7144465,0.6677942,3,0.5904937,0.779897,5,0.8698783,0.7627161,0,0.1907406,0.702085
3,37.41882,1478031127296.27,4,0.3878956,0.7156745,1,0.7487454,0.7967361,3,0.5634952,0.7824824,5,0.9544883,0.7030104,0,0.07031059,0.6837761
3,38.41907,1478031128296.81,4,0.2870264,0.6506637,1,0.6865015,0.7185705,3,0.3711958,0.846971,5,0.7857809,0.5617764,0,0.1265473,0.5717991
3,39.41992,1478031129298.14,4,0.2800474,0.6332037,1,0.5932293,0.7448499,3,0.3347225,0.8190511,5,0.7939835,0.7799259,0,0.1127148,0.5848376
1,167.26330,2.38657,2,40.28687,1478031130194.28
3,40.45264,1478031130330.07,4,0.1943598,0.5814778,1,0.5551796,0.5983281,3,0.3758287,0.7350253,5,0.8137579,0.7557947,0,0.2970963,0.4362668
4,1,1,0,38.06689,39.90686,1478031129794.94,41.46692,1478031131361.05
5,4,1,3,5,0,2
3,41.48572,1478031131372.46,4,0.09159565,0.6672409,1,0.5935259,0.6029958,3,0.4532518,0.7520971,5,0.7577953,0.6905786,0,0.37323,0.5561486,2,-0.02499962,0.5
3,42.51917,1478031132397.18,4,0.07232094,0.7864276,1,0.7000027,0.6971888,3,0.5480003,0.717901,5,0.8734179,0.7393563,0,0.2191496,0.5396328,2,0.07338619,0.5646265
3,43.51917,1478031133397.78,4,0.2650423,0.8771939,1,0.7611008,0.7778185,3,0.6481409,0.6454152,5,0.9355574,0.624068,0,0.133563,0.7035229,2,0.0308094,0.5580673
3,44.51929,1478031134396.65,4,0.3221989,0.8126605,1,0.6331301,0.7342417,3,0.5458574,0.5652175,5,0.7781248,0.6246784,0,0.1101942,0.76366,2,0.09670734,0.5586708
3,45.55273,1478031135430.4,4,0.3077898,0.7367604,1,0.6615057,0.7615579,3,0.4915609,0.648186,5,0.8044405,0.4441708,0,0.05921078,0.6915466,2,0.1923733,0.6002966
3,46.58618,1478031136463.85,4,0.2512188,0.7676103,1,0.7920084,0.6557423,3,0.5080242,0.6362814,5,0.5879526,0.4716023,0,0.04888821,0.6957305,2,0.1626816,0.5659074
4,1,1,5,44.10693,45.22693,1478031135127.72,47.48694,1478031137394.88
3,47.61951,1478031137497.63,4,0.1936417,0.7594581,1,0.7916212,0.7278521,3,0.436018,0.712601,5,0.6587114,0.6358692,0,0.05439377,0.686015,2,0.224431,0.5639505
3,48.61951,1478031138497.21,4,0.1836357,0.7831444,1,0.8372269,0.7417747,3,0.4066181,0.7613757,5,0.674964,0.6719084,0,0.1032982,0.6146823,2,0.2507858,0.5752893
3,49.61951,1478031139497.77,4,0.2185478,0.7706016,1,0.7889471,0.7797171,3,0.6042576,0.6815236,5,0.9263248,0.7003281,0,0.07076645,0.5791415,2,0.2207422,0.5684676
3,50.61963,1478031140497,4,0.2294884,0.7840874,1,0.7480192,0.7368772,3,0.5583467,0.7237805,5,0.9422722,0.7613332,0,0.08466053,0.7030055,2,0.2738314,0.5883611
3,51.61963,1478031141497.1,4,0.2727871,0.778006,1,0.6489983,0.7367137,3,0.4819136,0.757009,5,0.8623428,0.6909863,0,0.1110735,0.7377233,2,0.3325901,0.5922779
3,52.61975,1478031142497.13,4,0.287014,0.7729289,1,0.6335373,0.6799734,3,0.5253944,0.5239336,5,0.8899574,0.6871159,0,0.1055765,0.640543,2,0.2752161,0.565461
3,53.62061,1478031143498.03,4,0.3374825,0.7899949,1,0.5681152,0.5801854,3,0.3813534,0.3924233,5,0.8393621,0.7757704,0,0.1045618,0.6396068,2,0.2914677,0.5768314
5,4,1,5,0,2
3,54.6532,1478031144530.96,4,0.4307508,0.7305651,1,0.5604334,0.6040919,5,0.7121954,0.7082455,0,0.04913235,0.7225471,2,0.187151,0.6450701
3,55.6532,1478031145530.8,4,0.5029554,0.7291195,1,0.6405897,0.6374442,5,0.7857428,0.7534988,0,0.0913353,0.5997795,2,0.2847013,0.687409
3,56.65332,1478031146530.7,4,0.4347849,0.7871344,1,0.4775686,0.567534,5,0.7106524,0.680649,0,0.1342793,0.6169701,2,0.3024244,0.670674
3,57.68665,1478031147563.37,4,0.3596373,0.7911031,1,0.3623075,0.5742397,5,0.7710114,0.3668063,0,0.06580925,0.7146382,2,0.2121201,0.7570203
3,58.68665,1478031148563.32,4,0.3975258,0.7864439,1,0.3952818,0.586403,5,0.8742819,0.7242395,0,0.05802631,0.6080888,2,0.2061882,0.7554305
4,1,1,5,56.06689,57.36682,1478031147261.91,59.44690,1478031149329.94
3,59.68677,1478031149563.61,4,0.5023813,0.7039972,1,0.7035389,0.7572486,5,0.9481068,0.7333663,0,0.09704208,0.6054423,2,0.2786484,0.7110003
3,60.68677,1478031150563.15,4,0.5464506,0.6114876,1,0.7957964,0.7101905,5,0.9396811,0.7937052,0,0.1299133,0.6587566,2,0.3903046,0.7372012
3,61.68677,1478031151563.5,4,0.5869856,0.6906536,1,0.6896563,0.836446,5,0.8758554,0.7045752,0,0.08313179,0.7738905,2,0.2746859,0.7188017
3,62.68689,1478031152563.99,4,0.5413504,0.7363649,1,0.7381992,0.7887297,5,0.7446404,0.5892404,0,0.02566338,0.6930612,2,0.161788,0.7767364
3,63.72034,1478031153597.6,4,0.4364977,0.7625147,1,0.8011427,0.704331,5,0.9456377,0.7983983,0,0.1124363,0.5657377,2,0.497261,0.5029442
3,64.72034,1478031154597.68,4,0.3169832,0.6976116,1,0.6752224,0.6278883,5,0.8490372,0.7498133,0,0.1910048,0.5896742,2,0.5527067,0.4455405
3,65.72046,1478031155596.76,4,0.2905655,0.7837936,1,0.5535336,0.7689822,5,0.7786331,0.661015,0,0.0896883,0.6424509,2,0.3598146,0.4522271
5,4,1,5,0
3,66.72046,1478031156597.14,4,0.2916183,0.7787268,1,0.4412489,0.7864339,5,0.707756,0.7626311,0,0.0703249,0.6026986
3,67.72119,1478031157597.81,4,0.2665253,0.7704096,1,0.5040913,0.7419744,5,0.6536636,0.7715864,0,0.1266174,0.6217422
3,68.75391,1478031158630.99,4,0.2862797,0.7864216,1,0.595645,0.7088068,5,0.8451252,0.6587452,0,0.2019567,0.6193025
3,69.78723,1478031159664.92,4,0.2003098,0.6680768,1,0.6840105,0.5714127,5,0.8223209,0.5103279,0,0.06369495,0.5861297
3,70.78735,1478031160664.5,4,0.2700338,0.5936618,1,0.6074772,0.6193495,5,0.5471573,0.4324432,0,0.1104603,0.6695916
4,1,1,5,68.08691,69.10693,1478031158995.38,71.46692,1478031161362.28
5,4,1,5,0,3
3,71.78748,1478031161664.6,4,0.3561525,0.6744998,1,0.5245028,0.7590846,5,0.8213921,0.7047675,0,0.08768082,0.6975476,3,-0.0006847382,0.5363966
3,72.78748,1478031162664.8,4,0.3313103,0.7403578,1,0.5691042,0.7199879,5,0.9430714,0.7187918,0,0.1808615,0.7869274,3,0.102623,0.6174653
3,73.7876,1478031163664.96,4,0.4352989,0.6658313,1,0.6573763,0.6715336,5,0.8943424,0.7013294,0,0.2097521,0.736428,3,0.132575,0.5651617
3,74.8208,1478031164697.75,4,0.3935604,0.8313949,1,0.7569323,0.8017617,5,0.93923,0.7088875,0,0.2416515,0.844462,3,0.1578693,0.6163092
3,75.82092,1478031165697.49,4,0.4721603,0.7836596,1,0.7750444,0.7782345,5,0.9109888,0.6940213,0,0.1589022,0.7812577,3,0.08450031,0.6057613
3,76.82129,1478031166698.02,4,0.5622807,0.6545517,1,0.731286,0.7390711,5,0.8565989,0.5698532,0,0.04955006,0.7605955,3,0.04808331,0.56003
1,313.43550,5.68273,1,76.82690,1478031166729.38
5,1,5,0,3
4,0,1,0,74.10693,-1.00000,-1,77.50684,1478031167401.43
