%Recollect Version 2.0. Scene/Level: span2_intro, Game Number: 096
%Note: All true/false values are represented as "1" and "0" respectively.
%Damage:1,Player X Position,Player Y Position,Hearts Left,Time (Relative),Time (Absolute)
%SpanCollectionOrder:6,Time (R),Time (A),Is Reversed. (Arrangement order is from bottom left to top right)
%SpanArrangementOrder:7,[Array of Span Types] (Order is from bottom left to top right). 
%SpanPlayerInput:8,beginTime,endTime,[Array of Positions in Arrangment Pressed, followed by time]
6,0.00000,1478639151656.84,1,2,6,5,0
7,4,6,0,6,5,2
6,13.21295,1478639164831.86,0,7,6,5,0
7,5,6,7,7,0,3
8,5.71295,13.21295,5,8.25055,1,8.48383,4,9.15125,2,9.51721
6,25.35297,1478639176998.81,0,3,2,1,6
7,6,0,1,2,7,3
8,17.87299,25.35297,2,19.95111,1,20.18488,0,20.55121,4,20.71783
6,37.93298,1478639189566.48,0,2,0,6,3,5
7,6,0,5,6,2,3,7
8,30.43298,37.93298,5,32.85193,3,33.08527,2,33.55316,0,33.81903
6,49.81299,1478639201433.95,0,1,0,4,2,3
7,4,2,0,6,3,6,1
8,42.31299,49.81299,4,43.71924,1,43.98590,0,44.21924,5,44.51990,2,44.71942
6,62.07300,1478639213701.19,0,1,4,3,6,2
7,4,3,2,1,6,5,7
8,54.59296,62.07300,6,57.12000,2,57.31995,0,57.75330,4,58.82025,1,59.02014,4,59.22009
6,74.51300,1478639226135.45,0,2,6,5,4,7
7,7,7,1,5,6,4,2
8,67.01300,74.51300,3,69.52069,0,69.85400,1,70.45404,4,70.72137,2,71.02069
6,86.63300,1478639238268.9,0,7,0,2,5,6
7,7,7,5,0,2,6,4
8,79.13300,86.63300,6,81.72131,4,82.02222,3,82.48804,5,82.72144,1,83.02136
6,98.79297,1478639250436.54,0,5,7,6,3,0
7,5,3,4,7,0,7,6
8,91.29297,98.79297,0,92.68860,3,93.85535,4,94.22205,5,94.75543,2,94.92242,5,95.52216
6,111.37300,1478639264237.12,1,5,1,7,3
7,1,6,5,3,4,7
8,103.87300,111.37300,0,105.22260,5,105.68950,6,106.38940,4,106.82280,1,107.25600,4,107.45620
