%Recollect Version 2.3. Scene/Level: , Game Number: 000
%Note: All true/false values are represented as "1" and "0" respectively.
%Damage:1,Player X Position,Player Y Position,Hearts Left,Time (Relative),Time (Absolute)
%LameBackObject:Algorithm Condition,Trial Number,Current N Level,Lure Rate,Is Correct,Stimulus Type,Stimulus Color,Presentation Time (R),Presentation Time (A),Response Time (R),Response Time (A),Expire Time (R),Expire Time (A)
%Possible values for "Color":Red=0,Blue=1,Green=2,Yellow=3,Purple=4,LightBlue=5,Brown=6,White=7,
%Possible values for "Type":NonTarget=0,Target=1,Lure=2,lessThanN=3,
8,1,2,0.3,1,3,1,15.55436,1487118926236,-1,-1,15.02114,1487118925704
8,2,2,0.3,1,3,0,18.55459,1487118929237,-1,-1,18.05456,1487118928739
8,3,2,0.3,1,2,0,21.55477,1487118932237,-1,-1,21.05473,1487118931740
8,4,2,0.3,1,1,0,24.55492,1487118935237,25.15514,1487118935837,24.05489,1487118934740
8,5,2,0.3,1,0,3,27.55519,1487118938237,-1,-1,27.05495,1487118937740
8,6,2,0.3,1,2,3,30.55526,1487118941237,-1,-1,30.05524,1487118940741
8,7,2,0.3,1,1,3,33.58877,1487118944271,34.12242,1487118944805,33.05586,1487118943740
8,8,2,0.3,1,0,1,36.58893,1487118947271,-1,-1,36.08891,1487118946775
8,9,2,0.3,1,0,0,39.6224,1487118950304,-1,-1,39.08908,1487118949774
8,10,2,0.3,1,1,1,42.65593,1487118953338,43.28932,1487118953972,42.12267,1487118952808
8,11,2,0.3,1,0,3,45.6566,1487118956339,-1,-1,45.15608,1487118955841
8,12,2,0.3,1,1,1,48.723,1487118959405,49.29002,1487118959972,48.18958,1487118958874
8,13,2,0.3,1,2,1,51.75645,1487118962439,-1,-1,51.22309,1487118961908
8,14,2,0.3,1,0,2,54.78997,1487118965472,-1,-1,54.25659,1487118964942
8,15,2,0.3,1,0,0,57.85671,1487118968539,-1,-1,57.29012,1487118967976
8,16,2,0.3,1,2,1,60.89031,1487118971572,-1,-1,60.35702,1487118971042
8,17,2,0.3,1,1,0,63.92435,1487118974606,64.59081,1487118975273,63.39053,1487118974075
8,18,2,0.3,1,2,0,66.99062,1487118977673,-1,-1,66.45728,1487118977142
8,19,2,0.3,0,1,0,70.02415,1487118980706,-1,-1,69.49078,1487118980175
8,20,2,0.3,1,2,1,73.05766,1487118983740,-1,-1,72.52429,1487118983210
8,21,2,0.3,1,0,2,76.09117,1487118986773,-1,-1,75.55819,1487118986243
8,22,2,0.3,1,0,3,79.12481,1487118989807,-1,-1,78.59138,1487118989278
8,1,2,0.3,1,3,0,97.47569,1487119008158,-1,-1,96.97566,1487119007658
8,2,2,0.3,1,3,1,100.2425,1487119010925,-1,-1,99.74248,1487119010428
8,3,2,0.3,1,1,0,103.0093,1487119013692,103.743,1487119014425,102.5093,1487119013194
8,4,2,0.3,1,1,1,105.7762,1487119016459,106.4096,1487119017092,105.2761,1487119015961
8,5,2,0.3,1,0,2,108.543,1487119019225,-1,-1,108.0431,1487119018728
8,6,2,0.3,1,1,1,111.3099,1487119021992,111.9434,1487119022626,110.8104,1487119021495
8,7,2,0.3,1,2,1,114.0766,1487119024759,-1,-1,113.5766,1487119024262
8,8,2,0.3,1,2,2,116.8435,1487119027526,-1,-1,116.344,1487119027028
8,9,2,0.3,1,0,3,119.6103,1487119030292,-1,-1,119.1102,1487119029795
8,10,2,0.3,1,0,0,122.3774,1487119033060,-1,-1,121.8771,1487119032562
8,11,2,0.3,1,1,3,125.1439,1487119035826,125.6775,1487119036360,124.6445,1487119035329
8,12,2,0.3,1,1,0,127.9109,1487119038593,128.4442,1487119039127,127.4108,1487119038097
8,13,2,0.3,1,2,0,130.6776,1487119041360,-1,-1,130.1775,1487119040863
8,14,2,0.3,1,0,2,133.4444,1487119044126,-1,-1,132.9444,1487119043629
8,15,2,0.3,1,2,2,136.2113,1487119046893,-1,-1,135.7113,1487119046396
8,16,2,0.3,1,0,1,138.978,1487119049660,-1,-1,138.4781,1487119049163
8,17,2,0.3,1,0,3,141.7449,1487119052427,-1,-1,141.2448,1487119051931
8,18,2,0.3,1,0,0,144.5117,1487119055194,-1,-1,144.0116,1487119054696
8,19,2,0.3,1,2,0,147.2785,1487119057961,-1,-1,146.7785,1487119057463
8,20,2,0.3,1,0,1,150.0453,1487119060727,-1,-1,149.5453,1487119060230
8,21,2,0.3,1,1,0,152.8122,1487119063494,153.4457,1487119064128,152.3121,1487119062997
8,22,2,0.3,1,2,0,155.579,1487119066262,-1,-1,155.0789,1487119065765
8,1,2,0.3,1,3,0,173.5801,1487119084262,-1,-1,173.1466,1487119083829
8,2,2,0.3,1,3,2,176.0468,1487119086729,-1,-1,175.6134,1487119086298
8,3,2,0.3,1,0,1,178.5136,1487119089196,-1,-1,178.0802,1487119088765
8,4,2,0.3,1,0,0,180.9805,1487119091663,-1,-1,180.547,1487119091232
8,5,2,0.3,1,2,2,183.4472,1487119094129,-1,-1,183.0138,1487119093699
8,6,2,0.3,1,0,3,185.914,1487119096596,-1,-1,185.4807,1487119096166
8,7,2,0.3,1,1,2,188.3808,1487119099063,188.9809,1487119099663,187.9474,1487119098633
8,8,2,0.3,1,0,0,190.8476,1487119101530,-1,-1,190.4142,1487119101099
8,9,2,0.3,1,2,3,193.3144,1487119103996,-1,-1,192.8812,1487119103566
8,10,2,0.3,1,1,0,195.7814,1487119106463,196.3814,1487119107064,195.3479,1487119106034
8,11,2,0.3,1,1,3,198.2481,1487119108930,198.8814,1487119109564,197.8147,1487119108499
8,12,2,0.3,1,1,0,200.7148,1487119111397,201.2148,1487119111897,200.2815,1487119110967
8,13,2,0.3,1,2,0,203.1824,1487119113864,-1,-1,202.7483,1487119113433
8,14,2,0.3,1,2,3,205.6485,1487119116331,-1,-1,205.2151,1487119115900
8,15,2,0.3,1,0,1,208.1152,1487119118798,-1,-1,207.6819,1487119118368
8,16,2,0.3,1,2,0,210.5821,1487119121264,-1,-1,210.1487,1487119120833
8,17,2,0.3,1,1,1,213.0489,1487119123731,213.7159,1487119124398,212.6155,1487119123300
8,18,2,0.3,1,0,3,215.5157,1487119126198,-1,-1,215.0823,1487119125767
8,19,2,0.3,1,0,2,217.9832,1487119128665,-1,-1,217.5496,1487119128234
8,20,2,0.3,1,0,0,220.4499,1487119131132,-1,-1,220.0159,1487119130703
8,21,2,0.3,1,2,3,222.9161,1487119133598,-1,-1,222.4829,1487119133167
8,22,2,0.3,1,1,0,225.3829,1487119136065,225.9828,1487119136665,224.9495,1487119135635
8,1,2,0.3,1,3,0,243.0839,1487119153766,-1,-1,242.6839,1487119153366
8,2,2,0.3,1,3,3,245.3173,1487119155999,-1,-1,244.9173,1487119155602
8,3,2,0.3,1,2,3,247.5509,1487119158233,-1,-1,247.1509,1487119157837
8,4,2,0.3,1,1,3,249.7843,1487119160466,250.551,1487119161233,249.3842,1487119160069
8,5,2,0.3,1,2,1,252.0177,1487119162700,-1,-1,251.6177,1487119162302
8,6,2,0.3,1,0,2,254.2517,1487119164934,-1,-1,253.8512,1487119164536
8,7,2,0.3,1,0,0,256.4847,1487119167167,-1,-1,256.0848,1487119166769
8,8,2,0.3,1,1,2,258.7181,1487119169400,259.3519,1487119170034,258.318,1487119169004
8,9,2,0.3,1,2,2,260.9515,1487119171634,-1,-1,260.5515,1487119171236
8,10,2,0.3,1,2,0,263.1851,1487119173867,-1,-1,262.7852,1487119173470
8,11,2,0.3,1,1,2,265.4184,1487119176100,266.0519,1487119176734,265.0184,1487119175703
8,12,2,0.3,1,0,3,267.652,1487119178334,-1,-1,267.2521,1487119177937
8,13,2,0.3,1,0,1,269.8854,1487119180567,-1,-1,269.4854,1487119180172
8,14,2,0.3,1,2,1,272.1188,1487119182801,-1,-1,271.7188,1487119182403
8,15,2,0.3,1,0,0,274.3523,1487119185034,-1,-1,273.9523,1487119184637
8,16,2,0.3,1,1,1,276.5858,1487119187268,277.1527,1487119187835,276.1861,1487119186871
8,17,2,0.3,1,1,0,278.8192,1487119189501,279.7862,1487119190469,278.4192,1487119189104
8,18,2,0.3,1,0,3,281.0527,1487119191735,-1,-1,280.6526,1487119191339
8,19,2,0.3,1,2,3,283.2861,1487119193968,-1,-1,282.8862,1487119193571
8,20,2,0.3,1,0,2,285.5198,1487119196202,-1,-1,285.1199,1487119195804
8,21,2,0.3,1,0,1,287.753,1487119198435,-1,-1,287.3531,1487119198038
8,22,2,0.3,1,1,2,289.9865,1487119200669,290.5534,1487119201236,289.5865,1487119200271
8,1,2,0.3,1,3,3,307.3875,1487119218070,-1,-1,307.0541,1487119217737
8,2,2,0.3,1,3,2,309.3878,1487119220070,-1,-1,309.0542,1487119219739
8,3,2,0.3,1,0,0,311.3878,1487119222070,-1,-1,311.0544,1487119221739
8,4,2,0.3,1,0,3,313.3881,1487119224070,-1,-1,313.0545,1487119223739
8,5,2,0.3,1,2,2,315.3879,1487119226070,-1,-1,315.0548,1487119225740
8,6,2,0.3,1,2,0,317.3881,1487119228070,-1,-1,317.0548,1487119227739
8,7,2,0.3,1,0,1,319.3881,1487119230070,-1,-1,319.0548,1487119229740
8,8,2,0.3,1,1,0,321.3883,1487119232070,321.9553,1487119232638,321.0549,1487119231740
8,9,2,0.3,1,2,0,323.3884,1487119234071,-1,-1,323.0551,1487119233740
8,10,2,0.3,1,2,1,325.3885,1487119236071,-1,-1,325.0552,1487119235741
8,11,2,0.3,1,0,2,327.3887,1487119238071,-1,-1,327.0553,1487119237740
8,12,2,0.3,1,1,1,329.3887,1487119240071,329.9891,1487119240671,329.0554,1487119239741
8,13,2,0.3,1,2,1,331.3889,1487119242071,-1,-1,331.0554,1487119241740
8,14,2,0.3,1,0,3,333.389,1487119244071,-1,-1,333.0556,1487119243740
8,15,2,0.3,1,0,2,335.3893,1487119246071,-1,-1,335.0557,1487119245742
8,16,2,0.3,1,0,0,337.3891,1487119248071,-1,-1,337.0558,1487119247741
8,17,2,0.3,1,0,1,339.3898,1487119250072,-1,-1,339.056,1487119249741
8,18,2,0.3,1,1,0,341.3901,1487119252072,341.9899,1487119252672,341.0561,1487119251741
8,19,2,0.3,1,1,1,343.3895,1487119254072,343.923,1487119254605,343.0562,1487119253741
8,20,2,0.3,1,2,1,345.3902,1487119256072,-1,-1,345.0563,1487119255742
8,21,2,0.3,1,1,1,347.3898,1487119258072,347.9907,1487119258673,347.0566,1487119257742
8,22,2,0.3,1,1,1,349.39,1487119260072,350.0236,1487119260706,349.0565,1487119259742
8,1,2,0.3,1,3,1,366.5908,1487119277273,-1,-1,366.2575,1487119276940
8,2,2,0.3,1,3,3,368.4243,1487119279106,-1,-1,368.0911,1487119278776
8,3,2,0.3,1,0,0,370.2578,1487119280940,-1,-1,369.9243,1487119280610
8,4,2,0.3,1,1,3,372.0911,1487119282773,372.6247,1487119283307,371.7582,1487119282443
8,5,2,0.3,1,0,2,373.9246,1487119284607,-1,-1,373.5912,1487119284276
8,6,2,0.3,1,1,3,375.758,1487119286440,376.2915,1487119286974,375.4247,1487119286110
8,7,2,0.3,1,0,0,377.5914,1487119288274,-1,-1,377.2581,1487119287943
8,8,2,0.3,1,0,1,379.4249,1487119290107,-1,-1,379.0916,1487119289779
8,9,2,0.3,1,0,2,381.2584,1487119291940,-1,-1,380.925,1487119291610
8,10,2,0.3,1,1,1,383.0918,1487119293774,383.6253,1487119294308,382.7584,1487119293443
8,11,2,0.3,1,2,1,384.9252,1487119295607,-1,-1,384.5919,1487119295276
8,12,2,0.3,1,1,1,386.7593,1487119297442,387.3256,1487119298008,386.4252,1487119297110
8,13,2,0.3,1,1,1,388.5922,1487119299274,389.1921,1487119299874,388.2589,1487119298944
8,14,2,0.3,1,2,3,390.4257,1487119301108,-1,-1,390.0922,1487119300777
8,15,2,0.3,1,0,2,392.259,1487119302941,-1,-1,391.9256,1487119302610
8,16,2,0.3,1,0,0,394.0924,1487119304774,-1,-1,393.759,1487119304444
8,17,2,0.3,1,2,3,395.9258,1487119306608,-1,-1,395.5924,1487119306277
8,18,2,0.3,1,0,1,397.7593,1487119308441,-1,-1,397.426,1487119308112
8,19,2,0.3,1,2,1,399.5931,1487119310275,-1,-1,399.2593,1487119309944
8,20,2,0.3,1,1,1,401.4261,1487119312108,401.9265,1487119312609,401.0928,1487119311777
8,21,2,0.3,1,2,3,403.2596,1487119313942,-1,-1,402.9264,1487119313611
8,22,2,0.3,1,2,3,405.0931,1487119315775,-1,-1,404.7596,1487119315444
8,1,2,0.3,1,3,1,422.094,1487119332776,-1,-1,421.7939,1487119332476
8,2,2,0.3,1,3,3,423.7274,1487119334409,-1,-1,423.4278,1487119334113
8,3,2,0.3,1,2,3,425.361,1487119336043,-1,-1,425.0609,1487119335746
8,4,2,0.3,1,2,2,426.9942,1487119337676,-1,-1,426.6942,1487119337379
8,5,2,0.3,1,0,0,428.6277,1487119339310,-1,-1,428.3276,1487119339013
8,6,2,0.3,1,2,0,430.2612,1487119340943,-1,-1,429.9612,1487119340646
8,7,2,0.3,1,1,0,431.8945,1487119342577,432.3613,1487119343044,431.5945,1487119342279
8,8,2,0.3,1,0,1,433.5279,1487119344210,-1,-1,433.2279,1487119343912
8,9,2,0.3,1,1,0,435.1618,1487119345844,435.6949,1487119346377,434.8613,1487119345546
8,10,2,0.3,1,0,2,436.7948,1487119347477,-1,-1,436.4948,1487119347181
8,11,2,0.3,1,1,0,438.4282,1487119349110,438.9949,1487119349677,438.1282,1487119348813
8,12,2,0.3,1,2,0,440.0616,1487119350744,-1,-1,439.7621,1487119350448
8,13,2,0.3,1,0,1,441.695,1487119352377,-1,-1,441.395,1487119352080
8,14,2,0.3,1,0,3,443.3285,1487119354011,-1,-1,443.0288,1487119353713
8,15,2,0.3,1,2,0,444.962,1487119355644,-1,-1,444.662,1487119355348
8,16,2,0.3,1,0,2,446.5958,1487119357278,-1,-1,446.2953,1487119356981
8,17,2,0.3,1,0,1,448.2288,1487119358911,-1,-1,447.9288,1487119358613
8,18,2,0.3,1,1,2,449.8624,1487119360544,450.3291,1487119361011,449.5623,1487119360247
8,19,2,0.3,1,1,1,451.4956,1487119362178,452.0292,1487119362711,451.1956,1487119361880
8,20,2,0.3,1,2,1,453.1291,1487119363811,-1,-1,452.829,1487119363515
8,21,2,0.3,1,0,3,454.7626,1487119365445,-1,-1,454.4625,1487119365147
8,22,2,0.3,1,1,1,456.3959,1487119367078,456.9296,1487119367612,456.0959,1487119366781
8,1,2,0.3,1,3,1,473.1635,1487119383846,-1,-1,472.8972,1487119383580
8,2,2,0.3,1,3,3,474.6302,1487119385312,-1,-1,474.3636,1487119385049
8,3,2,0.3,1,0,2,476.097,1487119386779,-1,-1,475.8303,1487119386516
8,4,2,0.3,1,1,3,477.5638,1487119388246,478.0641,1487119388746,477.2971,1487119387982
8,5,2,0.3,1,2,3,479.0305,1487119389713,-1,-1,478.7638,1487119389449
8,6,2,0.3,1,0,1,480.4973,1487119391179,-1,-1,480.2306,1487119390915
8,7,2,0.3,1,2,1,481.964,1487119392646,-1,-1,481.6973,1487119392382
8,8,2,0.3,1,0,0,483.4307,1487119394113,-1,-1,483.1641,1487119393850
8,9,2,0.3,1,0,2,484.8975,1487119395580,-1,-1,484.6309,1487119395316
8,10,2,0.3,1,1,0,486.3643,1487119397046,486.8313,1487119397514,486.0975,1487119396782
8,11,2,0.3,1,1,2,487.831,1487119398513,488.3311,1487119399013,487.5648,1487119398249
8,12,2,0.3,1,0,1,489.2977,1487119399980,-1,-1,489.0311,1487119399716
8,13,2,0.3,1,1,2,490.7645,1487119401447,491.2993,1487119401982,490.4984,1487119401185
8,14,2,0.3,1,2,2,492.2313,1487119402913,-1,-1,491.9645,1487119402649
8,15,2,0.3,1,2,1,493.6979,1487119404380,-1,-1,493.4314,1487119404116
8,16,2,0.3,1,2,1,495.1647,1487119405847,-1,-1,494.8981,1487119405583
8,17,2,0.3,1,0,3,496.6315,1487119407314,-1,-1,496.3648,1487119407049
8,18,2,0.3,1,0,0,498.0983,1487119408780,-1,-1,497.8316,1487119408518
8,19,2,0.3,1,1,3,499.5651,1487119410247,500.0984,1487119410781,499.2987,1487119409984
8,20,2,0.3,1,0,2,501.0323,1487119411714,-1,-1,500.765,1487119411450
8,21,2,0.3,1,2,2,502.4985,1487119413181,-1,-1,502.2318,1487119412917
8,22,2,0.3,1,1,2,503.9652,1487119414647,504.4327,1487119415115,503.6987,1487119414383
8,1,2,0.3,1,3,1,519.0327,1487119429715,-1,-1,518.7995,1487119429482
8,2,2,0.3,1,3,3,520.3662,1487119431048,-1,-1,520.1329,1487119430818
8,3,2,0.3,1,0,0,521.6995,1487119432382,-1,-1,521.4662,1487119432151
8,4,2,0.3,1,0,2,523.033,1487119433715,-1,-1,522.8002,1487119433485
8,5,2,0.3,1,1,0,524.3664,1487119435048,524.9332,1487119435615,524.1331,1487119434820
8,6,2,0.3,1,0,3,525.7001,1487119436382,-1,-1,525.4664,1487119436151
8,7,2,0.3,1,0,1,527.0338,1487119437716,-1,-1,526.7999,1487119437485
8,8,2,0.3,1,2,0,528.3665,1487119439048,-1,-1,528.1332,1487119438818
8,9,2,0.3,1,1,1,529.7001,1487119440382,530.2003,1487119440882,529.4667,1487119440151
8,10,2,0.3,1,0,2,531.0334,1487119441715,-1,-1,530.8,1487119441485
8,11,2,0.3,1,1,1,532.3668,1487119443048,532.9669,1487119443649,532.1335,1487119442818
8,12,2,0.3,1,0,0,533.7003,1487119444382,-1,-1,533.4669,1487119444151
8,13,2,0.3,1,0,3,535.0336,1487119445715,-1,-1,534.8003,1487119445485
8,14,2,0.3,1,2,3,536.3671,1487119447049,-1,-1,536.1337,1487119446817
8,15,2,0.3,1,2,0,537.7004,1487119448382,-1,-1,537.4679,1487119448153
8,16,2,0.3,1,2,0,539.0339,1487119449716,-1,-1,538.8007,1487119449484
8,17,2,0.3,1,2,3,540.3673,1487119451049,-1,-1,540.1339,1487119450818
8,18,2,0.3,1,1,0,541.7009,1487119452382,542.201,1487119452883,541.4673,1487119452150
8,19,2,0.3,1,0,1,543.0341,1487119453716,-1,-1,542.8011,1487119453485
8,20,2,0.3,1,1,0,544.3675,1487119455049,544.9011,1487119455583,544.1342,1487119454819
8,21,2,0.3,1,2,0,545.7009,1487119456382,-1,-1,545.4676,1487119456152
8,22,2,0.3,1,1,0,547.0343,1487119457716,547.5344,1487119458216,546.8009,1487119457485
8,1,2,0.3,1,3,2,563.5021,1487119474184,-1,-1,563.2686,1487119473950
8,2,2,0.3,1,3,3,564.7354,1487119475417,-1,-1,564.5024,1487119475187
8,3,2,0.3,1,0,0,565.9687,1487119476650,-1,-1,565.7354,1487119476420
8,4,2,0.3,1,0,2,567.2021,1487119477884,-1,-1,566.9688,1487119477653
8,5,2,0.3,1,2,2,568.4355,1487119479117,-1,-1,568.2025,1487119478886
8,6,2,0.3,1,0,3,569.6689,1487119480351,-1,-1,569.4356,1487119480119
8,7,2,0.3,1,1,2,570.9029,1487119481584,571.5359,1487119482218,570.669,1487119481354
8,8,2,0.3,1,1,3,572.1357,1487119482817,572.6024,1487119483284,571.9024,1487119482588
8,9,2,0.3,1,2,3,573.3691,1487119484051,-1,-1,573.1358,1487119483820
8,10,2,0.3,1,2,2,574.6025,1487119485284,-1,-1,574.3692,1487119485053
8,11,2,0.3,1,0,1,575.8359,1487119486518,-1,-1,575.6026,1487119486287
8,12,2,0.3,1,0,0,577.0699,1487119487752,-1,-1,576.836,1487119487520
8,13,2,0.3,1,2,0,578.3027,1487119488984,-1,-1,578.0695,1487119488755
8,14,2,0.3,1,1,0,579.5361,1487119490218,580.0031,1487119490685,579.3029,1487119489987
8,15,2,0.3,1,1,0,580.7697,1487119491451,581.2369,1487119491919,580.5362,1487119491221
8,16,2,0.3,1,1,0,582.0029,1487119492685,582.4697,1487119493152,581.7696,1487119492454
8,17,2,0.3,1,2,3,583.2363,1487119493918,-1,-1,583.0031,1487119493688
8,18,2,0.3,1,0,1,584.4714,1487119495153,-1,-1,584.2364,1487119494922
8,19,2,0.3,1,0,2,585.7032,1487119496385,-1,-1,585.4703,1487119496154
8,20,2,0.3,1,0,0,586.9365,1487119497618,-1,-1,586.7032,1487119497387
8,21,2,0.3,1,2,1,588.1703,1487119498852,-1,-1,587.9365,1487119498621
8,22,2,0.3,1,1,0,589.4038,1487119500085,590.1701,1487119500852,589.17,1487119499855
8,1,2,0.3,1,3,0,605.7711,1487119516453,-1,-1,605.5376,1487119516219
8,2,2,0.3,1,3,2,606.9044,1487119517586,-1,-1,606.671,1487119517355
8,3,2,0.3,1,0,3,608.0378,1487119518719,-1,-1,607.8044,1487119518489
8,4,2,0.3,1,1,2,609.1711,1487119519853,609.6381,1487119520320,608.9379,1487119519622
8,5,2,0.3,1,2,2,610.3046,1487119520986,-1,-1,610.0713,1487119520757
8,6,2,0.3,1,0,1,611.4384,1487119522120,-1,-1,611.2046,1487119521889
8,7,2,0.3,1,2,1,612.5718,1487119523253,-1,-1,612.338,1487119523022
8,8,2,0.3,1,2,2,613.7047,1487119524386,-1,-1,613.4714,1487119524155
8,9,2,0.3,1,0,3,614.8381,1487119525520,-1,-1,614.6048,1487119525290
8,10,2,0.3,1,1,2,615.9716,1487119526653,616.4053,1487119527087,615.7382,1487119526422
8,11,2,0.3,1,0,1,617.1049,1487119527787,-1,-1,616.8715,1487119527557
8,12,2,0.3,1,0,0,618.2383,1487119528920,-1,-1,618.005,1487119528689
8,13,2,0.3,1,1,1,619.3718,1487119530053,619.8719,1487119530554,619.1385,1487119529824
8,14,2,0.3,1,1,0,620.5056,1487119531187,620.9718,1487119531654,620.2718,1487119530956
8,15,2,0.3,1,1,1,621.6391,1487119532321,622.0719,1487119532754,621.4055,1487119532089
8,16,2,0.3,1,0,3,622.7719,1487119533453,-1,-1,622.5386,1487119533224
8,17,2,0.3,1,2,0,623.9053,1487119534587,-1,-1,623.6725,1487119534356
8,18,2,0.3,1,0,2,625.0387,1487119535720,-1,-1,624.8054,1487119535490
8,19,2,0.3,1,1,0,626.1721,1487119536854,626.639,1487119537321,625.9392,1487119536623
8,20,2,0.3,1,2,0,627.3055,1487119537987,-1,-1,627.0721,1487119537757
8,21,2,0.3,1,2,2,628.4389,1487119539120,-1,-1,628.2059,1487119538891
8,22,2,0.3,1,0,1,629.5723,1487119540254,-1,-1,629.339,1487119540023
8,1,2,0.3,1,3,3,645.7902,1487119556472,-1,-1,645.6233,1487119556305
8,2,2,0.3,1,3,2,646.7566,1487119557438,-1,-1,646.59,1487119557274
8,3,2,0.3,1,0,1,647.7233,1487119558405,-1,-1,647.5571,1487119558242
8,4,2,0.3,1,0,0,648.6908,1487119559372,-1,-1,648.5234,1487119559208
8,5,2,0.3,1,0,3,649.6567,1487119560338,-1,-1,649.4902,1487119560175
8,6,2,0.3,1,2,1,650.6234,1487119561305,-1,-1,650.4568,1487119561141
8,7,2,0.3,1,1,3,651.5903,1487119562272,652.0237,1487119562706,651.4235,1487119562107
8,8,2,0.3,1,2,3,652.5569,1487119563239,-1,-1,652.3903,1487119563076
8,9,2,0.3,1,1,3,653.5236,1487119564205,654.0905,1487119564772,653.357,1487119564042
8,10,2,0.3,1,0,2,654.4905,1487119565172,-1,-1,654.3237,1487119565009
8,11,2,0.3,1,0,0,655.4571,1487119566139,-1,-1,655.2905,1487119565975
8,12,2,0.3,1,0,1,656.424,1487119567106,-1,-1,656.2571,1487119566941
8,13,2,0.3,1,2,1,657.3906,1487119568072,-1,-1,657.2239,1487119567909
8,14,2,0.3,1,1,1,658.3572,1487119569039,658.7573,1487119569439,658.1906,1487119568875
8,15,2,0.3,1,0,3,659.324,1487119570006,-1,-1,659.1573,1487119569842
8,16,2,0.3,1,0,0,660.2907,1487119570972,-1,-1,660.124,1487119570808
8,17,2,0.3,1,1,3,661.2574,1487119571939,661.7241,1487119572406,661.0908,1487119571775
8,18,2,0.3,1,1,0,662.2247,1487119572906,662.6578,1487119573340,662.0574,1487119572743
8,19,2,0.3,1,2,0,663.1909,1487119573873,-1,-1,663.0241,1487119573708
8,20,2,0.3,1,1,0,664.1576,1487119574839,664.7245,1487119575406,663.991,1487119574675
8,21,2,0.3,1,2,1,665.1243,1487119575806,-1,-1,664.9576,1487119575642
8,22,2,0.3,1,2,1,666.091,1487119576773,-1,-1,665.9246,1487119576609
8,1,2,0.3,1,3,3,682.1594,1487119592841,-1,-1,681.9919,1487119592674
8,2,2,0.3,1,3,1,683.0587,1487119593740,-1,-1,682.892,1487119593576
8,3,2,0.3,1,0,0,683.9587,1487119594640,-1,-1,683.7928,1487119594477
8,4,2,0.3,1,1,1,684.8588,1487119595540,685.3589,1487119596041,684.6921,1487119595377
8,5,2,0.3,1,2,1,685.7588,1487119596440,-1,-1,685.5923,1487119596278
8,6,2,0.3,1,2,0,686.6589,1487119597340,-1,-1,686.4922,1487119597177
8,7,2,0.3,1,0,3,687.5589,1487119598240,-1,-1,687.3923,1487119598076
8,8,2,0.3,1,0,2,688.4589,1487119599141,-1,-1,688.2923,1487119598976
8,9,2,0.3,1,0,1,689.3589,1487119600040,-1,-1,689.1923,1487119599876
8,10,2,0.3,1,1,2,690.259,1487119600941,690.726,1487119601408,690.0925,1487119600777
8,11,2,0.3,1,1,1,691.1591,1487119601841,691.626,1487119602308,690.9924,1487119601678
8,12,2,0.3,1,1,2,692.0591,1487119602741,692.5595,1487119603241,691.8925,1487119602577
8,13,2,0.3,1,1,1,692.9592,1487119603641,693.4259,1487119604108,692.7925,1487119603477
8,14,2,0.3,1,1,2,693.8593,1487119604541,694.2925,1487119604974,693.6926,1487119604377
8,15,2,0.3,1,2,2,694.7592,1487119605441,-1,-1,694.5927,1487119605277
8,16,2,0.3,1,0,3,695.6594,1487119606341,-1,-1,695.4927,1487119606178
8,17,2,0.3,1,2,3,696.5595,1487119607241,-1,-1,696.3928,1487119607077
8,18,2,0.3,1,2,2,697.4595,1487119608141,-1,-1,697.2928,1487119607977
8,19,2,0.3,1,2,2,698.3596,1487119609041,-1,-1,698.1934,1487119608877
8,20,2,0.3,1,0,1,699.2596,1487119609941,-1,-1,699.0928,1487119609777
8,21,2,0.3,1,0,0,700.1602,1487119610842,-1,-1,699.9929,1487119610679
8,22,2,0.3,1,0,3,701.0597,1487119611741,-1,-1,700.893,1487119611577
8,1,2,0.3,1,3,0,717.0607,1487119627742,-1,-1,716.8939,1487119627576
8,2,2,0.3,1,3,2,717.8939,1487119628575,-1,-1,717.7272,1487119628411
8,3,2,0.3,1,2,2,718.7274,1487119629409,-1,-1,718.5609,1487119629246
8,4,2,0.3,1,2,0,719.5607,1487119630242,-1,-1,719.394,1487119630078
8,5,2,0.3,1,1,2,720.3941,1487119631076,720.8278,1487119631510,720.2277,1487119630912
8,6,2,0.3,1,0,1,721.2274,1487119631909,-1,-1,721.0608,1487119631745
8,7,2,0.3,1,2,1,722.0609,1487119632742,-1,-1,721.8942,1487119632578
8,8,2,0.3,1,1,1,722.8942,1487119633576,723.2949,1487119633977,722.7275,1487119633413
8,9,2,0.3,1,1,1,723.7277,1487119634409,724.1945,1487119634876,723.5609,1487119634246
8,10,2,0.3,1,0,3,724.5611,1487119635243,-1,-1,724.3943,1487119635079
8,11,2,0.3,1,2,3,725.3943,1487119636076,-1,-1,725.2277,1487119635912
8,12,2,0.3,1,1,3,726.2279,1487119636909,726.6279,1487119637310,726.0622,1487119636746
8,13,2,0.3,1,0,1,727.0611,1487119637743,-1,-1,726.8945,1487119637580
8,14,2,0.3,1,0,0,727.8947,1487119638576,-1,-1,727.7279,1487119638412
8,15,2,0.3,1,2,3,728.7279,1487119639409,-1,-1,728.5612,1487119639245
8,16,2,0.3,1,0,2,729.5612,1487119640243,-1,-1,729.3946,1487119640079
8,17,2,0.3,1,0,1,730.3947,1487119641076,-1,-1,730.228,1487119640912
8,18,2,0.3,1,0,0,731.228,1487119641910,-1,-1,731.0615,1487119641747
8,19,2,0.3,1,0,3,732.0614,1487119642743,-1,-1,731.8947,1487119642579
8,20,2,0.3,0,1,0,732.8947,1487119643576,-1,-1,732.7281,1487119643412
8,21,2,0.3,1,2,0,733.7281,1487119644410,-1,-1,733.564,1487119644249
8,22,2,0.3,0,1,0,734.5616,1487119645243,-1,-1,734.3949,1487119645079
8,1,2,0.3,1,3,0,735.5615,1487119646243,-1,-1,735.395,1487119646077
8,2,2,0.3,1,3,1,736.3286,1487119647010,-1,-1,736.1616,1487119646847
8,3,2,0.3,1,0,2,737.095,1487119647777,-1,-1,736.9283,1487119647613
8,4,2,0.3,1,2,2,737.8618,1487119648543,-1,-1,737.6951,1487119648379
8,5,2,0.3,1,2,1,738.6291,1487119649311,-1,-1,738.4618,1487119649147
8,6,2,0.3,1,0,0,739.3951,1487119650077,-1,-1,739.2285,1487119649913
8,7,2,0.3,1,1,1,740.1619,1487119650843,740.5622,1487119651244,739.9952,1487119650680
8,8,2,0.3,1,0,3,740.9291,1487119651611,-1,-1,740.762,1487119651446
8,9,2,0.3,1,1,1,741.6953,1487119652377,742.129,1487119652811,741.5286,1487119652213
8,10,2,0.3,1,1,3,742.462,1487119653144,742.829,1487119653511,742.2953,1487119652980
8,11,2,0.3,1,2,3,743.2287,1487119653910,-1,-1,743.062,1487119653746
8,12,2,0.3,1,0,2,743.9954,1487119654677,-1,-1,743.8287,1487119654514
8,13,2,0.3,1,1,3,744.7621,1487119655444,745.1956,1487119655877,744.5955,1487119655279
8,14,2,0.3,1,0,0,745.5289,1487119656210,-1,-1,745.3623,1487119656046
8,15,2,0.3,1,2,0,746.2955,1487119656977,-1,-1,746.1288,1487119656813
8,16,2,0.3,1,0,2,747.0623,1487119657744,-1,-1,746.8956,1487119657580
8,17,2,0.3,1,2,2,747.8289,1487119658510,-1,-1,747.6624,1487119658348
8,18,2,0.3,1,1,2,748.5956,1487119659277,748.9626,1487119659644,748.429,1487119659113
8,19,2,0.3,1,1,2,749.3625,1487119660044,749.7959,1487119660478,749.1957,1487119659880
8,20,2,0.3,1,0,1,750.1291,1487119660811,-1,-1,749.9624,1487119660647
8,21,2,0.3,1,2,1,750.8958,1487119661577,-1,-1,750.7291,1487119661413
8,22,2,0.3,1,0,3,751.6626,1487119662344,-1,-1,751.4958,1487119662181
8,1,2,0.3,1,3,3,767.497,1487119678179,-1,-1,767.3642,1487119678046
8,2,2,0.3,1,3,1,768.1634,1487119678845,-1,-1,768.0302,1487119678715
8,3,2,0.3,1,1,3,768.8307,1487119679512,769.2637,1487119679945,768.6968,1487119679383
8,4,2,0.3,1,2,3,769.4969,1487119680179,-1,-1,769.3639,1487119680048
8,5,2,0.3,1,0,2,770.1636,1487119680845,-1,-1,770.0303,1487119680715
8,6,2,0.3,1,0,1,770.8303,1487119681512,-1,-1,770.6973,1487119681381
8,7,2,0.3,1,0,0,771.4969,1487119682179,-1,-1,771.3636,1487119682048
8,8,2,0.3,1,1,1,772.1637,1487119682845,772.597,1487119683279,772.0303,1487119682714
8,9,2,0.3,1,1,0,772.8315,1487119683513,773.2639,1487119683946,772.697,1487119683381
8,10,2,0.3,1,2,0,773.4973,1487119684179,-1,-1,773.3637,1487119684050
8,11,2,0.3,1,0,2,774.1637,1487119684845,-1,-1,774.0305,1487119684715
8,12,2,0.3,1,2,2,774.8306,1487119685512,-1,-1,774.6971,1487119685381
8,13,2,0.3,1,0,1,775.4972,1487119686179,-1,-1,775.3638,1487119686048
8,14,2,0.3,1,0,0,776.1639,1487119686845,-1,-1,776.0306,1487119686714
8,15,2,0.3,1,2,0,776.8305,1487119687512,-1,-1,776.6973,1487119687384
8,16,2,0.3,1,1,0,777.4973,1487119688179,777.864,1487119688546,777.364,1487119688048
8,17,2,0.3,1,2,2,778.1639,1487119688846,-1,-1,778.0306,1487119688715
8,18,2,0.3,1,1,0,778.8307,1487119689512,779.2974,1487119689979,778.6974,1487119689381
8,19,2,0.3,1,0,3,779.4974,1487119690179,-1,-1,779.3641,1487119690048
8,20,2,0.3,1,1,0,780.1641,1487119690846,780.6642,1487119691347,780.0307,1487119690716
8,21,2,0.3,1,2,0,780.8308,1487119691512,-1,-1,780.6974,1487119691382
8,22,2,0.3,1,0,2,781.4977,1487119692179,-1,-1,781.3642,1487119692048
8,1,2,0.3,1,3,1,797.2318,1487119707913,-1,-1,797.0984,1487119707780
8,2,2,0.3,1,3,2,797.8317,1487119708513,-1,-1,797.6984,1487119708384
8,3,2,0.3,1,1,1,798.4318,1487119709113,798.8652,1487119709547,798.2986,1487119708983
8,4,2,0.3,1,2,1,799.032,1487119709714,-1,-1,798.8985,1487119709583
8,5,2,0.3,1,2,2,799.632,1487119710314,-1,-1,799.4987,1487119710183
8,6,2,0.3,1,2,2,800.2319,1487119710913,-1,-1,800.0986,1487119710783
8,7,2,0.3,1,1,2,800.832,1487119711514,801.1985,1487119711880,800.6989,1487119711384
8,8,2,0.3,1,0,0,801.4319,1487119712114,-1,-1,801.2986,1487119711984
8,9,2,0.3,1,0,3,802.032,1487119712714,-1,-1,801.8987,1487119712583
8,10,2,0.3,1,0,1,802.6321,1487119713314,-1,-1,802.4987,1487119713184
8,11,2,0.3,1,0,2,803.2321,1487119713914,-1,-1,803.0987,1487119713783
8,12,2,0.3,0,1,1,803.8321,1487119714514,-1,-1,803.6988,1487119714384
8,13,2,0.3,1,2,1,804.4322,1487119715114,-1,-1,804.2992,1487119714985
8,14,2,0.3,1,0,3,805.0322,1487119715714,-1,-1,804.8988,1487119715583
8,15,2,0.3,1,0,2,805.6322,1487119716314,-1,-1,805.4988,1487119716183
8,16,2,0.3,1,0,0,806.2322,1487119716914,-1,-1,806.0989,1487119716783
8,17,2,0.3,1,1,2,806.8328,1487119717514,807.2656,1487119717947,806.6989,1487119717383
8,18,2,0.3,1,2,2,807.4323,1487119718114,-1,-1,807.299,1487119717986
8,19,2,0.3,0,1,2,808.0323,1487119718714,-1,-1,807.899,1487119718583
8,20,2,0.3,1,2,3,808.6324,1487119719314,-1,-1,808.499,1487119719183
8,21,2,0.3,0,1,2,809.2324,1487119719914,-1,-1,809.0991,1487119719783
8,22,2,0.3,0,0,1,809.8329,1487119720514,809.8994,1487119720581,809.6996,1487119720384
8,1,2,0.3,1,3,0,825.5001,1487119736182,-1,-1,825.3666,1487119736049
8,2,2,0.3,1,3,3,826.101,1487119736783,-1,-1,825.9666,1487119736651
8,3,2,0.3,1,2,3,826.7001,1487119737382,-1,-1,826.5667,1487119737251
8,4,2,0.3,1,1,3,827.3002,1487119737982,827.6674,1487119738349,827.1667,1487119737851
8,5,2,0.3,1,1,3,827.9001,1487119738582,828.3335,1487119739015,827.767,1487119738452
8,6,2,0.3,1,0,0,828.5001,1487119739182,-1,-1,828.3669,1487119739051
8,7,2,0.3,1,0,2,829.1002,1487119739782,-1,-1,828.9669,1487119739652
8,8,2,0.3,1,0,1,829.7003,1487119740382,-1,-1,829.5669,1487119740251
8,9,2,0.3,1,0,3,830.3004,1487119740982,-1,-1,830.1669,1487119740852
8,10,2,0.3,1,0,0,830.9004,1487119741582,-1,-1,830.767,1487119741453
8,11,2,0.3,1,1,3,831.5007,1487119742182,831.9672,1487119742649,831.367,1487119742051
8,12,2,0.3,0,1,0,832.1005,1487119742782,-1,-1,831.9672,1487119742652
8,13,2,0.3,1,0,2,832.7004,1487119743382,-1,-1,832.5671,1487119743252
8,14,2,0.3,1,2,2,833.3005,1487119743982,-1,-1,833.1675,1487119743851
8,15,2,0.3,1,0,1,833.9005,1487119744582,-1,-1,833.767,1487119744452
8,16,2,0.3,1,2,1,834.5006,1487119745182,-1,-1,834.3672,1487119745051
8,17,2,0.3,1,1,1,835.1005,1487119745782,835.5007,1487119746182,834.9672,1487119745651
8,18,2,0.3,1,1,1,835.7006,1487119746382,836.1673,1487119746849,835.5674,1487119746252
8,19,2,0.3,1,2,3,836.3007,1487119746982,-1,-1,836.1673,1487119746852
8,20,2,0.3,1,0,0,836.9011,1487119747583,-1,-1,836.7673,1487119747453
8,21,2,0.3,1,2,0,837.5007,1487119748182,-1,-1,837.3673,1487119748052
8,22,2,0.3,1,2,3,838.1007,1487119748782,-1,-1,837.9674,1487119748652
8,1,2,0.3,1,3,3,853.7682,1487119764450,-1,-1,853.6353,1487119764317
8,2,2,0.3,1,3,0,854.3017,1487119764983,-1,-1,854.2015,1487119764885
8,3,2,0.3,1,1,3,854.835,1487119765517,855.2354,1487119765917,854.735,1487119765420
8,4,2,0.3,1,2,3,855.3685,1487119766050,-1,-1,855.2684,1487119765953
8,5,2,0.3,1,0,2,855.9017,1487119766583,-1,-1,855.8019,1487119766486
8,6,2,0.3,1,0,0,856.4355,1487119767117,-1,-1,856.3356,1487119767019
8,7,2,0.3,1,0,1,857.0018,1487119767683,-1,-1,856.8684,1487119767553
8,8,2,0.3,1,2,1,857.5691,1487119768251,-1,-1,857.4351,1487119768120
8,9,2,0.3,1,0,3,858.1352,1487119768817,-1,-1,858.0018,1487119768686
8,10,2,0.3,1,1,1,858.7021,1487119769384,859.0685,1487119769750,858.5685,1487119769254
8,11,2,0.3,0,1,3,859.2686,1487119769950,-1,-1,859.1352,1487119769820
8,12,2,0.3,1,0,2,859.8354,1487119770517,-1,-1,859.7022,1487119770388
8,13,2,0.3,0,1,3,860.3687,1487119771050,-1,-1,860.2686,1487119770954
8,14,2,0.3,1,2,3,860.9353,1487119771617,-1,-1,860.8021,1487119771487
8,15,2,0.3,1,0,1,861.5021,1487119772184,-1,-1,861.3688,1487119772054
8,16,2,0.3,1,2,1,862.0354,1487119772717,-1,-1,861.9355,1487119772620
8,17,2,0.3,1,2,3,862.5688,1487119773251,-1,-1,862.4688,1487119773153
8,18,2,0.3,1,0,0,863.1022,1487119773784,-1,-1,863.0022,1487119773687
8,19,2,0.3,1,2,0,863.6687,1487119774350,-1,-1,863.5355,1487119774220
8,20,2,0.3,1,1,0,864.2355,1487119774917,864.569,1487119775251,864.1022,1487119774786
8,21,2,0.3,1,0,1,864.8022,1487119775484,-1,-1,864.6689,1487119775353
8,22,2,0.3,0,1,0,865.3693,1487119776051,-1,-1,865.2355,1487119775920
8,1,2,0.3,1,3,3,881.0031,1487119791685,-1,-1,880.8699,1487119791552
8,2,2,0.3,1,3,2,881.5698,1487119792252,-1,-1,881.4365,1487119792121
8,3,2,0.3,1,0,0,882.1369,1487119792818,-1,-1,882.0034,1487119792687
8,4,2,0.3,1,2,0,882.6699,1487119793351,-1,-1,882.5698,1487119793254
8,5,2,0.3,1,2,2,883.2037,1487119793885,-1,-1,883.1033,1487119793788
8,6,2,0.3,1,0,3,883.7704,1487119794452,-1,-1,883.6366,1487119794321
8,7,2,0.3,1,1,2,884.3367,1487119795018,884.7701,1487119795452,884.2033,1487119794887
8,8,2,0.3,0,1,3,884.9033,1487119795585,-1,-1,884.7701,1487119795455
8,9,2,0.3,1,0,1,885.4371,1487119796119,-1,-1,885.3375,1487119796022
8,10,2,0.3,1,0,0,886.0034,1487119796685,-1,-1,885.8702,1487119796556
8,11,2,0.3,1,0,2,886.5368,1487119797218,-1,-1,886.4368,1487119797121
8,12,2,0.3,0,1,0,887.0702,1487119797752,-1,-1,886.9702,1487119797654
8,13,2,0.3,1,2,0,887.6369,1487119798318,-1,-1,887.5035,1487119798188
8,14,2,0.3,1,0,3,888.1703,1487119798852,-1,-1,888.0702,1487119798755
8,15,2,0.3,1,2,3,888.7368,1487119799418,-1,-1,888.6036,1487119799289
8,16,2,0.3,1,2,0,889.3036,1487119799985,-1,-1,889.1703,1487119799855
8,17,2,0.3,1,1,3,889.837,1487119800519,890.2372,1487119800919,889.737,1487119800422
8,18,2,0.3,1,2,3,890.3704,1487119801052,-1,-1,890.2704,1487119800954
8,19,2,0.3,1,0,1,890.937,1487119801619,-1,-1,890.8037,1487119801488
8,20,2,0.3,1,1,3,891.5037,1487119802185,891.9039,1487119802586,891.3705,1487119802055
8,21,2,0.3,1,1,1,892.0372,1487119802719,892.4705,1487119803152,891.9372,1487119802622
8,22,2,0.3,1,0,2,892.5707,1487119803252,-1,-1,892.4705,1487119803156
8,1,2,0.3,1,3,1,908.1715,1487119818853,-1,-1,908.0714,1487119818754
8,2,2,0.3,1,3,0,908.6713,1487119819353,-1,-1,908.5714,1487119819255
8,3,2,0.3,0,1,1,909.1714,1487119819853,-1,-1,909.0715,1487119819757
8,4,2,0.3,1,0,3,909.6714,1487119820353,-1,-1,909.5748,1487119820259
8,5,2,0.3,1,0,2,910.1715,1487119820853,-1,-1,910.0714,1487119820756
8,6,2,0.3,1,2,1,910.6716,1487119821353,-1,-1,910.5716,1487119821256
8,7,2,0.3,1,2,1,911.1715,1487119821853,-1,-1,911.0715,1487119821756
8,8,2,0.3,1,0,3,911.6716,1487119822353,-1,-1,911.5715,1487119822256
8,9,2,0.3,0,1,1,912.1714,1487119822853,-1,-1,912.0716,1487119822756
8,10,2,0.3,1,2,1,912.6717,1487119823353,-1,-1,912.5723,1487119823259
8,11,2,0.3,0,1,1,913.1716,1487119823853,-1,-1,913.0716,1487119823756
8,12,2,0.3,1,1,1,913.6717,1487119824353,913.8718,1487119824554,913.5717,1487119824257
8,13,2,0.3,1,0,0,914.1716,1487119824853,-1,-1,914.0717,1487119824757
8,14,2,0.3,1,0,2,914.6718,1487119825353,-1,-1,914.5717,1487119825256
8,15,2,0.3,1,0,3,915.1718,1487119825853,-1,-1,915.0718,1487119825756
8,16,2,0.3,1,2,3,915.6718,1487119826353,-1,-1,915.5717,1487119826256
8,17,2,0.3,1,0,1,916.1718,1487119826853,-1,-1,916.0718,1487119826756
8,18,2,0.3,1,0,0,916.6718,1487119827353,-1,-1,916.5718,1487119827257
8,19,2,0.3,1,2,3,917.1719,1487119827854,-1,-1,917.0719,1487119827756
8,20,2,0.3,1,1,0,917.6719,1487119828353,917.8059,1487119828488,917.5718,1487119828256
8,21,2,0.3,0,1,3,918.1719,1487119828853,-1,-1,918.0718,1487119828756
8,22,2,0.3,1,2,3,918.6719,1487119829353,-1,-1,918.5719,1487119829258
8,1,2,0.3,1,3,0,934.2396,1487119844921,-1,-1,934.1402,1487119844822
8,2,2,0.3,1,3,1,934.7396,1487119845421,-1,-1,934.6395,1487119845325
8,3,2,0.3,1,0,2,935.2396,1487119845921,-1,-1,935.1395,1487119845824
8,4,2,0.3,1,2,2,935.7396,1487119846421,-1,-1,935.6396,1487119846324
8,5,2,0.3,1,2,1,936.2396,1487119846921,-1,-1,936.1396,1487119846824
8,6,2,0.3,1,1,2,936.7396,1487119847421,937.1398,1487119847822,936.6396,1487119847324
8,7,2,0.3,1,0,3,937.2397,1487119847921,-1,-1,937.1398,1487119847826
8,8,2,0.3,0,1,2,937.7398,1487119848421,-1,-1,937.6396,1487119848324
8,9,2,0.3,0,1,3,938.2397,1487119848921,-1,-1,938.1396,1487119848825
8,10,2,0.3,1,2,3,938.7397,1487119849421,-1,-1,938.6397,1487119849325
8,11,2,0.3,0,1,3,939.2398,1487119849921,-1,-1,939.1397,1487119849825
8,12,2,0.3,0,0,1,939.7424,1487119850424,939.8065,1487119850488,939.6398,1487119850325
8,13,2,0.3,1,2,1,940.2397,1487119850921,-1,-1,940.1403,1487119850824
8,14,2,0.3,1,2,3,940.7399,1487119851421,-1,-1,940.6399,1487119851324
8,15,2,0.3,1,0,0,941.2399,1487119851921,-1,-1,941.1398,1487119851824
8,16,2,0.3,1,2,0,941.7399,1487119852422,-1,-1,941.64,1487119852324
8,17,2,0.3,1,0,2,942.24,1487119852922,-1,-1,942.14,1487119852825
8,18,2,0.3,1,0,3,942.74,1487119853422,-1,-1,942.64,1487119853324
8,19,2,0.3,1,0,1,943.24,1487119853922,-1,-1,943.1401,1487119853824
8,20,2,0.3,0,1,3,943.7401,1487119854422,-1,-1,943.64,1487119854325
8,21,2,0.3,1,0,2,944.2401,1487119854922,-1,-1,944.1402,1487119854825
8,22,2,0.3,0,1,3,944.7401,1487119855422,-1,-1,944.6401,1487119855326
8,1,2,0.3,1,3,3,960.3076,1487119870989,-1,-1,960.2076,1487119870889
8,2,2,0.3,1,3,0,960.841,1487119871523,-1,-1,960.741,1487119871425
8,3,2,0.3,1,0,2,961.3745,1487119872056,-1,-1,961.2747,1487119871959
8,4,2,0.3,1,1,0,961.9409,1487119872623,962.3411,1487119873023,961.8077,1487119872493
8,5,2,0.3,1,0,3,962.5077,1487119873189,-1,-1,962.3745,1487119873059
8,6,2,0.3,1,0,1,963.0411,1487119873723,-1,-1,962.9416,1487119873626
8,7,2,0.3,1,1,3,963.6078,1487119874289,964.0413,1487119874723,963.4744,1487119874158
8,8,2,0.3,1,2,3,964.1412,1487119874823,-1,-1,964.0413,1487119874726
8,9,2,0.3,1,2,1,964.7078,1487119875389,-1,-1,964.5745,1487119875260
8,10,2,0.3,1,2,1,965.2751,1487119875957,-1,-1,965.1412,1487119875825
8,11,2,0.3,1,2,3,965.8079,1487119876489,-1,-1,965.7079,1487119876393
8,12,2,0.3,1,0,0,966.3746,1487119877056,-1,-1,966.2413,1487119876925
8,13,2,0.3,1,0,2,966.9414,1487119877623,-1,-1,966.808,1487119877492
8,14,2,0.3,1,2,3,967.508,1487119878190,-1,-1,967.3748,1487119878059
8,15,2,0.3,1,0,1,968.0414,1487119878723,-1,-1,967.9414,1487119878627
8,16,2,0.3,1,0,0,968.608,1487119879290,-1,-1,968.4747,1487119879159
8,17,2,0.3,1,1,1,969.1747,1487119879856,969.6083,1487119880290,969.0415,1487119879725
8,18,2,0.3,1,2,1,969.7415,1487119880423,-1,-1,969.6083,1487119880293
8,19,2,0.3,1,0,2,970.2748,1487119880956,-1,-1,970.1748,1487119880859
8,20,2,0.3,1,1,1,970.8087,1487119881490,971.2418,1487119881924,970.7082,1487119881394
8,21,2,0.3,0,1,2,971.3749,1487119882056,-1,-1,971.2418,1487119881926
8,22,2,0.3,1,1,1,971.9416,1487119882623,972.0419,1487119882724,971.8082,1487119882493
8,1,2,0.3,1,3,2,987.5425,1487119898224,-1,-1,987.4424,1487119898124
8,2,2,0.3,1,3,3,988.0426,1487119898724,-1,-1,987.9424,1487119898628
8,3,2,0.3,1,0,0,988.543,1487119899225,-1,-1,988.4425,1487119899127
8,4,2,0.3,0,1,3,989.0425,1487119899724,-1,-1,988.9424,1487119899627
8,5,2,0.3,1,0,1,989.5425,1487119900224,-1,-1,989.4435,1487119900130
8,6,2,0.3,1,2,1,990.0427,1487119900724,-1,-1,989.9427,1487119900627
8,7,2,0.3,1,2,3,990.5427,1487119901224,-1,-1,990.4426,1487119901126
8,8,2,0.3,1,0,2,991.0428,1487119901724,-1,-1,990.9427,1487119901628
8,9,2,0.3,0,1,3,991.5427,1487119902224,-1,-1,991.4428,1487119902127
8,10,2,0.3,1,2,3,992.0427,1487119902724,-1,-1,991.9427,1487119902627
8,11,2,0.3,1,0,1,992.5428,1487119903224,-1,-1,992.4427,1487119903127
8,12,2,0.3,0,1,3,993.0428,1487119903724,-1,-1,992.9428,1487119903627
8,13,2,0.3,1,0,0,993.5428,1487119904224,-1,-1,993.445,1487119904131
8,14,2,0.3,1,2,1,994.043,1487119904725,-1,-1,993.9428,1487119904627
8,15,2,0.3,1,0,2,994.5429,1487119905225,-1,-1,994.4433,1487119905127
8,16,2,0.3,0,1,1,995.0434,1487119905725,-1,-1,994.9428,1487119905627
8,17,2,0.3,1,2,1,995.5429,1487119906224,-1,-1,995.4432,1487119906127
8,18,2,0.3,0,1,1,996.0429,1487119906724,-1,-1,995.9429,1487119906627
8,19,2,0.3,1,0,0,996.5429,1487119907225,-1,-1,996.4429,1487119907128
8,20,2,0.3,1,0,3,997.043,1487119907725,-1,-1,996.9429,1487119907627
8,21,2,0.3,0,1,0,997.5432,1487119908225,-1,-1,997.4431,1487119908127
8,22,2,0.3,1,2,0,998.043,1487119908725,-1,-1,997.9431,1487119908628
8,1,2,0.3,1,3,0,1013.611,1487119924292,-1,-1,1013.511,1487119924193
8,2,2,0.3,1,3,1,1014.177,1487119924859,-1,-1,1014.044,1487119924728
8,3,2,0.3,1,0,2,1014.711,1487119925393,-1,-1,1014.611,1487119925295
8,4,2,0.3,1,1,1,1015.277,1487119925959,1015.711,1487119926392,1015.144,1487119925828
8,5,2,0.3,0,1,2,1015.811,1487119926493,-1,-1,1015.711,1487119926396
8,6,2,0.3,1,2,2,1016.378,1487119927059,-1,-1,1016.246,1487119926931
8,7,2,0.3,1,2,1,1016.944,1487119927626,-1,-1,1016.811,1487119927495
8,8,2,0.3,1,0,3,1017.511,1487119928192,-1,-1,1017.378,1487119928062
8,9,2,0.3,1,1,1,1018.078,1487119928759,1018.478,1487119929160,1017.944,1487119928629
8,10,2,0.3,1,0,0,1018.644,1487119929326,-1,-1,1018.511,1487119929196
8,11,2,0.3,1,2,0,1019.211,1487119929892,-1,-1,1019.078,1487119929762
8,12,2,0.3,1,0,2,1019.744,1487119930426,-1,-1,1019.644,1487119930328
8,13,2,0.3,1,1,0,1020.311,1487119930993,1020.745,1487119931426,1020.178,1487119930862
8,14,2,0.3,1,0,1,1020.878,1487119931559,-1,-1,1020.745,1487119931429
8,15,2,0.3,1,2,1,1021.444,1487119932126,-1,-1,1021.311,1487119931996
8,16,2,0.3,1,1,1,1021.978,1487119932660,1022.345,1487119933026,1021.878,1487119932562
8,17,2,0.3,1,2,0,1022.544,1487119933226,-1,-1,1022.411,1487119933095
8,18,2,0.3,1,0,2,1023.111,1487119933793,-1,-1,1022.978,1487119933662
8,19,2,0.3,0,1,0,1023.678,1487119934359,-1,-1,1023.544,1487119934228
8,20,2,0.3,1,0,3,1024.244,1487119934926,-1,-1,1024.114,1487119934799
8,21,2,0.3,1,2,3,1024.811,1487119935493,-1,-1,1024.678,1487119935362
8,22,2,0.3,1,0,1,1025.378,1487119936059,-1,-1,1025.245,1487119935929
8,1,2,0.3,1,3,0,1040.979,1487119951660,-1,-1,1040.879,1487119951561
8,2,2,0.3,1,3,3,1041.479,1487119952160,-1,-1,1041.379,1487119952064
8,3,2,0.3,0,1,0,1041.979,1487119952660,-1,-1,1041.879,1487119952565
8,4,2,0.3,1,0,2,1042.479,1487119953160,-1,-1,1042.379,1487119953063
8,5,2,0.3,1,2,3,1042.979,1487119953660,-1,-1,1042.879,1487119953563
8,6,2,0.3,0,1,2,1043.479,1487119954161,-1,-1,1043.379,1487119954064
8,7,2,0.3,1,2,2,1043.979,1487119954661,-1,-1,1043.879,1487119954563
8,8,2,0.3,1,2,3,1044.479,1487119955161,-1,-1,1044.379,1487119955064
8,9,2,0.3,1,0,0,1044.979,1487119955661,-1,-1,1044.879,1487119955563
8,10,2,0.3,1,0,1,1045.479,1487119956161,-1,-1,1045.379,1487119956064
8,11,2,0.3,1,0,2,1045.979,1487119956661,-1,-1,1045.879,1487119956563
8,12,2,0.3,1,0,3,1046.479,1487119957161,-1,-1,1046.379,1487119957063
8,13,2,0.3,1,2,3,1046.979,1487119957661,-1,-1,1046.879,1487119957564
8,14,2,0.3,1,2,2,1047.479,1487119958161,-1,-1,1047.38,1487119958064
8,15,2,0.3,0,1,3,1047.979,1487119958661,-1,-1,1047.879,1487119958563
8,16,2,0.3,0,1,2,1048.479,1487119959161,-1,-1,1048.379,1487119959063
8,17,2,0.3,1,0,0,1048.979,1487119959661,-1,-1,1048.879,1487119959564
8,18,2,0.3,0,1,2,1049.481,1487119960163,-1,-1,1049.379,1487119960065
8,19,2,0.3,1,2,2,1049.98,1487119960661,-1,-1,1049.88,1487119960565
8,20,2,0.3,0,1,2,1050.479,1487119961161,-1,-1,1050.379,1487119961063
8,21,2,0.3,1,0,0,1050.979,1487119961661,-1,-1,1050.88,1487119961565
8,22,2,0.3,1,0,1,1051.479,1487119962161,-1,-1,1051.379,1487119962063
8,1,2,0.3,1,3,3,1067.08,1487119977762,-1,-1,1066.947,1487119977629
8,2,2,0.3,1,3,0,1067.647,1487119978329,-1,-1,1067.514,1487119978198
8,3,2,0.3,1,0,2,1068.214,1487119978895,-1,-1,1068.08,1487119978764
8,4,2,0.3,1,0,1,1068.781,1487119979462,-1,-1,1068.647,1487119979332
8,5,2,0.3,0,1,2,1069.348,1487119980029,-1,-1,1069.214,1487119979899
8,6,2,0.3,0,1,1,1069.914,1487119980596,-1,-1,1069.781,1487119980466
8,7,2,0.3,1,1,2,1070.48,1487119981162,1070.614,1487119981296,1070.347,1487119981031
8,8,2,0.3,1,0,3,1071.047,1487119981729,-1,-1,1070.914,1487119981598
8,9,2,0.3,1,2,3,1071.581,1487119982263,-1,-1,1071.481,1487119982165
8,10,2,0.3,1,0,1,1072.147,1487119982829,-1,-1,1072.014,1487119982699
8,11,2,0.3,1,2,1,1072.681,1487119983362,-1,-1,1072.581,1487119983265
8,12,2,0.3,1,0,0,1073.248,1487119983929,-1,-1,1073.114,1487119983798
8,13,2,0.3,1,0,2,1073.781,1487119984462,-1,-1,1073.681,1487119984365
8,14,2,0.3,1,1,0,1074.348,1487119985029,1074.747,1487119985429,1074.214,1487119984898
8,15,2,0.3,1,0,1,1074.914,1487119985596,-1,-1,1074.781,1487119985465
8,16,2,0.3,1,2,1,1075.481,1487119986162,-1,-1,1075.348,1487119986033
8,17,2,0.3,1,2,0,1076.015,1487119986696,-1,-1,1075.914,1487119986598
8,18,2,0.3,1,0,3,1076.548,1487119987229,-1,-1,1076.448,1487119987132
8,19,2,0.3,1,1,0,1077.082,1487119987763,1077.514,1487119988196,1076.981,1487119987665
8,20,2,0.3,1,2,0,1077.648,1487119988329,-1,-1,1077.514,1487119988199
8,21,2,0.3,1,2,3,1078.214,1487119988896,-1,-1,1078.081,1487119988766
8,22,2,0.3,0,1,0,1078.781,1487119989462,-1,-1,1078.648,1487119989332
8,1,2,0.3,1,3,3,1094.415,1487120005097,-1,-1,1094.282,1487120004964
8,2,2,0.3,1,3,2,1094.982,1487120005663,-1,-1,1094.849,1487120005533
8,3,2,0.3,0,1,3,1095.549,1487120006230,-1,-1,1095.415,1487120006101
8,4,2,0.3,1,2,3,1096.116,1487120006797,-1,-1,1095.982,1487120006667
8,5,2,0.3,0,1,3,1096.682,1487120007363,-1,-1,1096.549,1487120007233
8,6,2,0.3,1,0,1,1097.215,1487120007897,-1,-1,1097.115,1487120007800
8,7,2,0.3,0,1,3,1097.782,1487120008464,-1,-1,1097.649,1487120008333
8,8,2,0.3,0,1,1,1098.349,1487120009030,-1,-1,1098.215,1487120008901
8,9,2,0.3,1,0,2,1098.915,1487120009597,-1,-1,1098.782,1487120009468
8,10,2,0.3,1,2,3,1099.449,1487120010131,-1,-1,1099.349,1487120010033
8,11,2,0.3,1,2,1,1100.016,1487120010697,-1,-1,1099.882,1487120010566
8,12,2,0.3,1,2,2,1100.549,1487120011230,-1,-1,1100.449,1487120011133
8,13,2,0.3,1,0,0,1101.116,1487120011797,-1,-1,1100.982,1487120011667
8,14,2,0.3,1,0,3,1101.682,1487120012364,-1,-1,1101.549,1487120012233
8,15,2,0.3,1,0,1,1102.216,1487120012897,-1,-1,1102.116,1487120012800
8,16,2,0.3,1,2,0,1102.782,1487120013464,-1,-1,1102.649,1487120013333
8,17,2,0.3,1,0,2,1103.316,1487120013998,-1,-1,1103.216,1487120013900
8,18,2,0.3,1,0,3,1103.849,1487120014531,-1,-1,1103.749,1487120014433
8,19,2,0.3,1,1,2,1104.416,1487120015097,1104.849,1487120015531,1104.282,1487120014968
8,20,2,0.3,1,2,2,1104.983,1487120015664,-1,-1,1104.849,1487120015533
8,21,2,0.3,0,1,2,1105.549,1487120016231,-1,-1,1105.416,1487120016100
8,22,2,0.3,1,0,1,1106.116,1487120016797,-1,-1,1105.983,1487120016667
8,1,2,0.3,1,3,0,1121.717,1487120032398,-1,-1,1121.617,1487120032299
8,2,2,0.3,1,3,1,1122.283,1487120032965,-1,-1,1122.151,1487120032836
8,3,2,0.3,1,2,1,1122.85,1487120033532,-1,-1,1122.717,1487120033401
8,4,2,0.3,1,1,1,1123.417,1487120034098,1123.817,1487120034499,1123.283,1487120033968
8,5,2,0.3,0,1,1,1123.984,1487120034665,-1,-1,1123.85,1487120034534
8,6,2,0.3,1,2,0,1124.551,1487120035233,-1,-1,1124.42,1487120035105
8,7,2,0.3,1,0,3,1125.117,1487120035798,-1,-1,1124.984,1487120035669
8,8,2,0.3,0,2,1,1125.65,1487120036332,1126.05,1487120036732,1125.551,1487120036235
8,9,2,0.3,1,2,1,1126.217,1487120036898,-1,-1,1126.084,1487120036768
8,10,2,0.3,1,0,0,1126.784,1487120037465,-1,-1,1126.65,1487120037335
8,11,2,0.3,0,1,1,1127.35,1487120038032,-1,-1,1127.217,1487120037901
8,12,2,0.3,0,1,0,1127.917,1487120038599,-1,-1,1127.784,1487120038469
8,13,2,0.3,1,2,0,1128.451,1487120039133,-1,-1,1128.351,1487120039035
8,14,2,0.3,1,0,3,1129.018,1487120039699,-1,-1,1128.884,1487120039568
8,15,2,0.3,1,0,1,1129.551,1487120040232,-1,-1,1129.451,1487120040133
8,16,2,0.3,1,2,0,1130.117,1487120040799,-1,-1,1129.984,1487120040668
8,17,2,0.3,1,0,2,1130.684,1487120041366,-1,-1,1130.551,1487120041236
8,18,2,0.3,1,1,0,1131.251,1487120041932,1131.651,1487120042333,1131.117,1487120041802
8,19,2,0.3,1,0,3,1131.817,1487120042499,-1,-1,1131.684,1487120042368
8,20,2,0.3,1,0,1,1132.351,1487120043032,-1,-1,1132.251,1487120042935
8,21,2,0.3,1,0,2,1132.917,1487120043599,-1,-1,1132.784,1487120043468
8,22,2,0.3,0,1,1,1133.451,1487120044132,-1,-1,1133.351,1487120044036
8,1,2,0.3,1,3,3,1149.085,1487120059766,-1,-1,1148.952,1487120059634
8,2,2,0.3,1,3,2,1149.652,1487120060333,-1,-1,1149.518,1487120060202
8,3,2,0.3,1,1,3,1150.185,1487120060867,1150.618,1487120061300,1150.085,1487120060769
8,4,2,0.3,1,2,3,1150.719,1487120061400,-1,-1,1150.618,1487120061304
8,5,2,0.3,0,1,3,1151.252,1487120061933,-1,-1,1151.152,1487120061836
8,6,2,0.3,1,2,2,1151.818,1487120062500,-1,-1,1151.685,1487120062369
8,7,2,0.3,1,0,0,1152.386,1487120063067,-1,-1,1152.252,1487120062936
8,8,2,0.3,1,0,1,1152.952,1487120063634,-1,-1,1152.818,1487120063503
8,9,2,0.3,0,1,0,1153.518,1487120064200,-1,-1,1153.385,1487120064069
8,10,2,0.3,0,1,1,1154.085,1487120064767,-1,-1,1153.952,1487120064638
8,11,2,0.3,0,2,1,1154.623,1487120065304,1154.719,1487120065400,1154.519,1487120065203
8,12,2,0.3,1,2,0,1155.152,1487120065833,-1,-1,1155.052,1487120065736
8,13,2,0.3,1,2,0,1155.719,1487120066401,-1,-1,1155.585,1487120066270
8,14,2,0.3,1,2,1,1156.285,1487120066967,-1,-1,1156.152,1487120066837
8,15,2,0.3,1,0,3,1156.852,1487120067534,-1,-1,1156.719,1487120067404
8,16,2,0.3,1,0,2,1157.419,1487120068100,-1,-1,1157.285,1487120067970
8,17,2,0.3,1,1,3,1157.986,1487120068667,1158.419,1487120069101,1157.852,1487120068536
8,18,2,0.3,1,1,2,1158.552,1487120069234,1158.985,1487120069667,1158.419,1487120069105
8,19,2,0.3,1,0,0,1159.086,1487120069768,-1,-1,1158.985,1487120069670
8,20,2,0.3,1,0,1,1159.619,1487120070301,-1,-1,1159.519,1487120070204
8,21,2,0.3,1,0,3,1160.153,1487120070834,-1,-1,1160.052,1487120070736
8,22,2,0.3,1,0,2,1160.719,1487120071400,-1,-1,1160.586,1487120071270
8,1,2,0.3,1,3,2,1176.353,1487120087035,-1,-1,1176.22,1487120086902
8,2,2,0.3,1,3,3,1176.92,1487120087601,-1,-1,1176.786,1487120087472
8,3,2,0.3,1,2,3,1177.487,1487120088169,-1,-1,1177.353,1487120088038
8,4,2,0.3,1,0,2,1178.02,1487120088701,-1,-1,1177.92,1487120088604
8,5,2,0.3,1,2,2,1178.554,1487120089235,-1,-1,1178.453,1487120089138
8,6,2,0.3,0,1,2,1179.12,1487120089802,-1,-1,1178.987,1487120089672
8,7,2,0.3,1,2,1,1179.654,1487120090335,-1,-1,1179.554,1487120090238
8,8,2,0.3,1,1,2,1180.22,1487120090901,1180.654,1487120091335,1180.087,1487120090772
8,9,2,0.3,1,0,3,1180.787,1487120091468,-1,-1,1180.654,1487120091338
8,10,2,0.3,1,0,0,1181.321,1487120092002,-1,-1,1181.221,1487120091905
8,11,2,0.3,1,1,3,1181.887,1487120092568,1182.287,1487120092969,1181.753,1487120092437
8,12,2,0.3,1,2,3,1182.453,1487120093135,-1,-1,1182.32,1487120093003
8,13,2,0.3,1,0,2,1183.02,1487120093702,-1,-1,1182.887,1487120093573
8,14,2,0.3,0,1,3,1183.587,1487120094268,-1,-1,1183.453,1487120094138
8,15,2,0.3,1,0,1,1184.121,1487120094803,-1,-1,1184.02,1487120094705
8,16,2,0.3,1,0,0,1184.654,1487120095336,-1,-1,1184.554,1487120095238
8,17,2,0.3,1,0,2,1185.22,1487120095902,-1,-1,1185.087,1487120095771
8,18,2,0.3,1,2,1,1185.787,1487120096469,-1,-1,1185.654,1487120096339
8,19,2,0.3,0,1,2,1186.321,1487120097002,-1,-1,1186.224,1487120096908
8,20,2,0.3,1,0,0,1186.887,1487120097569,-1,-1,1186.754,1487120097438
8,21,2,0.3,0,1,2,1187.421,1487120098102,-1,-1,1187.321,1487120098005
8,22,2,0.3,1,2,2,1187.987,1487120098669,-1,-1,1187.854,1487120098538
8,1,2,0.3,1,3,1,1203.588,1487120114270,-1,-1,1203.488,1487120114170
8,2,2,0.3,1,3,3,1204.121,1487120114803,-1,-1,1204.021,1487120114706
8,3,2,0.3,1,0,2,1204.689,1487120115370,-1,-1,1204.555,1487120115240
8,4,2,0.3,1,0,0,1205.255,1487120115936,-1,-1,1205.122,1487120115806
8,5,2,0.3,1,2,0,1205.822,1487120116503,-1,-1,1205.688,1487120116373
8,6,2,0.3,1,0,1,1206.388,1487120117070,-1,-1,1206.255,1487120116939
8,7,2,0.3,0,1,0,1206.955,1487120117636,-1,-1,1206.822,1487120117506
8,8,2,0.3,0,2,0,1207.522,1487120118203,1207.589,1487120118270,1207.389,1487120118073
8,9,2,0.3,1,0,3,1208.088,1487120118770,-1,-1,1207.955,1487120118639
8,10,2,0.3,1,2,3,1208.622,1487120119304,-1,-1,1208.522,1487120119206
8,11,2,0.3,1,0,1,1209.188,1487120119870,-1,-1,1209.055,1487120119740
8,12,2,0.3,1,0,2,1209.755,1487120120436,-1,-1,1209.622,1487120120306
8,13,2,0.3,1,1,1,1210.289,1487120120970,1210.722,1487120121404,1210.188,1487120120872
8,14,2,0.3,1,1,2,1210.855,1487120121537,1211.289,1487120121970,1210.722,1487120121406
8,15,2,0.3,1,2,2,1211.422,1487120122103,-1,-1,1211.289,1487120121973
8,16,2,0.3,0,1,2,1211.956,1487120122637,-1,-1,1211.855,1487120122541
8,17,2,0.3,1,1,2,1212.522,1487120123204,1212.555,1487120123237,1212.389,1487120123073
8,18,2,0.3,1,2,3,1213.089,1487120123770,-1,-1,1212.955,1487120123639
8,19,2,0.3,1,0,1,1213.655,1487120124337,-1,-1,1213.522,1487120124206
8,20,2,0.3,0,1,3,1214.222,1487120124904,-1,-1,1214.089,1487120124773
8,21,2,0.3,1,0,0,1214.789,1487120125471,-1,-1,1214.655,1487120125340
8,22,2,0.3,1,2,1,1215.355,1487120126037,-1,-1,1215.222,1487120125906
