%Recollect Version 2.3. Scene/Level: , Game Number: 000
%Note: All true/false values are represented as "1" and "0" respectively.
%Damage:1,Player X Position,Player Y Position,Hearts Left,Time (Relative),Time (Absolute)
%LameBackObject:Algorithm Condition,Trial Number,Current N Level,Lure Rate,Is Correct,Stimulus Type,Stimulus Color,Presentation Time (R),Presentation Time (A),Response Time (R),Response Time (A),Expire Time (R),Expire Time (A)
%Possible values for "Color":Red=0,Blue=1,Green=2,Yellow=3,Purple=4,LightBlue=5,Brown=6,White=7,
%Possible values for "Type":NonTarget=0,Target=1,Lure=2,lessThanN=3,
8,1,2,0.3,1,3,2,15.52151,1487372557831,-1,-1,15.02097,1487372557332
8,2,2,0.3,1,3,0,18.6213,1487372560931,-1,-1,18.05448,1487372560367
8,3,2,0.3,1,0,1,21.62153,1487372563932,-1,-1,21.12131,1487372563436
8,4,2,0.3,1,0,2,24.68837,1487372566998,-1,-1,24.15482,1487372566468
8,5,2,0.3,1,1,1,27.78835,1487372570098,28.88908,1487372571199,27.22169,1487372569536
8,6,2,0.3,1,1,2,30.78858,1487372573099,31.65595,1487372573966,30.2885,1487372572601
8,7,2,0.3,1,2,2,33.82202,1487372576132,-1,-1,33.28867,1487372575601
8,8,2,0.3,1,0,0,36.8222,1487372579133,-1,-1,36.32217,1487372578635
8,9,2,0.3,1,2,0,39.82237,1487372582132,-1,-1,39.32225,1487372581635
8,10,2,0.3,1,2,2,42.85587,1487372585166,-1,-1,42.32263,1487372584635
8,11,2,0.3,1,2,2,45.8899,1487372588200,-1,-1,45.3561,1487372587669
8,12,2,0.3,1,0,1,48.95617,1487372591266,-1,-1,48.42284,1487372590735
8,13,2,0.3,1,0,3,51.98972,1487372594300,-1,-1,51.45648,1487372593769
8,14,2,0.3,1,2,2,55.0233,1487372597334,-1,-1,54.48986,1487372596803
8,15,2,0.3,1,2,1,58.02348,1487372600333,-1,-1,57.52337,1487372599837
8,16,2,0.3,1,1,2,61.02356,1487372603334,62.09108,1487372604401,60.52354,1487372602836
8,17,2,0.3,1,1,1,64.02398,1487372606334,65.22408,1487372607534,63.5238,1487372605836
8,18,2,0.3,1,1,2,67.09056,1487372609401,68.02484,1487372610335,66.55721,1487372608871
8,19,2,0.3,1,0,0,70.124,1487372612434,-1,-1,69.59071,1487372611903
8,20,2,0.3,1,0,3,73.12434,1487372615434,-1,-1,72.62421,1487372614939
8,21,2,0.3,1,0,1,76.15775,1487372618468,-1,-1,75.62434,1487372617937
8,22,2,0.3,1,1,3,79.19198,1487372621502,80.15797,1487372622468,78.6585,1487372620971
8,1,2,0.3,1,3,0,97.5256,1487372639836,-1,-1,97.02567,1487372639336
8,2,2,0.3,1,3,2,100.2926,1487372642603,-1,-1,99.79241,1487372642106
8,3,2,0.3,1,1,0,103.0593,1487372645369,104.0262,1487372646336,102.5597,1487372644872
8,4,2,0.3,1,2,0,105.8263,1487372648136,-1,-1,105.326,1487372647638
8,5,2,0.3,1,1,0,108.593,1487372650903,109.5934,1487372651904,108.093,1487372650406
8,6,2,0.3,1,0,2,111.3597,1487372653670,-1,-1,110.8597,1487372653173
8,7,2,0.3,1,0,3,114.1266,1487372656437,-1,-1,113.6265,1487372655941
8,8,2,0.3,1,2,0,116.8934,1487372659203,-1,-1,116.3934,1487372658707
8,9,2,0.3,1,0,1,119.6602,1487372661970,-1,-1,119.1602,1487372661473
8,10,2,0.3,1,0,2,122.4271,1487372664737,-1,-1,121.9273,1487372664240
8,11,2,0.3,1,0,3,125.1938,1487372667504,-1,-1,124.6938,1487372667007
8,12,2,0.3,1,1,2,127.9607,1487372670262,129.0274,1487372671327,127.4606,1487372669767
8,13,2,0.3,1,1,3,130.7275,1487372673027,131.6944,1487372673994,130.2274,1487372672529
8,14,2,0.3,1,0,1,133.4943,1487372675793,-1,-1,132.9944,1487372675296
8,15,2,0.3,1,2,1,136.2612,1487372678560,-1,-1,135.7611,1487372678063
8,16,2,0.3,1,1,1,139.028,1487372681327,140.0282,1487372682328,138.528,1487372680830
8,17,2,0.3,1,2,3,141.7951,1487372684094,-1,-1,141.2953,1487372683597
8,18,2,0.3,1,1,1,144.5616,1487372686861,145.6285,1487372687928,144.0616,1487372686363
8,19,2,0.3,1,0,0,147.3284,1487372689628,-1,-1,146.8284,1487372689131
8,20,2,0.3,1,2,3,150.0952,1487372692394,-1,-1,149.5952,1487372691897
8,21,2,0.3,1,0,2,152.8621,1487372695161,-1,-1,152.3621,1487372694664
8,22,2,0.3,1,2,0,155.6289,1487372697928,-1,-1,155.1289,1487372697431
8,1,2,0.3,1,3,2,173.6299,1487372715929,-1,-1,173.1965,1487372715496
8,2,2,0.3,1,3,3,176.0972,1487372718396,-1,-1,175.6633,1487372717965
8,3,2,0.3,1,0,0,178.5636,1487372720863,-1,-1,178.1302,1487372720432
8,4,2,0.3,1,0,2,181.0303,1487372723329,-1,-1,180.5975,1487372722900
8,5,2,0.3,1,2,2,183.4971,1487372725796,-1,-1,183.0638,1487372725365
8,6,2,0.3,1,1,2,185.964,1487372728263,186.5974,1487372728897,185.5307,1487372727832
8,7,2,0.3,1,2,3,188.4307,1487372730730,-1,-1,187.9974,1487372730299
8,8,2,0.3,1,0,1,190.8978,1487372733197,-1,-1,190.4642,1487372732767
8,9,2,0.3,1,2,2,193.3643,1487372735663,-1,-1,192.931,1487372735233
8,10,2,0.3,1,0,0,195.8311,1487372738130,-1,-1,195.3978,1487372737699
8,11,2,0.3,1,2,1,198.298,1487372740597,-1,-1,197.8646,1487372740166
8,12,2,0.3,1,1,0,200.7648,1487372743064,201.2989,1487372743598,200.3319,1487372742633
8,13,2,0.3,1,0,3,203.2317,1487372745531,-1,-1,202.7982,1487372745100
8,14,2,0.3,1,1,0,205.6984,1487372747998,206.2653,1487372748565,205.265,1487372747568
8,15,2,0.3,1,0,2,208.1652,1487372750464,-1,-1,207.7318,1487372750034
8,16,2,0.3,1,0,1,210.632,1487372752931,-1,-1,210.1986,1487372752502
8,17,2,0.3,1,1,2,213.0988,1487372755398,213.6655,1487372755965,212.6656,1487372754967
8,18,2,0.3,1,2,2,215.5656,1487372757865,-1,-1,215.1322,1487372757434
8,19,2,0.3,1,1,2,218.0324,1487372760332,218.5327,1487372760832,217.599,1487372759901
8,20,2,0.3,1,2,1,220.4997,1487372762799,-1,-1,220.0659,1487372762369
8,21,2,0.3,1,0,0,222.966,1487372765265,-1,-1,222.5327,1487372764835
8,22,2,0.3,1,1,1,225.4329,1487372767732,226.233,1487372768532,224.9995,1487372767301
8,1,2,0.3,1,3,3,243.1338,1487372785433,-1,-1,242.7338,1487372785033
8,2,2,0.3,1,3,2,245.3674,1487372787667,-1,-1,244.9673,1487372787270
8,3,2,0.3,1,0,0,247.6007,1487372789900,-1,-1,247.2007,1487372789504
8,4,2,0.3,1,1,2,249.8343,1487372792133,250.3009,1487372792600,249.4342,1487372791736
8,5,2,0.3,1,1,0,252.0677,1487372794367,252.568,1487372794867,251.6676,1487372793969
8,6,2,0.3,1,0,3,254.3011,1487372796600,-1,-1,253.9011,1487372796203
8,7,2,0.3,1,2,3,256.5347,1487372798834,-1,-1,256.1352,1487372798437
8,8,2,0.3,1,2,0,258.768,1487372801067,-1,-1,258.368,1487372800670
8,9,2,0.3,1,1,3,261.0015,1487372803301,261.7018,1487372804001,260.6015,1487372802903
8,10,2,0.3,1,2,3,263.235,1487372805534,-1,-1,262.8349,1487372805137
8,11,2,0.3,1,0,2,265.4684,1487372807768,-1,-1,265.0684,1487372807370
8,12,2,0.3,1,2,2,267.7019,1487372810001,-1,-1,267.3018,1487372809604
8,13,2,0.3,1,0,1,269.9353,1487372812235,-1,-1,269.5352,1487372811837
8,14,2,0.3,1,0,3,272.1688,1487372814468,-1,-1,271.7688,1487372814071
8,15,2,0.3,1,2,2,274.4022,1487372816701,-1,-1,274.0022,1487372816305
8,16,2,0.3,1,0,0,276.6357,1487372818935,-1,-1,276.2356,1487372818537
8,17,2,0.3,1,2,0,278.8692,1487372821168,-1,-1,278.4691,1487372820771
8,18,2,0.3,1,0,1,281.1027,1487372823402,-1,-1,280.7032,1487372823005
8,19,2,0.3,1,1,0,283.3361,1487372825635,283.9031,1487372826202,282.936,1487372825238
8,20,2,0.3,1,1,1,285.5695,1487372827869,286.0031,1487372828302,285.1695,1487372827473
8,21,2,0.3,1,1,0,287.803,1487372830102,288.3032,1487372830603,287.403,1487372829705
8,22,2,0.3,1,0,3,290.037,1487372832336,-1,-1,289.6364,1487372831938
8,1,2,0.3,1,3,0,307.4374,1487372849737,-1,-1,307.1041,1487372849404
8,2,2,0.3,1,3,2,309.4376,1487372851737,-1,-1,309.1042,1487372851406
8,3,2,0.3,1,0,1,311.4377,1487372853737,-1,-1,311.1044,1487372853406
8,4,2,0.3,1,1,2,313.4378,1487372855737,314.3712,1487372856671,313.1045,1487372855406
8,5,2,0.3,1,0,3,315.4379,1487372857737,-1,-1,315.1051,1487372857407
8,6,2,0.3,1,1,2,317.438,1487372859737,318.1716,1487372860471,317.1046,1487372859406
8,7,2,0.3,1,2,2,319.4381,1487372861737,-1,-1,319.1048,1487372861407
8,8,2,0.3,1,0,0,321.4382,1487372863737,-1,-1,321.1056,1487372863407
8,9,2,0.3,1,0,3,323.4383,1487372865737,-1,-1,323.105,1487372865407
8,10,2,0.3,1,1,0,325.4384,1487372867738,325.9724,1487372868272,325.1051,1487372867407
8,11,2,0.3,1,0,1,327.4386,1487372869738,-1,-1,327.1055,1487372869408
8,12,2,0.3,1,2,3,329.4393,1487372871738,-1,-1,329.1054,1487372871408
8,13,2,0.3,1,1,1,331.4387,1487372873738,331.9056,1487372874205,331.1054,1487372873407
8,14,2,0.3,1,2,1,333.4389,1487372875738,-1,-1,333.1055,1487372875407
8,15,2,0.3,1,0,2,335.439,1487372877738,-1,-1,335.1057,1487372877407
8,16,2,0.3,1,2,2,337.4391,1487372879738,-1,-1,337.1058,1487372879408
8,17,2,0.3,1,0,3,339.4392,1487372881738,-1,-1,339.1059,1487372881409
8,18,2,0.3,1,2,3,341.4393,1487372883739,-1,-1,341.1061,1487372883409
8,19,2,0.3,1,1,3,343.4395,1487372885739,343.9062,1487372886206,343.1061,1487372885408
8,20,2,0.3,1,1,3,345.4396,1487372887739,345.9066,1487372888206,345.1062,1487372887408
8,21,2,0.3,1,0,0,347.4397,1487372889739,-1,-1,347.1063,1487372889408
8,22,2,0.3,1,2,0,349.4398,1487372891739,-1,-1,349.1071,1487372891410
8,1,2,0.3,1,3,3,366.6408,1487372908941,-1,-1,366.3075,1487372908607
8,2,2,0.3,1,3,0,368.4742,1487372910773,-1,-1,368.1408,1487372910443
8,3,2,0.3,1,1,3,370.3076,1487372912607,370.8079,1487372913107,369.9744,1487372912276
8,4,2,0.3,1,0,2,372.1411,1487372914440,-1,-1,371.8077,1487372914110
8,5,2,0.3,1,2,2,373.9746,1487372916274,-1,-1,373.6411,1487372915943
8,6,2,0.3,1,2,3,375.808,1487372918107,-1,-1,375.4746,1487372917776
8,7,2,0.3,1,1,2,377.6414,1487372919941,378.1083,1487372920408,377.308,1487372919610
8,8,2,0.3,1,0,1,379.4748,1487372921774,-1,-1,379.1414,1487372921444
8,9,2,0.3,1,0,0,381.3083,1487372923607,-1,-1,380.9749,1487372923277
8,10,2,0.3,1,0,3,383.1418,1487372925441,-1,-1,382.8083,1487372925110
8,11,2,0.3,1,0,2,384.9751,1487372927274,-1,-1,384.6417,1487372926943
8,12,2,0.3,1,1,3,386.8086,1487372929108,387.3421,1487372929641,386.4752,1487372928780
8,13,2,0.3,1,2,3,388.642,1487372930941,-1,-1,388.3087,1487372930610
8,14,2,0.3,1,0,0,390.4754,1487372932775,-1,-1,390.1421,1487372932444
8,15,2,0.3,1,2,0,392.309,1487372934608,-1,-1,391.9755,1487372934277
8,16,2,0.3,1,0,2,394.1424,1487372936442,-1,-1,393.809,1487372936111
8,17,2,0.3,1,1,0,395.9758,1487372938275,396.7094,1487372939009,395.6426,1487372937944
8,18,2,0.3,1,2,0,397.8096,1487372940109,-1,-1,397.4758,1487372939777
8,19,2,0.3,1,2,2,399.6427,1487372941942,-1,-1,399.3092,1487372941611
8,20,2,0.3,1,1,0,401.4761,1487372943775,402.0764,1487372944376,401.1428,1487372943445
8,21,2,0.3,1,0,1,403.3095,1487372945609,-1,-1,402.9761,1487372945278
8,22,2,0.3,1,1,0,405.1429,1487372947442,405.7098,1487372948009,404.8096,1487372947112
8,1,2,0.3,1,3,2,422.144,1487372964443,-1,-1,421.844,1487372964143
8,2,2,0.3,1,3,1,423.7773,1487372966076,-1,-1,423.4773,1487372965779
8,3,2,0.3,1,1,2,425.4108,1487372967711,425.8458,1487372968145,425.1107,1487372967412
8,4,2,0.3,1,2,2,427.0443,1487372969343,-1,-1,426.7444,1487372969046
8,5,2,0.3,1,1,2,428.6776,1487372970977,429.1779,1487372971477,428.3776,1487372970679
8,6,2,0.3,1,0,1,430.3112,1487372972610,-1,-1,430.0111,1487372972314
8,7,2,0.3,1,0,3,431.9444,1487372974244,-1,-1,431.6444,1487372973946
8,8,2,0.3,1,2,2,433.5779,1487372975877,-1,-1,433.2779,1487372975580
8,9,2,0.3,1,1,3,435.2113,1487372977510,435.7116,1487372978011,434.9113,1487372977214
8,10,2,0.3,1,0,0,436.8447,1487372979144,-1,-1,436.5447,1487372978847
8,11,2,0.3,1,0,1,438.4781,1487372980777,-1,-1,438.1781,1487372980480
8,12,2,0.3,1,0,2,440.1116,1487372982411,-1,-1,439.8114,1487372982113
8,13,2,0.3,1,2,0,441.7451,1487372984044,-1,-1,441.4451,1487372983747
8,14,2,0.3,1,1,2,443.3784,1487372985678,443.8452,1487372986145,443.0784,1487372985382
8,15,2,0.3,1,0,3,445.0118,1487372987311,-1,-1,444.7119,1487372987014
8,16,2,0.3,1,0,1,446.6453,1487372988944,-1,-1,446.3453,1487372988648
8,17,2,0.3,1,0,0,448.2787,1487372990578,-1,-1,447.9787,1487372990281
8,18,2,0.3,1,2,0,449.9121,1487372992211,-1,-1,449.6121,1487372991914
8,19,2,0.3,1,1,0,451.546,1487372993845,452.0457,1487372994345,451.2455,1487372993548
8,20,2,0.3,1,2,3,453.179,1487372995478,-1,-1,452.879,1487372995181
8,21,2,0.3,1,1,0,454.8123,1487372997112,455.2791,1487372997578,454.5123,1487372996815
8,22,2,0.3,1,2,0,456.4463,1487372998745,-1,-1,456.1458,1487372998448
8,1,2,0.3,1,3,3,473.2135,1487373015513,-1,-1,472.9467,1487373015246
8,2,2,0.3,1,3,1,474.6802,1487373016979,-1,-1,474.4137,1487373016716
8,3,2,0.3,1,0,2,476.1469,1487373018446,-1,-1,475.8807,1487373018182
8,4,2,0.3,1,1,1,477.6138,1487373019913,478.1138,1487373020413,477.347,1487373019650
8,5,2,0.3,1,0,3,479.0805,1487373021380,-1,-1,478.8138,1487373021115
8,6,2,0.3,1,0,0,480.5474,1487373022847,-1,-1,480.2805,1487373022582
8,7,2,0.3,1,1,3,482.0139,1487373024313,482.5475,1487373024847,481.7472,1487373024049
8,8,2,0.3,1,0,1,483.4807,1487373025780,-1,-1,483.214,1487373025516
8,9,2,0.3,0,2,0,484.9474,1487373027247,485.5147,1487373027814,484.6808,1487373026985
8,10,2,0.3,1,2,3,486.4141,1487373028713,-1,-1,486.1475,1487373028449
8,11,2,0.3,1,0,2,487.881,1487373030180,-1,-1,487.6142,1487373029916
8,12,2,0.3,1,1,3,489.3477,1487373031647,489.8147,1487373032114,489.0816,1487373031383
8,13,2,0.3,1,0,0,490.8144,1487373033114,-1,-1,490.5478,1487373032850
8,14,2,0.3,1,0,1,492.2812,1487373034580,-1,-1,492.0146,1487373034316
8,15,2,0.3,1,0,2,493.7484,1487373036048,-1,-1,493.4812,1487373035783
8,16,2,0.3,1,1,1,495.2146,1487373037514,495.7147,1487373038014,494.948,1487373037250
8,17,2,0.3,1,2,1,496.6814,1487373038981,-1,-1,496.4147,1487373038717
8,18,2,0.3,1,2,2,498.1482,1487373040447,-1,-1,497.8815,1487373040183
8,19,2,0.3,1,2,2,499.615,1487373041914,-1,-1,499.3482,1487373041650
8,20,2,0.3,1,2,1,501.0817,1487373043381,-1,-1,500.815,1487373043117
8,21,2,0.3,1,1,2,502.5484,1487373044848,503.1153,1487373045415,502.2823,1487373044585
8,22,2,0.3,1,1,1,504.0152,1487373046314,504.5485,1487373046848,503.7485,1487373046050
8,1,2,0.3,1,3,3,520.6161,1487373062915,-1,-1,520.3828,1487373062682
8,2,2,0.3,1,3,2,521.9495,1487373064249,-1,-1,521.7164,1487373064019
8,3,2,0.3,1,1,3,523.2829,1487373065582,524.0833,1487373066383,523.0496,1487373065351
8,4,2,0.3,1,0,1,524.6163,1487373066915,-1,-1,524.383,1487373066685
8,5,2,0.3,1,1,3,525.9497,1487373068249,526.4498,1487373068749,525.7164,1487373068018
8,6,2,0.3,1,0,0,527.2831,1487373069582,-1,-1,527.0497,1487373069354
8,7,2,0.3,1,1,3,528.6165,1487373070916,529.0835,1487373071383,528.3832,1487373070685
8,8,2,0.3,1,0,2,529.95,1487373072249,-1,-1,529.7166,1487373072018
8,9,2,0.3,1,0,1,531.2834,1487373073583,-1,-1,531.0499,1487373073352
8,10,2,0.3,1,2,1,532.6168,1487373074916,-1,-1,532.3837,1487373074685
8,11,2,0.3,1,1,1,533.9501,1487373076249,534.5504,1487373076850,533.7173,1487373076020
8,12,2,0.3,1,0,2,535.2841,1487373077584,-1,-1,535.0502,1487373077353
8,13,2,0.3,1,2,2,536.617,1487373078916,-1,-1,536.3837,1487373078686
8,14,2,0.3,1,2,1,537.9504,1487373080250,-1,-1,537.7173,1487373080019
8,15,2,0.3,1,0,3,539.2838,1487373081583,-1,-1,539.0504,1487373081352
8,16,2,0.3,1,0,0,540.6172,1487373082916,-1,-1,540.3839,1487373082687
8,17,2,0.3,1,2,1,541.9511,1487373084250,-1,-1,541.7172,1487373084019
8,18,2,0.3,1,1,0,543.284,1487373085583,543.9174,1487373086217,543.0506,1487373085352
8,19,2,0.3,1,2,0,544.6174,1487373086917,-1,-1,544.3846,1487373086687
8,20,2,0.3,1,1,0,545.9513,1487373088251,546.851,1487373089150,545.7175,1487373088019
8,21,2,0.3,1,0,3,547.2843,1487373089584,-1,-1,547.0509,1487373089353
8,22,2,0.3,1,2,3,548.6176,1487373090917,-1,-1,548.3851,1487373090687
8,1,2,0.3,1,3,1,565.0851,1487373107384,-1,-1,564.8519,1487373107152
8,2,2,0.3,1,3,2,566.3185,1487373108618,-1,-1,566.0852,1487373108387
8,3,2,0.3,1,0,0,567.552,1487373109851,-1,-1,567.3187,1487373109621
8,4,2,0.3,1,0,3,568.7854,1487373111085,-1,-1,568.552,1487373110854
8,5,2,0.3,1,2,3,570.0189,1487373112318,-1,-1,569.7855,1487373112088
8,6,2,0.3,1,0,1,571.2524,1487373113552,-1,-1,571.0189,1487373113322
8,7,2,0.3,1,0,0,572.4856,1487373114785,-1,-1,572.2523,1487373114554
8,8,2,0.3,1,1,1,573.7191,1487373116018,574.2192,1487373116519,573.4857,1487373115787
8,9,2,0.3,1,2,1,574.9528,1487373117252,-1,-1,574.7191,1487373117021
8,10,2,0.3,1,0,2,576.186,1487373118485,-1,-1,575.9526,1487373118254
8,11,2,0.3,1,2,2,577.4193,1487373119718,-1,-1,577.1859,1487373119488
8,12,2,0.3,1,2,1,578.6526,1487373120952,-1,-1,578.4199,1487373120722
8,13,2,0.3,1,2,1,579.886,1487373122185,-1,-1,579.6528,1487373121954
8,14,2,0.3,1,0,0,581.1195,1487373123419,-1,-1,580.8861,1487373123188
8,15,2,0.3,1,0,2,582.3531,1487373124652,-1,-1,582.1195,1487373124421
8,16,2,0.3,1,1,0,583.5863,1487373125885,584.0865,1487373126386,583.353,1487373125655
8,17,2,0.3,1,1,2,584.8197,1487373127119,585.2865,1487373127586,584.5864,1487373126888
8,18,2,0.3,1,1,0,586.0536,1487373128353,586.4874,1487373128787,585.8201,1487373128123
8,19,2,0.3,1,0,3,587.2866,1487373129586,-1,-1,587.0532,1487373129355
8,20,2,0.3,1,1,0,588.5199,1487373130819,589.2202,1487373131520,588.2866,1487373130589
8,21,2,0.3,1,1,3,589.7534,1487373132053,590.2537,1487373132553,589.52,1487373131822
8,22,2,0.3,1,2,3,590.9868,1487373133286,-1,-1,590.7534,1487373133055
8,1,2,0.3,1,3,1,607.3544,1487373149654,-1,-1,607.1209,1487373149420
8,2,2,0.3,1,3,2,608.4877,1487373150787,-1,-1,608.2545,1487373150556
8,3,2,0.3,1,0,0,609.6211,1487373151920,-1,-1,609.3878,1487373151691
8,4,2,0.3,1,2,0,610.7545,1487373153054,-1,-1,610.5211,1487373152824
8,5,2,0.3,1,0,3,611.8879,1487373154187,-1,-1,611.6545,1487373153957
8,6,2,0.3,1,2,3,613.0212,1487373155320,-1,-1,612.7879,1487373155090
8,7,2,0.3,1,1,3,614.1552,1487373156454,614.6883,1487373156988,613.9213,1487373156223
8,8,2,0.3,1,2,1,615.2881,1487373157587,-1,-1,615.0552,1487373157358
8,9,2,0.3,1,1,3,616.4214,1487373158721,616.8884,1487373159188,616.1881,1487373158490
8,10,2,0.3,1,0,2,617.5549,1487373159854,-1,-1,617.3215,1487373159623
8,11,2,0.3,1,1,3,618.6882,1487373160987,619.1215,1487373161421,618.4549,1487373160757
8,12,2,0.3,1,1,2,619.8217,1487373162121,620.3885,1487373162688,619.5883,1487373161890
8,13,2,0.3,1,1,3,620.9552,1487373163254,621.4217,1487373163721,620.7217,1487373163024
8,14,2,0.3,1,0,0,622.0886,1487373164388,-1,-1,621.8555,1487373164157
8,15,2,0.3,1,1,3,623.2219,1487373165521,623.6888,1487373165989,622.9885,1487373165290
8,16,2,0.3,1,0,1,624.3552,1487373166654,-1,-1,624.1219,1487373166424
8,17,2,0.3,1,0,2,625.4886,1487373167788,-1,-1,625.2556,1487373167557
8,18,2,0.3,1,0,0,626.622,1487373168921,-1,-1,626.3887,1487373168693
8,19,2,0.3,1,2,1,627.7554,1487373170055,-1,-1,627.5221,1487373169824
8,20,2,0.3,1,0,3,628.8889,1487373171188,-1,-1,628.6555,1487373170957
8,21,2,0.3,1,2,3,630.023,1487373172322,-1,-1,629.7888,1487373172091
8,22,2,0.3,1,2,1,631.1556,1487373173455,-1,-1,630.9224,1487373173224
8,1,2,0.3,1,3,1,647.3565,1487373189656,-1,-1,647.1899,1487373189489
8,2,2,0.3,1,3,0,648.3234,1487373190623,-1,-1,648.1566,1487373190458
8,3,2,0.3,1,0,2,649.2901,1487373191589,-1,-1,649.1232,1487373191426
8,4,2,0.3,1,0,3,650.2567,1487373192556,-1,-1,650.0901,1487373192392
8,5,2,0.3,1,2,3,651.2235,1487373193523,-1,-1,651.0568,1487373193359
8,6,2,0.3,1,2,2,652.1901,1487373194489,-1,-1,652.0235,1487373194325
8,7,2,0.3,1,1,3,653.1569,1487373195456,653.6902,1487373195990,652.9902,1487373195292
8,8,2,0.3,1,2,3,654.1237,1487373196423,-1,-1,653.9569,1487373196259
8,9,2,0.3,1,1,3,655.0904,1487373197390,655.8573,1487373198157,654.9236,1487373197226
8,10,2,0.3,1,2,0,656.0571,1487373198356,-1,-1,655.8904,1487373198192
8,11,2,0.3,1,0,2,657.0239,1487373199323,-1,-1,656.8571,1487373199160
8,12,2,0.3,1,2,3,657.9905,1487373200290,-1,-1,657.8238,1487373200126
8,13,2,0.3,1,1,2,658.9572,1487373201256,659.4241,1487373201723,658.7908,1487373201092
8,14,2,0.3,1,1,3,659.924,1487373202223,660.3573,1487373202657,659.7573,1487373202059
8,15,2,0.3,1,0,0,660.8906,1487373203190,-1,-1,660.7239,1487373203027
8,16,2,0.3,1,1,3,661.8575,1487373204157,662.3909,1487373204690,661.6907,1487373203993
8,17,2,0.3,1,2,3,662.8241,1487373205123,-1,-1,662.6574,1487373204959
8,18,2,0.3,1,0,1,663.7908,1487373206090,-1,-1,663.6241,1487373205926
8,19,2,0.3,1,1,3,664.7575,1487373207057,665.2913,1487373207591,664.5908,1487373206893
8,20,2,0.3,1,0,0,665.7242,1487373208023,-1,-1,665.5576,1487373207859
8,21,2,0.3,1,0,2,666.691,1487373208990,-1,-1,666.5244,1487373208827
8,22,2,0.3,1,0,1,667.6577,1487373209957,-1,-1,667.491,1487373209793
8,1,2,0.3,1,3,0,683.7253,1487373226024,-1,-1,683.5586,1487373225858
8,2,2,0.3,1,3,1,684.6253,1487373226924,-1,-1,684.4586,1487373226761
8,3,2,0.3,1,2,1,685.5253,1487373227824,-1,-1,685.3586,1487373227660
8,4,2,0.3,1,1,1,686.4254,1487373228725,686.8922,1487373229192,686.2587,1487373228561
8,5,2,0.3,1,2,3,687.3254,1487373229625,-1,-1,687.1588,1487373229462
8,6,2,0.3,1,2,3,688.2257,1487373230525,-1,-1,688.0588,1487373230361
8,7,2,0.3,1,1,3,689.1255,1487373231425,689.5592,1487373231859,688.9589,1487373231261
8,8,2,0.3,1,0,1,690.0256,1487373232325,-1,-1,689.8589,1487373232161
8,9,2,0.3,1,0,2,690.9257,1487373233225,-1,-1,690.759,1487373233061
8,10,2,0.3,1,0,0,691.8257,1487373234125,-1,-1,691.6592,1487373233963
8,11,2,0.3,1,0,3,692.7258,1487373235025,-1,-1,692.5598,1487373234862
8,12,2,0.3,1,2,3,693.6258,1487373235925,-1,-1,693.4591,1487373235761
8,13,2,0.3,1,1,3,694.5259,1487373236825,694.9594,1487373237259,694.3592,1487373236661
8,14,2,0.3,1,1,3,695.426,1487373237725,695.8595,1487373238159,695.2592,1487373237561
8,15,2,0.3,1,1,3,696.3262,1487373238625,696.7595,1487373239059,696.1595,1487373238465
8,16,2,0.3,1,0,1,697.226,1487373239525,-1,-1,697.0593,1487373239361
8,17,2,0.3,1,2,1,698.1266,1487373240426,-1,-1,697.9593,1487373240261
8,18,2,0.3,1,2,3,699.0261,1487373241325,-1,-1,698.8594,1487373241161
8,19,2,0.3,1,0,2,699.9261,1487373242225,-1,-1,699.7595,1487373242062
8,20,2,0.3,1,0,0,700.8262,1487373243125,-1,-1,700.66,1487373242964
8,21,2,0.3,1,1,2,701.7269,1487373244027,702.2599,1487373244559,701.5596,1487373243861
8,22,2,0.3,1,0,3,702.6262,1487373244925,-1,-1,702.4597,1487373244761
8,1,2,0.3,1,3,3,718.6274,1487373260927,-1,-1,718.4606,1487373260760
8,2,2,0.3,1,3,2,719.4606,1487373261760,-1,-1,719.2939,1487373261599
8,3,2,0.3,1,0,0,720.2941,1487373262593,-1,-1,720.1273,1487373262429
8,4,2,0.3,1,1,2,721.1274,1487373263427,721.6959,1487373263995,720.9608,1487373263263
8,5,2,0.3,1,1,0,721.9609,1487373264260,722.361,1487373264660,721.7942,1487373264096
8,6,2,0.3,1,0,1,722.794,1487373265093,-1,-1,722.6276,1487373264929
8,7,2,0.3,1,0,3,723.6275,1487373265927,-1,-1,723.4608,1487373265764
8,8,2,0.3,1,0,2,724.4615,1487373266761,-1,-1,724.2943,1487373266596
8,9,2,0.3,1,2,1,725.2943,1487373267593,-1,-1,725.1276,1487373267430
8,10,2,0.3,1,2,1,726.1276,1487373268427,-1,-1,725.9609,1487373268263
8,11,2,0.3,1,0,0,726.961,1487373269260,-1,-1,726.7943,1487373269096
8,12,2,0.3,1,2,0,727.7947,1487373270094,-1,-1,727.6277,1487373269930
8,13,2,0.3,1,0,2,728.6279,1487373270927,-1,-1,728.4611,1487373270763
8,14,2,0.3,1,1,0,729.4612,1487373271760,729.8951,1487373272194,729.2945,1487373271597
8,15,2,0.3,1,0,3,730.2944,1487373272594,-1,-1,730.1279,1487373272430
8,16,2,0.3,1,1,0,731.1279,1487373273427,731.6612,1487373273961,730.9612,1487373273263
8,17,2,0.3,1,1,3,731.9613,1487373274260,732.395,1487373274694,731.7946,1487373274096
8,18,2,0.3,1,2,3,732.7947,1487373275094,-1,-1,732.628,1487373274930
8,19,2,0.3,1,2,0,733.6281,1487373275927,-1,-1,733.4614,1487373275764
8,20,2,0.3,1,0,1,734.4614,1487373276761,-1,-1,734.2949,1487373276597
8,21,2,0.3,1,2,3,735.2947,1487373277594,-1,-1,735.1287,1487373277430
8,22,2,0.3,1,1,1,736.1282,1487373278427,736.5283,1487373278828,735.9615,1487373278263
8,1,2,0.3,1,3,0,752.0624,1487373294362,-1,-1,751.8958,1487373294195
8,2,2,0.3,1,3,2,752.8292,1487373295128,-1,-1,752.6627,1487373294966
8,3,2,0.3,1,0,1,753.5958,1487373295895,-1,-1,753.4292,1487373295731
8,4,2,0.3,1,2,1,754.3627,1487373296662,-1,-1,754.1959,1487373296499
8,5,2,0.3,1,0,0,755.1293,1487373297428,-1,-1,754.9628,1487373297265
8,6,2,0.3,1,1,1,755.896,1487373298195,756.363,1487373298662,755.7293,1487373298031
8,7,2,0.3,1,2,1,756.6627,1487373298962,-1,-1,756.496,1487373298798
8,8,2,0.3,1,0,3,757.4294,1487373299729,-1,-1,757.2627,1487373299564
8,9,2,0.3,1,1,1,758.1961,1487373300495,758.6295,1487373300929,758.0294,1487373300332
8,10,2,0.3,1,1,3,758.9629,1487373301262,759.3632,1487373301663,758.7961,1487373301099
8,11,2,0.3,1,2,3,759.7296,1487373302029,-1,-1,759.563,1487373301865
8,12,2,0.3,1,0,2,760.4962,1487373302795,-1,-1,760.3296,1487373302631
8,13,2,0.3,1,0,0,761.2629,1487373303562,-1,-1,761.0963,1487373303399
8,14,2,0.3,1,1,2,762.0297,1487373304329,762.4639,1487373304763,761.863,1487373304165
8,15,2,0.3,1,0,3,762.7964,1487373305096,-1,-1,762.6297,1487373304931
8,16,2,0.3,1,1,2,763.5632,1487373305862,764.1298,1487373306429,763.3964,1487373305699
8,17,2,0.3,1,2,2,764.3298,1487373306629,-1,-1,764.1631,1487373306465
8,18,2,0.3,1,0,1,765.0965,1487373307396,-1,-1,764.9299,1487373307232
8,19,2,0.3,1,2,1,765.8633,1487373308163,-1,-1,765.6965,1487373307998
8,20,2,0.3,1,0,0,766.6301,1487373308929,-1,-1,766.4634,1487373308765
8,21,2,0.3,1,1,1,767.3966,1487373309696,767.8302,1487373310130,767.23,1487373309533
8,22,2,0.3,1,2,1,768.1633,1487373310463,-1,-1,767.9966,1487373310299
8,1,2,0.3,1,3,2,783.9976,1487373326297,-1,-1,783.8643,1487373326164
8,2,2,0.3,1,3,3,784.6642,1487373326963,-1,-1,784.5317,1487373326833
8,3,2,0.3,1,0,1,785.3318,1487373327631,-1,-1,785.1976,1487373327501
8,4,2,0.3,1,1,3,785.9979,1487373328297,786.3976,1487373328697,785.8643,1487373328167
8,5,2,0.3,1,0,0,786.6643,1487373328964,-1,-1,786.5311,1487373328833
8,6,2,0.3,1,1,3,787.3311,1487373329630,787.7982,1487373330098,787.1979,1487373329500
8,7,2,0.3,1,2,3,787.9978,1487373330298,-1,-1,787.8644,1487373330166
8,8,2,0.3,1,0,2,788.6645,1487373330964,-1,-1,788.5311,1487373330833
8,9,2,0.3,1,1,3,789.3312,1487373331630,789.7983,1487373332098,789.1979,1487373331500
8,10,2,0.3,1,2,3,789.9979,1487373332297,-1,-1,789.8646,1487373332166
8,11,2,0.3,1,1,3,790.6648,1487373332964,791.1982,1487373333498,790.5313,1487373332833
8,12,2,0.3,1,2,0,791.3313,1487373333631,-1,-1,791.1982,1487373333501
8,13,2,0.3,1,0,1,791.998,1487373334297,-1,-1,791.8647,1487373334166
8,14,2,0.3,1,0,2,792.6649,1487373334964,-1,-1,792.5314,1487373334834
8,15,2,0.3,1,2,2,793.3315,1487373335631,-1,-1,793.198,1487373335502
8,16,2,0.3,1,1,2,793.9981,1487373336297,794.465,1487373336764,793.8651,1487373336167
8,17,2,0.3,1,0,3,794.6649,1487373336964,-1,-1,794.5314,1487373336833
8,18,2,0.3,1,2,3,795.3315,1487373337631,-1,-1,795.1982,1487373337500
8,19,2,0.3,1,0,0,795.9982,1487373338297,-1,-1,795.8651,1487373338167
8,20,2,0.3,1,2,0,796.665,1487373338964,-1,-1,796.5316,1487373338834
8,21,2,0.3,1,0,1,797.3317,1487373339631,-1,-1,797.1983,1487373339500
8,22,2,0.3,1,1,0,797.9984,1487373340298,798.4319,1487373340731,797.865,1487373340167
8,1,2,0.3,1,3,2,813.7325,1487373356032,-1,-1,813.5992,1487373355899
8,2,2,0.3,1,3,1,814.3327,1487373356632,-1,-1,814.1993,1487373356502
8,3,2,0.3,1,2,1,814.9326,1487373357232,-1,-1,814.7993,1487373357101
8,4,2,0.3,1,0,3,815.5327,1487373357832,-1,-1,815.3994,1487373357701
8,5,2,0.3,1,0,2,816.1327,1487373358432,-1,-1,815.9994,1487373358301
8,6,2,0.3,0,1,3,816.7328,1487373359032,-1,-1,816.5994,1487373358901
8,7,2,0.3,1,2,3,817.3329,1487373359632,-1,-1,817.2025,1487373359505
8,8,2,0.3,1,0,0,817.9333,1487373360232,-1,-1,817.7996,1487373360100
8,9,2,0.3,1,0,2,818.5329,1487373360832,-1,-1,818.3995,1487373360701
8,10,2,0.3,0,1,0,819.133,1487373361432,-1,-1,818.9995,1487373361301
8,11,2,0.3,1,2,0,819.7333,1487373362033,-1,-1,819.5995,1487373361902
8,12,2,0.3,1,2,2,820.3329,1487373362632,-1,-1,820.2002,1487373362503
8,13,2,0.3,0,0,1,820.9352,1487373363235,820.9663,1487373363266,820.7995,1487373363101
8,14,2,0.3,0,1,2,821.533,1487373363832,-1,-1,821.3998,1487373363702
8,15,2,0.3,0,1,1,822.1342,1487373364433,-1,-1,822.0029,1487373364305
8,16,2,0.3,0,2,1,822.7333,1487373365033,822.7997,1487373365099,822.5997,1487373364902
8,17,2,0.3,0,1,1,823.3332,1487373365632,-1,-1,823.1998,1487373365503
8,18,2,0.3,0,0,0,823.9332,1487373366233,823.9664,1487373366266,823.7998,1487373366102
8,19,2,0.3,1,0,3,824.5334,1487373366833,-1,-1,824.3998,1487373366702
8,20,2,0.3,1,0,2,825.1332,1487373367432,-1,-1,824.9999,1487373367302
8,21,2,0.3,1,2,2,825.7332,1487373368032,-1,-1,825.5998,1487373367902
8,22,2,0.3,1,1,2,826.3334,1487373368633,826.8003,1487373369100,826.1999,1487373368503
8,1,2,0.3,1,3,3,842.0009,1487373384300,-1,-1,841.8675,1487373384167
8,2,2,0.3,1,3,1,842.6675,1487373384967,-1,-1,842.5342,1487373384837
8,3,2,0.3,1,0,0,843.3344,1487373385634,-1,-1,843.2009,1487373385503
8,4,2,0.3,1,1,1,844.0009,1487373386300,844.4011,1487373386701,843.8676,1487373386169
8,5,2,0.3,1,1,0,844.6677,1487373386967,845.0679,1487373387367,844.5343,1487373386837
8,6,2,0.3,1,0,3,845.3344,1487373387634,-1,-1,845.201,1487373387503
8,7,2,0.3,1,2,3,846.001,1487373388300,-1,-1,845.8677,1487373388169
8,8,2,0.3,1,0,2,846.6678,1487373388967,-1,-1,846.5345,1487373388837
8,9,2,0.3,1,1,3,847.3345,1487373389634,847.7681,1487373390068,847.2011,1487373389503
8,10,2,0.3,1,0,0,848.0011,1487373390300,-1,-1,847.8678,1487373390170
8,11,2,0.3,1,1,3,848.6678,1487373390967,849.068,1487373391367,848.5346,1487373390836
8,12,2,0.3,1,1,0,849.3346,1487373391634,849.7348,1487373392034,849.2017,1487373391505
8,13,2,0.3,1,1,3,850.0013,1487373392301,850.4014,1487373392701,849.8679,1487373392170
8,14,2,0.3,1,0,1,850.668,1487373392967,-1,-1,850.5347,1487373392836
8,15,2,0.3,1,0,2,851.3347,1487373393634,-1,-1,851.2014,1487373393503
8,16,2,0.3,1,2,2,852.0013,1487373394300,-1,-1,851.868,1487373394171
8,17,2,0.3,1,2,1,852.6687,1487373394968,-1,-1,852.5347,1487373394836
8,18,2,0.3,1,2,1,853.3348,1487373395634,-1,-1,853.2014,1487373395503
8,19,2,0.3,1,0,0,854.0015,1487373396301,-1,-1,853.8686,1487373396170
8,20,2,0.3,1,2,0,854.6682,1487373396967,-1,-1,854.535,1487373396837
8,21,2,0.3,1,0,2,855.3349,1487373397634,-1,-1,855.2016,1487373397503
8,22,2,0.3,1,2,2,856.0016,1487373398301,-1,-1,855.8683,1487373398170
8,1,2,0.3,1,3,1,871.736,1487373414035,-1,-1,871.6026,1487373413902
8,2,2,0.3,1,3,3,872.3359,1487373414635,-1,-1,872.2025,1487373414506
8,3,2,0.3,0,1,1,872.9359,1487373415235,-1,-1,872.8027,1487373415104
8,4,2,0.3,1,0,2,873.5359,1487373415835,-1,-1,873.4052,1487373415707
8,5,2,0.3,0,1,1,874.136,1487373416436,-1,-1,874.0033,1487373416305
8,6,2,0.3,1,0,3,874.7366,1487373417036,-1,-1,874.6028,1487373416905
8,7,2,0.3,1,0,0,875.3361,1487373417635,-1,-1,875.2027,1487373417505
8,8,2,0.3,1,0,2,875.9363,1487373418235,-1,-1,875.8028,1487373418105
8,9,2,0.3,1,0,1,876.5361,1487373418835,-1,-1,876.4028,1487373418707
8,10,2,0.3,0,1,2,877.1362,1487373419435,-1,-1,877.0035,1487373419305
8,11,2,0.3,1,0,0,877.7086,1487373420008,-1,-1,877.6037,1487373419906
8,12,2,0.3,0,1,2,878.3362,1487373420635,-1,-1,878.2029,1487373420505
8,13,2,0.3,0,2,2,878.9074,1487373421207,878.9363,1487373421236,878.8029,1487373421105
8,14,2,0.3,1,2,0,879.5363,1487373421835,-1,-1,879.403,1487373421706
8,15,2,0.3,1,0,1,880.1363,1487373422435,-1,-1,880.0034,1487373422308
8,16,2,0.3,0,1,0,880.7365,1487373423036,-1,-1,880.6033,1487373422905
8,17,2,0.3,0,1,1,881.3365,1487373423636,-1,-1,881.203,1487373423505
8,18,2,0.3,1,2,1,881.9368,1487373424236,-1,-1,881.8068,1487373424108
8,19,2,0.3,1,2,0,882.5367,1487373424836,-1,-1,882.4031,1487373424706
8,20,2,0.3,1,0,3,883.1365,1487373425436,-1,-1,883.0032,1487373425305
8,21,2,0.3,1,2,3,883.7365,1487373426036,-1,-1,883.6033,1487373425905
8,22,2,0.3,0,2,0,884.3365,1487373426636,884.7703,1487373427070,884.2032,1487373426505
8,1,2,0.3,1,3,2,900.0041,1487373442303,-1,-1,899.8713,1487373442171
8,2,2,0.3,1,3,1,900.6708,1487373442970,-1,-1,900.5375,1487373442840
8,3,2,0.3,1,2,1,901.3381,1487373443637,-1,-1,901.2042,1487373443506
8,4,2,0.3,1,0,3,902.0056,1487373444305,-1,-1,901.871,1487373444173
8,5,2,0.3,1,0,0,902.6709,1487373444970,-1,-1,902.5375,1487373444839
8,6,2,0.3,1,2,1,903.3376,1487373445637,-1,-1,903.2043,1487373445506
8,7,2,0.3,1,0,2,904.0043,1487373446303,-1,-1,903.871,1487373446173
8,8,2,0.3,1,1,1,904.671,1487373446970,905.1045,1487373447404,904.5377,1487373446839
8,9,2,0.3,1,2,1,905.3377,1487373447637,-1,-1,905.2054,1487373447508
8,10,2,0.3,1,0,3,906.0043,1487373448303,-1,-1,905.8711,1487373448173
8,11,2,0.3,1,1,1,906.671,1487373448970,907.1046,1487373449404,906.5378,1487373448839
8,12,2,0.3,0,2,1,907.338,1487373449637,907.8045,1487373450104,907.2045,1487373449506
8,13,2,0.3,1,2,3,908.0045,1487373450304,-1,-1,907.8712,1487373450173
8,14,2,0.3,1,0,0,908.6715,1487373450971,-1,-1,908.5379,1487373450840
8,15,2,0.3,0,1,3,909.3379,1487373451637,-1,-1,909.2046,1487373451506
8,16,2,0.3,1,2,3,910.0046,1487373452304,-1,-1,909.8713,1487373452173
8,17,2,0.3,1,1,3,910.6714,1487373452971,911.1714,1487373453471,910.5385,1487373452840
8,18,2,0.3,1,0,0,911.3387,1487373453638,-1,-1,911.2047,1487373453508
8,19,2,0.3,1,0,1,912.0048,1487373454304,-1,-1,911.8715,1487373454173
8,20,2,0.3,0,1,0,912.6719,1487373454971,-1,-1,912.5381,1487373454840
8,21,2,0.3,0,1,1,913.3382,1487373455637,-1,-1,913.2051,1487373455508
8,22,2,0.3,0,0,2,914.0049,1487373456304,914.1382,1487373456438,913.8715,1487373456174
8,1,2,0.3,1,3,0,929.7394,1487373472039,-1,-1,929.6058,1487373471905
8,2,2,0.3,1,3,3,930.4058,1487373472705,-1,-1,930.2726,1487373472574
8,3,2,0.3,1,1,0,931.0726,1487373473372,931.606,1487373473906,930.9392,1487373473241
8,4,2,0.3,1,2,0,931.7391,1487373474038,-1,-1,931.606,1487373473909
8,5,2,0.3,1,2,3,932.4061,1487373474705,-1,-1,932.2726,1487373474574
8,6,2,0.3,1,0,2,933.0727,1487373475372,-1,-1,932.9393,1487373475242
8,7,2,0.3,1,1,3,933.7393,1487373476039,934.1727,1487373476472,933.6059,1487373475908
8,8,2,0.3,1,1,2,934.406,1487373476705,934.8061,1487373477106,934.2728,1487373476575
8,9,2,0.3,1,0,0,935.0728,1487373477372,-1,-1,934.9394,1487373477241
8,10,2,0.3,1,0,1,935.7397,1487373478039,-1,-1,935.6061,1487373477908
8,11,2,0.3,1,0,3,936.4061,1487373478705,-1,-1,936.2728,1487373478576
8,12,2,0.3,1,2,0,937.0728,1487373479372,-1,-1,936.9395,1487373479241
8,13,2,0.3,0,1,3,937.7399,1487373480039,-1,-1,937.6062,1487373479908
8,14,2,0.3,1,0,1,938.4063,1487373480705,-1,-1,938.2734,1487373480578
8,15,2,0.3,0,1,3,939.0733,1487373481374,-1,-1,938.9396,1487373481242
8,16,2,0.3,0,1,1,939.7398,1487373482039,-1,-1,939.6063,1487373481909
8,17,2,0.3,0,0,2,940.4063,1487373482706,940.6069,1487373482906,940.273,1487373482575
8,18,2,0.3,1,2,2,941.0731,1487373483372,-1,-1,940.9398,1487373483242
8,19,2,0.3,1,2,1,941.7397,1487373484039,-1,-1,941.6064,1487373483909
8,20,2,0.3,1,2,1,942.4066,1487373484706,-1,-1,942.2731,1487373484575
8,21,2,0.3,1,0,0,943.0732,1487373485373,-1,-1,942.9398,1487373485243
8,22,2,0.3,1,0,2,943.7399,1487373486039,-1,-1,943.6065,1487373485908
8,1,2,0.3,1,3,0,959.4741,1487373501773,-1,-1,959.3408,1487373501640
8,2,2,0.3,1,3,2,960.1408,1487373502440,-1,-1,960.0074,1487373502310
8,3,2,0.3,1,0,1,960.8075,1487373503107,-1,-1,960.6742,1487373502976
8,4,2,0.3,1,2,1,961.4742,1487373503773,-1,-1,961.3409,1487373503643
8,5,2,0.3,1,1,1,962.1409,1487373504440,962.541,1487373504840,962.0076,1487373504309
8,6,2,0.3,1,2,2,962.8076,1487373505107,-1,-1,962.6743,1487373504978
8,7,2,0.3,1,0,0,963.4744,1487373505774,-1,-1,963.341,1487373505643
8,8,2,0.3,1,2,0,964.1411,1487373506440,-1,-1,964.0076,1487373506309
8,9,2,0.3,1,1,0,964.8077,1487373507107,965.308,1487373507607,964.6745,1487373506976
8,10,2,0.3,1,0,3,965.4744,1487373507774,-1,-1,965.3411,1487373507643
8,11,2,0.3,1,0,1,966.1412,1487373508440,-1,-1,966.0078,1487373508310
8,12,2,0.3,1,1,3,966.8079,1487373509107,967.2081,1487373509507,966.6745,1487373508976
8,13,2,0.3,1,0,2,967.4747,1487373509774,-1,-1,967.3412,1487373509643
8,14,2,0.3,1,2,1,968.1412,1487373510440,-1,-1,968.0079,1487373510309
8,15,2,0.3,1,2,3,968.8084,1487373511108,-1,-1,968.6748,1487373510977
8,16,2,0.3,1,0,0,969.4747,1487373511774,-1,-1,969.3413,1487373511643
8,17,2,0.3,1,1,3,970.1413,1487373512440,970.5414,1487373512841,970.0081,1487373512310
8,18,2,0.3,1,0,2,970.8081,1487373513107,-1,-1,970.6749,1487373512978
8,19,2,0.3,1,1,3,971.4753,1487373513775,971.9417,1487373514241,971.3414,1487373513643
8,20,2,0.3,1,1,2,972.1415,1487373514441,972.5415,1487373514841,972.0082,1487373514310
8,21,2,0.3,1,2,2,972.8082,1487373515107,-1,-1,972.6749,1487373514977
8,22,2,0.3,1,0,0,973.475,1487373515774,-1,-1,973.3416,1487373515644
8,1,2,0.3,1,3,0,989.2097,1487373531509,-1,-1,989.0759,1487373531375
8,2,2,0.3,1,3,2,989.8091,1487373532108,-1,-1,989.6758,1487373531978
8,3,2,0.3,1,2,2,990.4092,1487373532709,-1,-1,990.2758,1487373532579
8,4,2,0.3,1,0,3,991.0092,1487373533308,-1,-1,990.8757,1487373533177
8,5,2,0.3,1,2,3,991.6094,1487373533909,-1,-1,991.476,1487373533779
8,6,2,0.3,1,0,0,992.2093,1487373534508,-1,-1,992.0759,1487373534378
8,7,2,0.3,1,0,2,992.8093,1487373535109,-1,-1,992.676,1487373534978
8,8,2,0.3,0,1,0,993.4094,1487373535709,-1,-1,993.276,1487373535579
8,9,2,0.3,1,2,0,994.0094,1487373536309,-1,-1,993.8764,1487373536182
8,10,2,0.3,1,1,0,994.6094,1487373536909,995.076,1487373537375,994.4761,1487373536778
8,11,2,0.3,1,2,3,995.2095,1487373537509,-1,-1,995.076,1487373537378
8,12,2,0.3,1,0,2,995.8095,1487373538109,-1,-1,995.6761,1487373537979
8,13,2,0.3,1,1,3,996.4099,1487373538709,996.8096,1487373539109,996.2762,1487373538579
8,14,2,0.3,1,0,0,997.0096,1487373539309,-1,-1,996.8762,1487373539178
8,15,2,0.3,1,0,1,997.6096,1487373539909,-1,-1,997.4763,1487373539778
8,16,2,0.3,1,2,3,998.2096,1487373540509,-1,-1,998.0763,1487373540378
8,17,2,0.3,1,1,1,998.8096,1487373541109,999.2432,1487373541543,998.6769,1487373540978
8,18,2,0.3,1,0,0,999.4104,1487373541710,-1,-1,999.2764,1487373541581
8,19,2,0.3,0,1,1,1000.01,1487373542309,-1,-1,999.8763,1487373542178
8,20,2,0.3,1,2,1,1000.61,1487373542909,-1,-1,1000.477,1487373542779
8,21,2,0.3,1,1,1,1001.21,1487373543509,1001.677,1487373543976,1001.077,1487373543379
8,22,2,0.3,1,0,0,1001.81,1487373544109,-1,-1,1001.677,1487373543979
8,1,2,0.3,1,3,0,1017.477,1487373559777,-1,-1,1017.344,1487373559644
8,2,2,0.3,1,3,3,1018.044,1487373560343,-1,-1,1017.911,1487373560215
8,3,2,0.3,1,2,3,1018.611,1487373560910,-1,-1,1018.477,1487373560781
8,4,2,0.3,1,0,0,1019.144,1487373561443,-1,-1,1019.044,1487373561346
8,5,2,0.3,1,2,0,1019.711,1487373562010,-1,-1,1019.577,1487373561880
8,6,2,0.3,1,2,3,1020.244,1487373562544,-1,-1,1020.144,1487373562446
8,7,2,0.3,1,2,3,1020.811,1487373563110,-1,-1,1020.678,1487373562980
8,8,2,0.3,1,0,1,1021.378,1487373563677,-1,-1,1021.244,1487373563546
8,9,2,0.3,1,0,2,1021.944,1487373564243,-1,-1,1021.811,1487373564113
8,10,2,0.3,1,1,1,1022.478,1487373564777,1022.878,1487373565177,1022.378,1487373564679
8,11,2,0.3,1,1,2,1023.044,1487373565344,1023.445,1487373565744,1022.911,1487373565213
8,12,2,0.3,1,2,2,1023.611,1487373565910,-1,-1,1023.478,1487373565779
8,13,2,0.3,1,0,0,1024.178,1487373566477,-1,-1,1024.044,1487373566346
8,14,2,0.3,1,1,2,1024.745,1487373567044,1025.178,1487373567477,1024.611,1487373566913
8,15,2,0.3,1,2,2,1025.311,1487373567611,-1,-1,1025.178,1487373567481
8,16,2,0.3,1,0,3,1025.845,1487373568144,-1,-1,1025.745,1487373568046
8,17,2,0.3,0,1,2,1026.378,1487373568677,-1,-1,1026.278,1487373568580
8,18,2,0.3,1,0,0,1026.945,1487373569244,-1,-1,1026.815,1487373569116
8,19,2,0.3,1,0,1,1027.511,1487373569810,-1,-1,1027.378,1487373569680
8,20,2,0.3,1,0,3,1028.078,1487373570377,-1,-1,1027.945,1487373570247
8,21,2,0.3,0,1,1,1028.611,1487373570911,-1,-1,1028.512,1487373570813
8,22,2,0.3,0,1,3,1029.178,1487373571477,-1,-1,1029.045,1487373571347
8,1,2,0.3,1,3,3,1044.812,1487373587111,-1,-1,1044.679,1487373586978
8,2,2,0.3,1,3,0,1045.346,1487373587645,-1,-1,1045.246,1487373587548
8,3,2,0.3,1,0,1,1045.912,1487373588212,-1,-1,1045.779,1487373588081
8,4,2,0.3,1,2,1,1046.479,1487373588778,-1,-1,1046.346,1487373588649
8,5,2,0.3,1,2,0,1047.013,1487373589312,-1,-1,1046.912,1487373589215
8,6,2,0.3,1,1,1,1047.579,1487373589878,1047.979,1487373590279,1047.446,1487373589748
8,7,2,0.3,1,1,0,1048.113,1487373590412,1048.546,1487373590846,1048.013,1487373590314
8,8,2,0.3,0,1,1,1048.646,1487373590945,-1,-1,1048.546,1487373590849
8,9,2,0.3,1,1,0,1049.213,1487373591512,1049.646,1487373591945,1049.079,1487373591382
8,10,2,0.3,1,2,0,1049.779,1487373592078,-1,-1,1049.646,1487373591949
8,11,2,0.3,1,2,1,1050.346,1487373592645,-1,-1,1050.213,1487373592515
8,12,2,0.3,1,2,1,1050.913,1487373593212,-1,-1,1050.779,1487373593081
8,13,2,0.3,1,0,3,1051.479,1487373593778,-1,-1,1051.346,1487373593648
8,14,2,0.3,1,0,0,1052.046,1487373594345,-1,-1,1051.913,1487373594214
8,15,2,0.3,1,0,2,1052.613,1487373594912,-1,-1,1052.479,1487373594783
8,16,2,0.3,1,0,1,1053.179,1487373595479,-1,-1,1053.046,1487373595348
8,17,2,0.3,1,0,3,1053.746,1487373596045,-1,-1,1053.613,1487373595914
8,18,2,0.3,1,2,2,1054.28,1487373596579,-1,-1,1054.18,1487373596482
8,19,2,0.3,0,1,3,1054.813,1487373597112,-1,-1,1054.713,1487373597015
8,20,2,0.3,1,0,1,1055.38,1487373597679,-1,-1,1055.25,1487373597553
8,21,2,0.3,1,0,0,1055.947,1487373598246,-1,-1,1055.813,1487373598115
8,22,2,0.3,1,1,1,1056.513,1487373598812,1056.913,1487373599213,1056.38,1487373598682
8,1,2,0.3,1,3,0,1072.114,1487373614413,-1,-1,1072.014,1487373614313
8,2,2,0.3,1,3,3,1072.614,1487373614913,-1,-1,1072.514,1487373614817
8,3,2,0.3,0,1,0,1073.114,1487373615413,-1,-1,1073.014,1487373615316
8,4,2,0.3,1,2,0,1073.614,1487373615913,-1,-1,1073.518,1487373615820
8,5,2,0.3,1,0,1,1074.114,1487373616413,-1,-1,1074.014,1487373616316
8,6,2,0.3,1,2,1,1074.614,1487373616913,-1,-1,1074.514,1487373616815
8,7,2,0.3,1,1,1,1075.115,1487373617414,1075.515,1487373617814,1075.014,1487373617317
8,8,2,0.3,1,0,3,1075.614,1487373617913,-1,-1,1075.515,1487373617817
8,9,2,0.3,1,0,0,1076.114,1487373618413,-1,-1,1076.014,1487373618315
8,10,2,0.3,0,1,3,1076.614,1487373618913,-1,-1,1076.514,1487373618816
8,11,2,0.3,0,1,0,1077.114,1487373619413,-1,-1,1077.016,1487373619318
8,12,2,0.3,1,0,1,1077.614,1487373619913,-1,-1,1077.517,1487373619819
8,13,2,0.3,1,0,2,1078.114,1487373620413,-1,-1,1078.014,1487373620316
8,14,2,0.3,1,2,2,1078.614,1487373620913,-1,-1,1078.514,1487373620816
8,15,2,0.3,1,2,1,1079.114,1487373621413,-1,-1,1079.014,1487373621316
8,16,2,0.3,0,1,2,1079.614,1487373621913,-1,-1,1079.514,1487373621816
8,17,2,0.3,1,0,0,1080.114,1487373622413,-1,-1,1080.014,1487373622316
8,18,2,0.3,1,2,0,1080.614,1487373622914,-1,-1,1080.514,1487373622816
8,19,2,0.3,1,1,0,1081.114,1487373623413,1081.515,1487373623814,1081.014,1487373623318
8,20,2,0.3,1,0,3,1081.614,1487373623914,-1,-1,1081.515,1487373623817
8,21,2,0.3,1,2,3,1082.114,1487373624414,-1,-1,1082.014,1487373624316
8,22,2,0.3,1,0,1,1082.615,1487373624914,-1,-1,1082.514,1487373624816
8,1,2,0.3,1,3,1,1098.182,1487373640481,-1,-1,1098.082,1487373640381
8,2,2,0.3,1,3,3,1098.682,1487373640981,-1,-1,1098.582,1487373640884
8,3,2,0.3,1,2,3,1099.182,1487373641481,-1,-1,1099.082,1487373641384
8,4,2,0.3,1,2,0,1099.682,1487373641981,-1,-1,1099.582,1487373641886
8,5,2,0.3,1,1,3,1100.182,1487373642481,1100.582,1487373642882,1100.082,1487373642384
8,6,2,0.3,1,2,3,1100.682,1487373642981,-1,-1,1100.582,1487373642884
8,7,2,0.3,1,0,2,1101.182,1487373643481,-1,-1,1101.082,1487373643384
8,8,2,0.3,0,1,3,1101.682,1487373643981,-1,-1,1101.582,1487373643884
8,9,2,0.3,0,0,1,1102.182,1487373644482,1102.249,1487373644548,1102.082,1487373644384
8,10,2,0.3,1,2,1,1102.682,1487373644981,-1,-1,1102.582,1487373644884
8,11,2,0.3,1,0,0,1103.182,1487373645482,-1,-1,1103.082,1487373645384
8,12,2,0.3,0,1,1,1103.682,1487373645982,-1,-1,1103.583,1487373645884
8,13,2,0.3,0,1,0,1104.182,1487373646481,-1,-1,1104.085,1487373646386
8,14,2,0.3,0,2,0,1104.683,1487373646982,1104.782,1487373647082,1104.582,1487373646884
8,15,2,0.3,1,0,3,1105.182,1487373647482,-1,-1,1105.082,1487373647384
8,16,2,0.3,1,0,1,1105.682,1487373647982,-1,-1,1105.582,1487373647886
8,17,2,0.3,1,2,1,1106.182,1487373648482,-1,-1,1106.083,1487373648385
8,18,2,0.3,0,1,1,1106.683,1487373648982,-1,-1,1106.582,1487373648884
8,19,2,0.3,0,1,1,1107.182,1487373649482,-1,-1,1107.083,1487373649385
8,20,2,0.3,1,0,2,1107.683,1487373649982,-1,-1,1107.582,1487373649884
8,21,2,0.3,1,0,3,1108.182,1487373650482,-1,-1,1108.083,1487373650387
8,22,2,0.3,1,0,0,1108.683,1487373650982,-1,-1,1108.583,1487373650884
8,1,2,0.3,1,3,2,1124.25,1487373666549,-1,-1,1124.15,1487373666450
8,2,2,0.3,1,3,1,1124.784,1487373667083,-1,-1,1124.683,1487373666985
8,3,2,0.3,1,2,1,1125.35,1487373667649,-1,-1,1125.217,1487373667520
8,4,2,0.3,1,0,2,1125.917,1487373668216,-1,-1,1125.784,1487373668085
8,5,2,0.3,1,0,0,1126.484,1487373668783,-1,-1,1126.35,1487373668652
8,6,2,0.3,1,2,1,1127.05,1487373669349,-1,-1,1126.917,1487373669219
8,7,2,0.3,0,1,0,1127.584,1487373669883,-1,-1,1127.484,1487373669786
8,8,2,0.3,0,1,1,1128.151,1487373670450,-1,-1,1128.021,1487373670322
8,9,2,0.3,1,1,0,1128.684,1487373670984,1128.717,1487373671016,1128.584,1487373670885
8,10,2,0.3,1,2,0,1129.25,1487373671550,-1,-1,1129.117,1487373671419
8,11,2,0.3,1,0,3,1129.784,1487373672083,-1,-1,1129.684,1487373671985
8,12,2,0.3,1,0,1,1130.35,1487373672650,-1,-1,1130.217,1487373672519
8,13,2,0.3,1,2,1,1130.917,1487373673216,-1,-1,1130.784,1487373673086
8,14,2,0.3,1,0,2,1131.484,1487373673783,-1,-1,1131.35,1487373673652
8,15,2,0.3,1,2,2,1132.051,1487373674350,-1,-1,1131.917,1487373674220
8,16,2,0.3,1,2,1,1132.617,1487373674916,-1,-1,1132.484,1487373674786
8,17,2,0.3,1,1,2,1133.185,1487373675484,1133.618,1487373675917,1133.051,1487373675354
8,18,2,0.3,1,0,3,1133.717,1487373676016,-1,-1,1133.618,1487373675920
8,19,2,0.3,1,0,0,1134.251,1487373676550,-1,-1,1134.151,1487373676453
8,20,2,0.3,1,0,1,1134.817,1487373677117,-1,-1,1134.684,1487373676986
8,21,2,0.3,0,1,0,1135.384,1487373677684,-1,-1,1135.251,1487373677552
8,22,2,0.3,0,1,1,1135.951,1487373678250,-1,-1,1135.818,1487373678123
8,1,2,0.3,1,3,0,1136.684,1487373678983,-1,-1,1136.551,1487373678851
8,2,2,0.3,1,3,2,1137.251,1487373679550,-1,-1,1137.118,1487373679419
8,3,2,0.3,1,0,1,1137.784,1487373680084,-1,-1,1137.684,1487373679987
8,4,2,0.3,1,2,1,1138.351,1487373680650,-1,-1,1138.218,1487373680520
8,5,2,0.3,1,0,3,1138.918,1487373681217,-1,-1,1138.784,1487373681086
8,6,2,0.3,1,2,3,1139.485,1487373681784,-1,-1,1139.351,1487373681653
8,7,2,0.3,1,0,0,1140.051,1487373682350,-1,-1,1139.918,1487373682220
8,8,2,0.3,1,2,0,1140.584,1487373682884,-1,-1,1140.484,1487373682786
8,9,2,0.3,1,1,0,1141.152,1487373683451,1141.586,1487373683885,1141.018,1487373683319
8,10,2,0.3,0,1,0,1141.685,1487373683984,-1,-1,1141.586,1487373683888
8,11,2,0.3,0,1,0,1142.218,1487373684518,-1,-1,1142.118,1487373684420
8,12,2,0.3,0,2,2,1142.785,1487373685084,1142.918,1487373685217,1142.651,1487373684955
8,13,2,0.3,1,2,2,1143.351,1487373685650,-1,-1,1143.218,1487373685520
8,14,2,0.3,0,1,2,1143.885,1487373686184,-1,-1,1143.787,1487373686088
8,15,2,0.3,1,0,1,1144.452,1487373686751,-1,-1,1144.318,1487373686621
8,16,2,0.3,1,0,3,1144.985,1487373687284,-1,-1,1144.885,1487373687187
8,17,2,0.3,1,1,1,1145.519,1487373687818,1145.918,1487373688218,1145.419,1487373687722
8,18,2,0.3,1,0,2,1146.085,1487373688384,-1,-1,1145.951,1487373688254
8,19,2,0.3,0,1,1,1146.651,1487373688950,-1,-1,1146.518,1487373688819
8,20,2,0.3,1,2,1,1147.218,1487373689517,-1,-1,1147.085,1487373689388
8,21,2,0.3,1,0,3,1147.785,1487373690084,-1,-1,1147.651,1487373689953
8,22,2,0.3,1,0,0,1148.351,1487373690651,-1,-1,1148.218,1487373690521
8,1,2,0.3,1,3,3,1163.986,1487373706285,-1,-1,1163.852,1487373706152
8,2,2,0.3,1,3,0,1164.586,1487373706885,-1,-1,1164.452,1487373706755
8,3,2,0.3,1,0,2,1165.186,1487373707485,-1,-1,1165.052,1487373707354
8,4,2,0.3,0,1,0,1165.786,1487373708085,-1,-1,1165.653,1487373707954
8,5,2,0.3,1,2,0,1166.386,1487373708685,-1,-1,1166.252,1487373708555
8,6,2,0.3,0,1,0,1166.986,1487373709285,-1,-1,1166.853,1487373709154
8,7,2,0.3,0,0,2,1167.586,1487373709885,1168.053,1487373710352,1167.455,1487373709757
8,8,2,0.3,0,1,0,1168.186,1487373710486,-1,-1,1168.053,1487373710355
8,9,2,0.3,1,0,3,1168.786,1487373711086,-1,-1,1168.653,1487373710956
8,10,2,0.3,1,2,2,1169.386,1487373711685,-1,-1,1169.253,1487373711555
8,11,2,0.3,1,2,2,1169.986,1487373712285,-1,-1,1169.853,1487373712154
8,12,2,0.3,1,1,2,1170.586,1487373712885,1170.986,1487373713286,1170.453,1487373712756
8,13,2,0.3,1,1,2,1171.186,1487373713485,1171.553,1487373713853,1171.053,1487373713355
8,14,2,0.3,1,0,3,1171.786,1487373714086,-1,-1,1171.653,1487373713955
8,15,2,0.3,1,2,3,1172.386,1487373714685,-1,-1,1172.253,1487373714555
8,16,2,0.3,1,2,2,1172.986,1487373715285,-1,-1,1172.853,1487373715155
8,17,2,0.3,1,0,0,1173.586,1487373715885,-1,-1,1173.453,1487373715755
8,18,2,0.3,1,0,1,1174.186,1487373716485,-1,-1,1174.053,1487373716355
8,19,2,0.3,1,1,0,1174.786,1487373717086,1175.253,1487373717553,1174.653,1487373716955
8,20,2,0.3,1,0,3,1175.386,1487373717685,-1,-1,1175.253,1487373717555
8,21,2,0.3,1,0,2,1175.986,1487373718285,-1,-1,1175.853,1487373718155
8,22,2,0.3,1,2,0,1176.586,1487373718885,-1,-1,1176.453,1487373718755
8,1,2,0.3,1,3,2,1192.254,1487373734553,-1,-1,1192.121,1487373734420
8,2,2,0.3,1,3,3,1192.854,1487373735153,-1,-1,1192.721,1487373735022
8,3,2,0.3,1,2,3,1193.454,1487373735753,-1,-1,1193.321,1487373735622
8,4,2,0.3,1,2,0,1194.054,1487373736353,-1,-1,1193.921,1487373736222
8,5,2,0.3,1,0,2,1194.654,1487373736953,-1,-1,1194.521,1487373736822
8,6,2,0.3,1,0,1,1195.254,1487373737553,-1,-1,1195.121,1487373737422
8,7,2,0.3,0,1,2,1195.854,1487373738153,-1,-1,1195.721,1487373738023
8,8,2,0.3,1,2,2,1196.454,1487373738753,-1,-1,1196.321,1487373738624
8,9,2,0.3,1,0,3,1197.054,1487373739353,-1,-1,1196.921,1487373739224
8,10,2,0.3,1,0,1,1197.655,1487373739954,-1,-1,1197.521,1487373739823
8,11,2,0.3,1,1,3,1198.254,1487373740553,1198.655,1487373740954,1198.121,1487373740423
8,12,2,0.3,1,1,1,1198.854,1487373741153,1199.288,1487373741587,1198.721,1487373741023
8,13,2,0.3,1,2,1,1199.454,1487373741753,-1,-1,1199.321,1487373741623
8,14,2,0.3,1,0,0,1200.054,1487373742354,-1,-1,1199.921,1487373742225
8,15,2,0.3,1,0,2,1200.654,1487373742954,-1,-1,1200.521,1487373742823
8,16,2,0.3,1,0,3,1201.254,1487373743554,-1,-1,1201.121,1487373743423
8,17,2,0.3,0,1,2,1201.854,1487373744154,-1,-1,1201.721,1487373744023
8,18,2,0.3,1,0,0,1202.454,1487373744754,-1,-1,1202.321,1487373744623
8,19,2,0.3,0,1,2,1203.055,1487373745354,-1,-1,1202.921,1487373745224
8,20,2,0.3,0,1,0,1203.655,1487373745954,-1,-1,1203.521,1487373745823
8,21,2,0.3,1,2,0,1204.255,1487373746554,-1,-1,1204.121,1487373746423
8,22,2,0.3,1,2,2,1204.855,1487373747154,-1,-1,1204.721,1487373747023
