%Recollect Version 2.3, Session: 0
%EventNumber,EventType,Data1,Data2,iPadTime,UnixTimeMS
%EventType {0=StartMode, 1=BlockBegin, 2=BlockEnd, 3=StimulusPresented, 4=StimulusInteraction, 5=StimulusTimedOut, 6=Heartbeat, 7=DamageTaken, 8=AssessmentBegin, 9=AssessmentEnd, 10=BreakBegin, 11=BreakEnd}
%EventData Breakout:
%  StartMode {Data1=SessionNumber, Data2=GameMode}
%  BlockBegin {Data1=BlockNumber, Data2=NLevel}
%  BlockEnd {Data1=BlockNumber, Data2=NLevel}
%  StimulusPresented {Data1=TrialType, Data2=Color}
%  StimulusInteraction {Data1=TrialType, Data2=CorrectResponse}
%  StimulusTimedOut {Data1=TrialType, Data2=CorrectResponse}
%  Heartbeat {Data1=Enumeration, Data2=-}
%  DamageTaken {Data1=LivesRemaining, Data2=-}
%  AssessmentBegin {Data1=AssessmentNumber, Data2=-}
%  AssessmentEnd {Data1=AssessmentNumber, Data2=-}
%  BreakBegin {Data1=SessionNumber, Data2=-}
%  BreakEnd {Data1=SessionNumber, Data2=-}
%AssessmentNumber {0=MatrixReasoning, 1=LetterNumberTask, 2=SymmetrySpan, 3=CancellationTask, 4=Break, 5=CorsiBlocks, 6=NearTransfer, 7=DogsAndMonkeys}
%GameMode {0=Recollect, 1=LameBack, 2=Assessments}
0,6,0,-1,15902,1488408688329
1,6,1,-1,25902,1488408698329
2,6,2,-1,35903,1488408708330
3,6,3,-1,45903,1488408718330
4,6,4,-1,55904,1488408728331
5,6,5,-1,65904,1488408738331
6,6,6,-1,75905,1488408748333
7,6,7,-1,85905,1488408758333
8,6,8,-1,95906,1488408768333
9,6,9,-1,105907,1488408778334
10,6,10,-1,115907,1488408788335
11,6,11,-1,125908,1488408798335
12,6,12,-1,135908,1488408808336
13,6,13,-1,145909,1488408818336
14,6,14,-1,155909,1488408828337
15,6,15,-1,165910,1488408838337
16,6,16,-1,175911,1488408848338
17,6,17,-1,185911,1488408858339
18,6,18,-1,195912,1488408868339
19,6,19,-1,205913,1488408878340
20,6,20,-1,215946,1488408888373
21,6,21,-1,225947,1488408898374
22,6,22,-1,235947,1488408908374
23,6,23,-1,245948,1488408918376
24,6,24,-1,255948,1488408928376
25,6,25,-1,265949,1488408938376
26,6,26,-1,275949,1488408948377
27,6,27,-1,285950,1488408958377
28,6,28,-1,295951,1488408968378
29,6,29,-1,305951,1488408978378
30,6,30,-1,315952,1488408988379
31,6,31,-1,325952,1488408998380
32,6,32,-1,335953,1488409008380
33,6,33,-1,345953,1488409018381
34,6,34,-1,355954,1488409028381
35,6,35,-1,365955,1488409038382
36,6,36,-1,375955,1488409048382
37,6,37,-1,385956,1488409058383
38,6,38,-1,395989,1488409068417
39,6,39,-1,405990,1488409078417
40,6,40,-1,415991,1488409088418
41,6,41,-1,425991,1488409098418
42,6,42,-1,435992,1488409108419
43,6,43,-1,445992,1488409118420
44,0,0,0,450159,1488409122587
45,6,44,-1,456013,1488409128637
46,1,8,1,459180,1488409136821
47,3,3,6,460313,1488409137889
48,5,3,1,462813,1488409140388
49,3,0,5,463313,1488409140889
50,5,0,1,465814,1488409143389
51,6,45,-1,466014,1488409143588
52,3,0,1,466314,1488409143889
53,5,0,1,468814,1488409146389
54,3,1,1,469314,1488409146889
55,4,1,1,470280,1488409147860
56,5,1,1,471814,1488409149390
57,3,1,1,472314,1488409149890
58,4,1,1,473581,1488409151157
59,5,1,1,474814,1488409152389
60,3,0,6,475314,1488409152891
61,6,46,-1,476014,1488409153589
62,5,0,1,477814,1488409155389
63,3,0,2,478314,1488409155890
64,5,0,1,480815,1488409158390
65,3,2,1,481314,1488409158890
66,5,2,1,483815,1488409161391
67,3,1,1,484315,1488409161890
68,4,1,1,485348,1488409162925
69,6,47,-1,486015,1488409163590
70,5,1,1,486815,1488409164390
71,3,1,1,487315,1488409164890
72,4,1,1,488848,1488409166425
73,5,1,1,489815,1488409167390
74,3,0,2,490315,1488409167890
75,5,0,1,492815,1488409170390
76,3,0,3,493315,1488409170890
77,5,0,1,495815,1488409173390
78,6,48,-1,496015,1488409173590
79,3,0,5,496315,1488409173891
80,5,0,1,498815,1488409176390
81,3,0,6,499316,1488409176891
82,5,0,1,501816,1488409179392
83,3,1,6,502316,1488409179891
84,4,1,1,504383,1488409181959
85,5,1,1,504816,1488409182392
86,3,0,0,505316,1488409182892
87,6,49,-1,506016,1488409183591
88,5,0,1,507816,1488409185391
89,3,2,6,508316,1488409185892
90,5,2,1,510816,1488409188391
91,3,1,6,511316,1488409188892
92,4,1,1,512283,1488409189860
93,5,1,1,513816,1488409191392
94,3,2,0,514316,1488409191892
95,6,50,-1,516016,1488409193592
96,5,2,1,516816,1488409194391
97,3,0,4,517317,1488409194892
98,5,0,1,519817,1488409197392
99,3,0,3,520317,1488409197892
100,5,0,1,522817,1488409200392
101,3,0,2,523317,1488409200892
102,5,0,1,525817,1488409203392
103,6,51,-1,526017,1488409203592
104,3,0,0,526317,1488409203893
105,5,0,1,528818,1488409206392
106,3,1,0,529317,1488409206894
107,4,1,1,530184,1488409207761
108,5,1,1,531817,1488409209392
109,3,2,2,532317,1488409209893
110,5,2,1,534818,1488409212392
111,3,2,0,535317,1488409212893
112,6,52,-1,536051,1488409213626
113,5,2,1,537818,1488409215392
114,3,0,7,538318,1488409215893
115,5,0,1,540818,1488409218393
116,3,2,2,541318,1488409218894
117,5,2,1,543818,1488409221393
118,3,2,0,544318,1488409221893
119,6,53,-1,546052,1488409223627
120,5,2,1,546818,1488409224393
121,3,2,7,547318,1488409224894
122,5,2,1,549818,1488409227394
123,3,0,3,550319,1488409227894
124,5,0,1,552819,1488409230394
125,3,0,2,553319,1488409230894
126,5,0,1,555819,1488409233394
127,6,54,-1,556052,1488409233628
128,3,2,3,556319,1488409233894
129,5,2,1,558819,1488409236394
130,3,1,3,559319,1488409236895
131,4,1,1,560119,1488409237696
132,5,1,1,561852,1488409239428
133,3,1,3,562352,1488409239928
134,4,1,1,563752,1488409241329
135,5,1,1,564852,1488409242428
136,3,0,1,565353,1488409242928
137,6,55,-1,566053,1488409243629
138,5,0,1,567853,1488409245429
139,3,1,1,568353,1488409245928
140,5,1,0,570853,1488409248428
141,3,1,1,571353,1488409248929
142,4,1,1,572353,1488409249931
143,5,1,1,573820,1488409251395
144,3,1,1,574320,1488409251895
145,4,1,1,575053,1488409252630
146,6,56,-1,576053,1488409253628
147,5,1,1,576820,1488409254395
148,3,0,5,577320,1488409254896
149,5,0,1,579820,1488409257395
150,3,0,2,580320,1488409257896
151,5,0,1,582820,1488409260395
152,6,57,-1,586054,1488409265662
153,2,8,2,586521,1488409266131
154,1,9,2,586854,1488409277877
155,3,3,4,588004,1488409278980
156,5,3,1,590504,1488409281480
157,3,3,1,591004,1488409281981
158,5,3,1,593504,1488409284480
159,3,2,1,594004,1488409284981
160,6,58,-1,596071,1488409287047
161,5,2,1,596504,1488409287480
162,3,0,5,597005,1488409287981
163,5,0,1,599505,1488409290481
164,3,0,7,600005,1488409290981
165,5,0,1,602505,1488409293482
166,3,0,0,603005,1488409293981
167,5,0,1,605505,1488409296481
168,3,0,2,606006,1488409296982
169,6,59,-1,606072,1488409297047
170,5,0,1,608505,1488409299481
171,3,2,5,609005,1488409299982
172,4,2,0,611206,1488409302183
173,5,2,0,611505,1488409302481
174,3,2,7,612005,1488409302982
175,5,2,1,614506,1488409305481
176,3,0,3,615005,1488409305982
177,6,60,-1,616072,1488409307048
178,5,0,1,617506,1488409308481
179,3,2,3,618006,1488409308982
180,5,2,1,620506,1488409311482
181,3,0,1,621006,1488409311982
182,5,0,1,623506,1488409314482
183,3,1,3,624006,1488409314982
184,4,1,1,625406,1488409316384
185,6,61,-1,626073,1488409317048
186,5,1,1,626506,1488409317482
187,3,0,4,627006,1488409317983
188,5,0,1,629507,1488409320483
189,3,1,3,630006,1488409320983
190,4,1,1,631174,1488409322154
191,5,1,1,632506,1488409323482
192,3,2,1,633007,1488409323983
193,5,2,1,635507,1488409326483
194,3,1,3,636007,1488409326983
195,6,62,-1,636074,1488409327049
196,4,1,1,637007,1488409327984
197,5,1,1,638507,1488409329483
198,3,2,4,639007,1488409329983
199,5,2,1,641507,1488409332483
200,3,2,1,642007,1488409332984
201,4,2,0,642907,1488409333884
202,5,2,0,644507,1488409335483
203,3,0,0,645007,1488409335984
204,6,63,-1,646074,1488409337049
205,5,0,1,647507,1488409338483
206,3,1,1,648007,1488409338984
207,4,1,1,650274,1488409341251
208,5,1,1,650507,1488409341483
209,3,1,0,651008,1488409341984
210,4,1,1,652608,1488409343585
211,5,1,1,653508,1488409344484
212,3,1,1,654008,1488409344984
213,4,1,1,655741,1488409346719
214,6,64,-1,656074,1488409347050
215,5,1,1,656508,1488409347484
216,3,0,3,657008,1488409347985
217,5,0,1,659508,1488409350484
218,3,2,3,660008,1488409350984
219,4,2,0,660942,1488409351919
220,5,2,0,662509,1488409353484
221,3,1,3,663008,1488409353984
222,4,1,1,665142,1488409356119
223,5,1,1,665509,1488409356485
224,3,1,3,666009,1488409356985
225,6,65,-1,666075,1488409357051
226,4,1,1,666675,1488409357652
227,5,1,1,668509,1488409359485
228,3,0,5,669008,1488409359985
229,5,0,1,671509,1488409362485
230,3,0,2,672009,1488409362985
231,5,0,1,674509,1488409365485
232,3,0,7,675009,1488409365985
233,6,66,-1,676076,1488409367052
234,5,0,1,677509,1488409368485
235,3,0,6,678009,1488409368985
236,5,0,1,680509,1488409371485
237,3,2,2,681010,1488409371987
238,5,2,1,683510,1488409374486
239,3,2,2,684009,1488409374986
240,4,2,0,685443,1488409376420
241,6,67,-1,686076,1488409377052
242,5,2,0,686510,1488409377485
243,3,2,6,687010,1488409377986
244,4,2,0,687843,1488409378821
245,5,2,0,689510,1488409380485
246,3,0,1,690010,1488409380987
247,5,0,1,692510,1488409383486
248,3,0,7,693010,1488409383987
249,5,0,1,695510,1488409386486
250,3,0,5,696010,1488409386986
251,6,68,-1,696077,1488409387052
252,4,0,0,697910,1488409388887
253,5,0,0,698510,1488409389486
254,3,1,7,699010,1488409389988
255,5,1,0,701510,1488409392487
256,3,1,5,702010,1488409392987
257,4,1,1,704011,1488409394988
258,5,1,1,704511,1488409395486
259,3,1,7,705011,1488409395987
260,6,69,-1,706077,1488409397053
261,5,1,0,707511,1488409398487
262,3,0,6,708011,1488409398988
263,5,0,1,710511,1488409401487
264,3,1,7,711011,1488409401987
265,4,1,1,712078,1488409403055
266,5,1,1,713511,1488409406521
267,2,9,1,715778,1488409408789
268,1,10,1,715812,1488409413980
269,6,70,-1,716095,1488409414203
270,3,3,3,716928,1488409415038
271,5,3,1,719962,1488409418071
272,3,1,3,720195,1488409418304
273,4,1,1,720895,1488409419006
274,5,1,1,722662,1488409420771
275,3,0,1,722862,1488409420972
276,5,0,1,725429,1488409423539
277,3,0,2,725929,1488409424038
278,6,71,-1,726095,1488409424205
279,5,0,1,728429,1488409426538
280,3,1,2,728929,1488409427039
281,5,1,0,731430,1488409429539
282,3,2,1,731929,1488409430039
283,5,2,1,734429,1488409432539
284,3,1,1,734930,1488409433039
285,4,1,1,735663,1488409433774
286,6,72,-1,736096,1488409434205
287,5,1,1,737429,1488409435539
288,3,2,2,737929,1488409436039
289,5,2,1,740430,1488409438539
290,3,1,2,740930,1488409439039
291,5,1,0,743430,1488409441539
292,3,1,2,743930,1488409442040
293,4,1,1,745530,1488409443641
294,6,73,-1,746097,1488409444205
295,5,1,1,746430,1488409444539
296,3,0,4,746930,1488409445040
297,5,0,1,749431,1488409447540
298,3,1,4,749930,1488409448040
299,4,1,1,751264,1488409449375
300,5,1,1,752430,1488409450539
301,3,0,6,752931,1488409451040
302,5,0,1,755430,1488409453540
303,3,2,4,755931,1488409454040
304,6,74,-1,756097,1488409454206
305,4,2,0,756732,1488409454842
306,5,2,0,758431,1488409456540
307,3,1,4,758931,1488409457040
308,4,1,1,759664,1488409457775
309,5,1,1,761431,1488409459540
310,3,2,6,761931,1488409460040
311,5,2,1,764431,1488409462540
312,3,1,6,764931,1488409463041
313,4,1,1,765698,1488409463808
314,6,75,-1,766098,1488409464207
315,5,1,1,767431,1488409465540
316,3,2,4,767931,1488409466041
317,5,2,1,770431,1488409468541
318,3,0,7,770931,1488409469041
319,5,0,1,773431,1488409471541
320,3,2,4,773932,1488409472041
321,6,76,-1,776132,1488409474241
322,5,2,1,776432,1488409474541
323,3,2,7,776932,1488409475041
324,5,2,1,779432,1488409477541
325,3,0,3,779933,1488409478043
326,5,0,1,782432,1488409480541
327,3,1,3,782932,1488409481042
328,4,1,1,784066,1488409482177
329,5,1,1,785432,1488409483541
330,3,0,2,785932,1488409484042
331,6,77,-1,786132,1488409484242
332,5,0,1,788432,1488409486542
333,3,0,7,788932,1488409487042
334,5,0,1,791432,1488409489542
335,3,0,4,791933,1488409490042
336,5,0,1,794433,1488409492542
337,3,0,5,794933,1488409493042
338,6,78,-1,796133,1488409494242
339,5,0,1,797433,1488409495542
340,3,1,5,797933,1488409496042
341,5,1,0,800433,1488409498543
342,3,0,6,800934,1488409499043
343,5,0,1,803433,1488409501542
344,3,2,5,803933,1488409502042
345,6,79,-1,806167,1488409504276
346,5,2,1,806433,1488409504542
347,3,0,4,806934,1488409505043
348,5,0,1,809433,1488409507542
349,3,0,3,809934,1488409508043
350,5,0,1,812434,1488409510543
351,3,0,0,812934,1488409511043
352,5,0,1,815434,1488409513543
353,3,1,0,815934,1488409514043
354,6,80,-1,816167,1488409514276
355,4,1,1,816602,1488409514713
356,5,1,1,818467,1488409516577
357,3,2,3,818967,1488409517077
358,5,2,1,821468,1488409519577
359,3,1,3,821968,1488409520077
360,4,1,1,822968,1488409521078
361,5,1,1,824468,1488409522577
362,3,2,0,824968,1488409523078
363,6,81,-1,826168,1488409524277
364,5,2,1,827468,1488409525577
365,3,2,3,827968,1488409526078
366,5,2,1,830468,1488409528578
367,3,0,4,830968,1488409529078
368,5,0,1,833468,1488409531577
369,3,2,3,833968,1488409532078
370,6,82,-1,836168,1488409534277
371,5,2,1,836469,1488409534578
372,3,0,1,836968,1488409535078
373,5,0,1,839469,1488409537580
374,2,10,1,843202,1488409541313
375,1,11,1,843536,1488409547653
376,3,3,7,844686,1488409548746
377,6,83,-1,846186,1488409550245
378,5,3,1,847186,1488409551245
379,3,1,7,847686,1488409551746
380,4,1,1,848953,1488409553014
381,5,1,1,850186,1488409554246
382,3,0,6,850686,1488409554746
383,5,0,1,853186,1488409557246
384,3,1,6,853686,1488409557746
385,4,1,1,854687,1488409558748
386,6,84,-1,856186,1488409560246
387,5,1,1,856186,1488409560249
388,3,2,7,856686,1488409560747
389,5,2,1,859187,1488409563246
390,3,2,6,859686,1488409563746
391,5,2,1,862187,1488409566246
392,3,0,3,862687,1488409566746
393,5,0,1,865187,1488409569246
394,3,1,3,865687,1488409569747
395,6,85,-1,866187,1488409570247
396,4,1,1,867287,1488409571348
397,5,1,1,868187,1488409572246
398,3,0,1,868687,1488409572747
399,5,0,1,871187,1488409575248
400,3,1,1,871687,1488409575747
401,4,1,1,872755,1488409576815
402,5,1,1,874187,1488409578247
403,3,0,2,874687,1488409578747
404,6,86,-1,876188,1488409580247
405,5,0,1,877188,1488409581247
406,3,1,2,877688,1488409581747
407,4,1,1,879088,1488409583148
408,5,1,1,880188,1488409584249
409,3,0,5,880688,1488409584747
410,5,0,1,883188,1488409587247
411,3,2,2,883688,1488409587748
412,6,87,-1,886188,1488409590247
413,5,2,1,886188,1488409590252
414,3,0,7,886689,1488409590749
415,5,0,1,889188,1488409593248
416,3,1,7,889689,1488409593748
417,4,1,1,891788,1488409595849
418,5,1,1,892188,1488409596248
419,3,1,7,892688,1488409596749
420,4,1,1,893590,1488409597651
421,5,1,1,895188,1488409599248
422,3,0,6,895689,1488409599748
423,6,88,-1,896190,1488409600249
424,5,0,1,898189,1488409602248
425,3,0,0,898689,1488409602749
426,5,0,1,901189,1488409605249
427,3,2,7,901689,1488409605749
428,5,2,1,904222,1488409608282
429,3,2,0,904456,1488409608516
430,6,89,-1,906222,1488409610282
431,5,2,1,907189,1488409611249
432,3,0,6,907689,1488409611749
433,5,0,1,910189,1488409614249
434,3,1,6,910690,1488409614749
435,4,1,1,911923,1488409615984
436,5,1,1,913190,1488409617249
437,3,2,0,913690,1488409617750
438,5,2,1,916190,1488409620249
439,6,90,-1,916223,1488409620283
440,3,0,7,916690,1488409620749
441,5,0,1,919191,1488409623250
442,3,0,2,919690,1488409623750
443,5,0,1,922190,1488409626249
444,3,2,0,922690,1488409626750
445,5,2,1,925190,1488409629250
446,3,1,0,925690,1488409629751
447,6,91,-1,926224,1488409630283
448,4,1,1,926724,1488409630784
449,5,1,1,928190,1488409632250
450,3,0,6,928690,1488409632750
451,5,0,1,931191,1488409635250
452,3,2,0,931691,1488409635750
453,5,2,1,934191,1488409638250
454,3,0,7,934691,1488409638750
455,6,92,-1,936225,1488409640284
456,5,0,1,937191,1488409641251
457,3,2,6,937691,1488409641751
458,5,2,1,940191,1488409644250
459,3,1,6,940691,1488409644751
460,4,1,1,942091,1488409646152
461,5,1,1,943191,1488409647251
462,3,0,1,943691,1488409647751
463,5,0,1,946192,1488409650251
464,6,93,-1,946258,1488409650317
465,3,0,7,946691,1488409650751
466,5,0,1,949192,1488409653251
467,3,1,7,949692,1488409653752
468,5,1,0,952192,1488409656251
469,3,2,1,952692,1488409656752
470,5,2,1,955192,1488409659251
471,3,0,2,955692,1488409659752
472,6,94,-1,956259,1488409660318
473,5,0,1,958192,1488409662251
474,3,2,1,958692,1488409662752
475,5,2,1,961192,1488409665251
476,3,0,4,961692,1488409665752
477,5,0,1,964192,1488409668252
478,3,1,4,964693,1488409668752
479,6,95,-1,966259,1488409670318
480,4,1,1,966559,1488409670620
481,5,1,1,967193,1488409673285
482,2,11,2,970260,1488409676354
483,1,12,2,970626,1488409681417
484,3,3,7,971759,1488409682486
485,5,3,1,974259,1488409684986
486,3,3,5,974759,1488409685486
487,6,96,-1,976293,1488409687021
488,5,3,1,977260,1488409687987
489,3,2,5,977759,1488409688486
490,5,2,1,980260,1488409690987
491,3,0,0,980759,1488409691487
492,5,0,1,983260,1488409693988
493,3,1,5,983760,1488409694487
494,4,1,1,984893,1488409695621
495,5,1,1,986260,1488409696987
496,6,97,-1,986326,1488409697053
497,3,1,0,986760,1488409697487
498,4,1,1,987760,1488409698488
499,5,1,1,989260,1488409699987
500,3,0,6,989760,1488409700488
501,5,0,1,992260,1488409702987
502,3,2,6,992760,1488409703488
503,5,2,1,995260,1488409705987
504,3,0,1,995760,1488409706488
505,6,98,-1,996327,1488409707054
506,5,0,1,998260,1488409708987
507,3,0,3,998760,1488409709488
508,5,0,1,1001260,1488409711988
509,3,0,2,1001760,1488409712488
510,5,0,1,1004261,1488409714988
511,3,2,6,1004761,1488409715488
512,6,99,-1,1006327,1488409717055
513,5,2,1,1007261,1488409717988
514,3,1,2,1007761,1488409718489
515,5,1,0,1010261,1488409720988
516,3,0,7,1010761,1488409721489
517,5,0,1,1013261,1488409723988
518,3,0,4,1013761,1488409724489
519,5,0,1,1016261,1488409726988
520,6,100,-1,1016328,1488409727055
521,3,2,4,1016762,1488409727489
522,5,2,1,1019261,1488409729989
523,3,0,3,1019761,1488409730489
524,5,0,1,1022262,1488409732989
525,3,0,6,1022761,1488409733489
526,5,0,1,1025262,1488409735989
527,3,2,4,1025762,1488409736489
528,6,101,-1,1026328,1488409737056
529,4,2,0,1026628,1488409737357
530,5,2,0,1028262,1488409738989
531,3,1,6,1028762,1488409739490
532,4,1,1,1030196,1488409740924
533,5,1,1,1031262,1488409741989
534,3,1,4,1031762,1488409742490
535,4,1,1,1033296,1488409744024
536,5,1,1,1034262,1488409744989
537,3,0,5,1034762,1488409745490
538,6,102,-1,1036329,1488409747056
539,5,0,1,1037263,1488409747990
540,3,2,5,1037762,1488409748490
541,5,2,1,1040263,1488409750990
542,3,1,5,1040763,1488409751490
543,4,1,1,1042363,1488409753092
544,5,1,1,1043263,1488409753990
545,3,2,4,1043763,1488409754490
546,5,2,1,1046263,1488409756991
547,6,103,-1,1046330,1488409757057
548,3,1,5,1046763,1488409757490
549,4,1,1,1048530,1488409759258
550,5,1,1,1049263,1488409759990
551,3,1,4,1049763,1488409760491
552,4,1,1,1050763,1488409761492
553,5,1,1,1052263,1488409762990
554,3,2,4,1052765,1488409763492
555,5,2,1,1055263,1488409765990
556,3,0,6,1055763,1488409766491
557,6,104,-1,1056330,1488409767058
558,5,0,1,1058264,1488409768991
559,3,0,3,1058764,1488409769491
560,5,0,1,1061264,1488409771991
561,3,0,5,1061764,1488409772491
562,5,0,1,1064264,1488409774991
563,3,0,7,1064764,1488409775492
564,6,105,-1,1066331,1488409777059
565,5,0,1,1067265,1488409777992
566,3,0,0,1067764,1488409778492
567,5,0,1,1070264,1488409780992
568,3,0,2,1070764,1488409781492
569,5,0,1,1073265,1488409783993
570,3,1,0,1073764,1488409784492
571,4,1,1,1075331,1488409786061
572,5,1,1,1076265,1488409786992
573,6,106,-1,1076331,1488409787058
574,3,2,0,1076765,1488409787493
575,5,2,1,1079265,1488409789992
576,3,1,0,1079765,1488409790493
577,4,1,1,1080565,1488409791294
578,5,1,1,1082265,1488409792992
579,3,2,2,1082765,1488409793493
580,5,2,1,1085265,1488409795993
581,3,2,2,1085765,1488409796493
582,6,107,-1,1086332,1488409797059
583,5,2,1,1088265,1488409798992
584,3,1,2,1088765,1488409799493
585,4,1,1,1089465,1488409800194
586,5,1,1,1091265,1488409801993
587,3,2,0,1091765,1488409802493
588,5,2,1,1094266,1488409804993
589,3,1,2,1094766,1488409805494
590,4,1,1,1096199,1488409806927
591,6,108,-1,1096333,1488409809094
592,5,1,1,1097266,1488409810026
593,2,12,3,1099899,1488409812661
594,1,13,3,1100266,1488409827586
595,3,3,6,1101383,1488409828645
596,5,3,1,1103883,1488409831144
597,3,3,2,1104384,1488409831645
598,6,109,-1,1106350,1488409833611
599,5,3,1,1106883,1488409834144
600,3,3,3,1107383,1488409834645
601,5,3,1,1109884,1488409837145
602,3,0,4,1110383,1488409837646
603,5,0,1,1112883,1488409840145
604,3,0,7,1113384,1488409840646
605,5,0,1,1115884,1488409843145
606,6,110,-1,1116350,1488409843612
607,3,2,4,1116384,1488409843645
608,4,2,0,1117217,1488409844480
609,5,2,0,1118884,1488409846145
610,3,1,4,1119384,1488409846646
611,4,1,1,1121151,1488409848413
612,5,1,1,1121885,1488409849146
613,3,1,7,1122384,1488409849646
614,4,1,1,1123951,1488409851214
615,5,1,1,1124884,1488409852145
616,3,0,6,1125385,1488409852647
617,6,111,-1,1126351,1488409853612
618,5,0,1,1127885,1488409855147
619,3,2,7,1128384,1488409855646
620,4,2,0,1129751,1488409857016
621,5,2,0,1130885,1488409858146
622,3,2,4,1131384,1488409858646
623,4,2,0,1132585,1488409859848
624,5,2,0,1133885,1488409861146
625,3,2,7,1134385,1488409861647
626,4,2,0,1135752,1488409863015
627,6,112,-1,1136351,1488409863613
628,5,2,0,1136885,1488409864146
629,3,1,7,1137385,1488409864648
630,4,1,1,1138552,1488409865814
631,5,1,1,1139885,1488409867146
632,3,0,2,1140385,1488409867647
633,5,0,1,1142885,1488409870147
634,3,0,5,1143385,1488409870648
635,5,0,1,1145885,1488409873147
636,6,113,-1,1146352,1488409873614
637,3,1,7,1146386,1488409873648
638,4,1,1,1147752,1488409875015
639,5,1,1,1148886,1488409876147
640,3,2,7,1149386,1488409876647
641,4,2,0,1150886,1488409878149
642,5,2,0,1151886,1488409879147
643,3,0,3,1152386,1488409879647
644,4,0,0,1153653,1488409880916
645,5,0,0,1154887,1488409882148
646,3,0,0,1155386,1488409882648
647,6,114,-1,1156353,1488409883614
648,4,0,0,1156719,1488409883982
649,5,0,0,1157886,1488409885147
650,3,1,7,1158386,1488409885648
651,4,1,1,1158419,1488409885682
652,5,1,1,1160886,1488409888148
653,3,0,1,1161386,1488409888648
654,5,0,1,1163987,1488409891248
655,3,2,7,1164186,1488409891448
656,6,115,-1,1166353,1488409893615
657,4,2,0,1166887,1488409894149
658,5,2,0,1166887,1488409894154
659,3,2,1,1167387,1488409894648
660,4,2,0,1168720,1488409895983
661,5,2,0,1169887,1488409897148
662,3,0,3,1170387,1488409897649
663,4,0,0,1172790,1488409900053
664,5,0,0,1173487,1488409900749
665,3,1,7,1173687,1488409900949
666,4,1,1,1174987,1488409902250
667,5,1,1,1176154,1488409903415
668,6,116,-1,1176354,1488409903615
669,3,0,0,1176387,1488409903649
670,4,0,0,1178054,1488409905317
671,5,0,0,1178887,1488409906149
672,3,1,3,1179388,1488409906649
673,4,1,1,1181087,1488409908350
674,5,1,1,1181887,1488409909149
675,3,1,7,1182387,1488409909649
676,4,1,1,1184021,1488409911284
677,5,1,1,1184888,1488409912149
678,3,0,2,1185388,1488409912650
679,6,117,-1,1186355,1488409913616
680,5,0,1,1187888,1488409915149
681,3,2,7,1188388,1488409915650
682,4,2,0,1190221,1488409917484
683,5,2,0,1191088,1488409918349
684,3,0,6,1191589,1488409918851
685,4,0,0,1192721,1488409919984
686,5,0,0,1194088,1488409921350
687,3,2,7,1194588,1488409921850
688,4,2,0,1195522,1488409922785
689,6,118,-1,1196356,1488409923617
690,5,2,0,1197088,1488409924350
691,3,2,2,1197589,1488409924853
692,5,2,1,1200056,1488409927317
693,3,1,6,1200288,1488409927550
694,4,1,1,1201755,1488409929018
695,5,1,1,1202922,1488409930184
696,3,2,6,1203422,1488409930685
697,4,2,0,1205589,1488409932852
698,5,2,0,1206290,1488409933551
699,6,119,-1,1206389,1488409933650
700,3,1,2,1206522,1488409933784
701,5,1,0,1208989,1488409936251
702,3,2,7,1209189,1488409936451
703,5,2,1,1211922,1488409939184
704,3,0,5,1212423,1488409939684
705,5,0,1,1214923,1488409942184
706,3,0,4,1215423,1488409942684
707,6,120,-1,1216389,1488409943650
708,5,0,1,1217923,1488409945184
709,3,1,7,1218423,1488409945685
710,4,1,1,1220356,1488409947619
711,5,1,1,1221190,1488409948451
712,3,1,5,1221690,1488409948951
713,5,1,0,1224190,1488409951451
714,3,0,3,1224690,1488409951951
715,6,121,-1,1226390,1488409953651
716,4,0,0,1226556,1488409953819
717,5,0,0,1227190,1488409954452
718,3,0,2,1227690,1488409954952
719,4,0,0,1228457,1488409955719
720,5,0,0,1230190,1488409959485
721,2,13,2,1232190,1488409961487
722,1,14,2,1232556,1488409966380
723,3,3,0,1233690,1488409967452
724,5,3,1,1236190,1488409969952
725,6,122,-1,1236390,1488409970152
726,3,3,6,1236690,1488409970453
727,5,3,1,1239190,1488409972953
728,3,1,0,1239690,1488409973453
729,4,1,1,1240790,1488409974555
730,5,1,1,1242190,1488409975952
731,3,1,6,1242690,1488409976453
732,4,1,1,1243990,1488409977754
733,5,1,1,1245190,1488409978953
734,3,1,0,1245690,1488409979453
735,6,123,-1,1246424,1488409980186
736,4,1,1,1246524,1488409980288
737,5,1,1,1248190,1488409981953
738,3,2,0,1248690,1488409982453
739,5,2,1,1251190,1488409984953
740,3,1,0,1251690,1488409985453
741,4,1,1,1252791,1488409986556
742,5,1,1,1254191,1488409987953
743,3,2,6,1254691,1488409988454
744,6,124,-1,1256425,1488409990187
745,5,2,1,1257191,1488409990954
746,3,1,0,1257691,1488409991454
747,4,1,1,1258758,1488409992522
748,5,1,1,1260191,1488409993954
749,3,1,6,1260691,1488409994454
750,4,1,1,1261358,1488409995121
751,5,1,1,1263191,1488409996953
752,3,1,0,1263691,1488409997454
753,4,1,1,1264758,1488409998522
754,5,1,1,1266191,1488409999954
755,6,125,-1,1266458,1488410000220
756,3,0,7,1266691,1488410000454
757,5,0,1,1269192,1488410002955
758,3,0,3,1269691,1488410003454
759,5,0,1,1272192,1488410005954
760,3,1,7,1272692,1488410006455
761,4,1,1,1274292,1488410008056
762,5,1,1,1275192,1488410008955
763,3,2,0,1275692,1488410009455
764,6,126,-1,1276459,1488410010221
765,5,2,1,1278192,1488410011954
766,3,0,1,1278692,1488410012455
767,5,0,1,1281192,1488410014955
768,3,2,1,1281692,1488410015455
769,5,2,1,1284193,1488410017955
770,3,1,1,1284692,1488410018455
771,4,1,1,1285592,1488410019356
772,6,127,-1,1286459,1488410020221
773,5,1,1,1287193,1488410020955
774,3,0,4,1287693,1488410021456
775,5,0,1,1290193,1488410023955
776,3,2,4,1290693,1488410024456
777,5,2,1,1293193,1488410026955
778,3,2,1,1293693,1488410027455
779,4,2,0,1294526,1488410028290
780,5,2,0,1296193,1488410029955
781,6,128,-1,1296460,1488410030222
782,3,1,4,1296694,1488410030457
783,4,1,1,1298460,1488410032224
784,5,1,1,1299193,1488410032956
785,3,1,1,1299693,1488410033456
786,4,1,1,1300594,1488410034357
787,5,1,1,1302193,1488410035956
788,3,1,4,1302694,1488410036456
789,4,1,1,1304594,1488410038357
790,5,1,1,1305194,1488410038956
791,3,2,4,1305694,1488410039456
792,6,129,-1,1306460,1488410040223
793,4,2,0,1306660,1488410040425
794,5,2,0,1308194,1488410041957
795,3,0,3,1308694,1488410042456
796,5,0,1,1311194,1488410044956
797,3,0,6,1311694,1488410045456
798,5,0,1,1314194,1488410047956
799,3,2,4,1314694,1488410048457
800,4,2,0,1316361,1488410050125
801,6,130,-1,1316461,1488410050224
802,5,2,0,1317194,1488410050956
803,3,0,1,1317695,1488410051457
804,4,0,0,1318428,1488410052193
805,5,0,0,1320195,1488410053957
806,3,0,0,1320694,1488410054457
807,5,0,1,1323195,1488410056957
808,3,0,3,1323695,1488410057457
809,5,0,1,1326228,1488410059990
810,6,131,-1,1326461,1488410060224
811,3,0,6,1326695,1488410060457
812,5,0,1,1329229,1488410062991
813,3,2,6,1329728,1488410063491
814,5,2,1,1332228,1488410065991
815,3,0,4,1332728,1488410066491
816,5,0,1,1335229,1488410068991
817,3,0,5,1335729,1488410069491
818,6,132,-1,1336462,1488410070224
819,5,0,1,1338229,1488410071991
820,3,0,0,1338729,1488410072492
821,5,0,1,1341229,1488410074991
822,3,0,1,1341729,1488410075492
823,5,0,1,1344229,1488410077991
824,3,0,7,1344729,1488410078493
825,6,133,-1,1346463,1488410080225
826,5,0,1,1347229,1488410080992
827,3,2,5,1347729,1488410081492
828,5,2,1,1350229,1488410083990
829,3,0,4,1350729,1488410084489
830,5,0,1,1353230,1488410086979
831,3,2,4,1353730,1488410087477
832,5,2,1,1356230,1488410089967
833,6,134,-1,1356464,1488410090200
834,3,2,7,1356730,1488410090466
835,5,2,1,1359230,1488410092955
836,2,14,2,1362930,1488410096657
837,1,15,2,1363297,1488410105731
838,3,3,1,1364430,1488410106806
839,6,135,-1,1366464,1488410108839
840,5,3,1,1366930,1488410109306
841,3,3,6,1367431,1488410109806
842,5,3,1,1369931,1488410112306
843,3,2,6,1370431,1488410112807
844,5,2,1,1372931,1488410115306
845,3,0,0,1373431,1488410115807
846,5,0,1,1375931,1488410118306
847,3,1,6,1376431,1488410118807
848,6,136,-1,1376464,1488410118839
849,4,1,1,1377565,1488410119941
850,5,1,1,1378931,1488410121306
851,3,1,0,1379431,1488410121807
852,4,1,1,1380198,1488410122574
853,5,1,1,1381931,1488410124306
854,3,1,6,1382431,1488410124807
855,4,1,1,1383365,1488410125742
856,5,1,1,1384932,1488410127307
857,3,1,0,1385432,1488410127807
858,4,1,1,1386165,1488410128542
859,6,137,-1,1386465,1488410128840
860,5,1,1,1387932,1488410130307
861,3,0,3,1388432,1488410130807
862,5,0,1,1390932,1488410133307
863,3,1,0,1391432,1488410133807
864,4,1,1,1392932,1488410135309
865,5,1,1,1393932,1488410136308
866,3,1,3,1394432,1488410136807
867,4,1,1,1395166,1488410137542
868,6,138,-1,1396466,1488410138842
869,5,1,1,1396932,1488410139307
870,3,1,0,1397432,1488410139807
871,4,1,1,1398266,1488410140642
872,5,1,1,1399932,1488410142307
873,3,0,7,1400432,1488410142808
874,5,0,1,1402933,1488410145308
875,3,0,2,1403433,1488410145808
876,5,0,1,1405933,1488410148308
877,3,0,1,1406433,1488410148808
878,6,139,-1,1406467,1488410148842
879,5,0,1,1408933,1488410151308
880,3,1,2,1409434,1488410151809
881,5,1,0,1411933,1488410154308
882,3,0,3,1412433,1488410154809
883,5,0,1,1414935,1488410157310
884,3,0,6,1415433,1488410157809
885,6,140,-1,1416500,1488410158875
886,5,0,1,1417934,1488410160308
887,3,1,3,1418434,1488410160809
888,5,1,0,1420934,1488410163308
889,3,0,7,1421434,1488410163809
890,5,0,1,1423934,1488410166309
891,3,1,3,1424434,1488410166809
892,4,1,1,1425234,1488410167610
893,6,141,-1,1426501,1488410168875
894,5,1,1,1426934,1488410169309
895,3,2,3,1427434,1488410169810
896,5,2,1,1429934,1488410172309
897,3,0,5,1430434,1488410172810
898,5,0,1,1432934,1488410175309
899,3,1,3,1433434,1488410175810
900,4,1,1,1434068,1488410176444
901,5,1,1,1435935,1488410178310
902,3,0,6,1436434,1488410178810
903,6,142,-1,1436501,1488410178876
904,5,0,1,1438936,1488410181310
905,3,0,4,1439435,1488410181810
906,5,0,1,1441935,1488410184309
907,3,2,4,1442435,1488410184810
908,5,2,1,1444935,1488410187310
909,3,0,2,1445435,1488410187810
910,6,143,-1,1446502,1488410188878
911,5,0,1,1447935,1488410190310
912,3,1,4,1448435,1488410190810
913,4,1,1,1449435,1488410191812
914,5,1,1,1450935,1488410193310
915,3,2,4,1451435,1488410193810
916,4,2,0,1453135,1488410195512
917,5,2,0,1453935,1488410196310
918,3,2,2,1454436,1488410196811
919,4,2,0,1455769,1488410198146
920,6,144,-1,1456502,1488410198877
921,5,2,0,1456935,1488410199310
922,3,0,6,1457436,1488410199811
923,5,0,1,1460469,1488410202844
924,3,2,4,1460669,1488410203045
925,4,2,0,1461937,1488410204313
926,5,2,0,1463103,1488410205478
927,3,0,0,1463369,1488410205745
928,5,0,1,1465936,1488410208312
929,3,2,6,1466436,1488410208811
930,6,145,-1,1466503,1488410208878
931,5,2,1,1468937,1488410211311
932,3,2,6,1469436,1488410211811
933,5,2,1,1471936,1488410214312
934,3,0,5,1472437,1488410214812
935,5,0,1,1474937,1488410217311
936,3,2,0,1475437,1488410217812
937,6,146,-1,1476503,1488410218879
938,5,2,1,1477937,1488410220312
939,3,2,6,1478437,1488410220812
940,5,2,1,1480937,1488410223311
941,3,0,2,1481437,1488410223812
942,5,0,1,1483970,1488410226346
943,3,2,2,1484470,1488410226846
944,4,2,0,1486504,1488410228881
945,6,147,-1,1486504,1488410228887
946,5,2,0,1486971,1488410229345
947,3,0,7,1487471,1488410229846
948,5,0,1,1489971,1488410232346
949,2,15,1,1493671,1488410238081
950,1,16,1,1493705,1488410241871
951,3,3,1,1494821,1488410242930
952,6,148,-1,1496521,1488410244630
953,5,3,1,1497322,1488410245431
954,3,0,2,1497821,1488410245930
955,5,0,1,1500322,1488410248431
956,3,0,3,1500822,1488410248930
957,5,0,1,1503322,1488410251431
958,3,0,4,1503822,1488410251931
959,5,0,1,1506322,1488410254431
960,6,149,-1,1506522,1488410254631
961,3,1,4,1506822,1488410254931
962,4,1,1,1508389,1488410256499
963,5,1,1,1509322,1488410257431
964,3,1,4,1509822,1488410257931
965,4,1,1,1510489,1488410258599
966,5,1,1,1512322,1488410260431
967,3,0,6,1512822,1488410260931
968,5,0,1,1515323,1488410263431
969,3,0,2,1515823,1488410263931
970,6,150,-1,1516523,1488410264631
971,5,0,1,1518322,1488410266431
972,3,0,7,1518823,1488410266932
973,5,0,1,1521323,1488410269431
974,3,1,7,1521823,1488410269932
975,4,1,1,1523156,1488410271266
976,5,1,1,1524324,1488410272432
977,3,0,4,1524823,1488410272932
978,6,151,-1,1526523,1488410274631
979,5,0,1,1527323,1488410275432
980,3,1,4,1527823,1488410275932
981,4,1,1,1529390,1488410277500
982,5,1,1,1530324,1488410278433
983,3,1,4,1530823,1488410278932
984,4,1,1,1532324,1488410280435
985,5,1,1,1533324,1488410281432
986,3,0,5,1533824,1488410281932
987,5,0,1,1536324,1488410284432
988,6,152,-1,1536524,1488410284632
989,3,0,6,1536824,1488410284933
990,5,0,1,1539324,1488410287433
991,3,0,3,1539824,1488410287933
992,5,0,1,1542324,1488410290433
993,3,1,3,1542824,1488410290933
994,4,1,1,1543891,1488410292001
995,5,1,1,1545324,1488410293433
996,3,0,1,1545825,1488410293934
997,6,153,-1,1546525,1488410294633
998,5,0,1,1548325,1488410296433
999,3,0,2,1548825,1488410296935
1000,5,0,1,1551325,1488410299433
1001,3,0,7,1551825,1488410299934
1002,5,0,1,1554325,1488410302433
1003,3,2,2,1554825,1488410302934
1004,6,154,-1,1556558,1488410304666
1005,5,2,1,1557325,1488410305433
1006,3,1,2,1557825,1488410305934
1007,4,1,1,1559292,1488410307402
1008,5,1,1,1560325,1488410308434
1009,3,1,2,1560825,1488410308934
1010,4,1,1,1562225,1488410310335
1011,5,1,1,1563325,1488410311434
1012,3,0,3,1563825,1488410311934
1013,5,0,1,1566325,1488410314434
1014,6,155,-1,1566559,1488410314667
1015,3,0,1,1566825,1488410314934
1016,5,0,1,1569326,1488410317434
1017,3,2,3,1569826,1488410317934
1018,5,2,1,1572326,1488410320434
1019,3,0,2,1572826,1488410320935
1020,5,0,1,1575326,1488410323435
1021,3,2,3,1575826,1488410323935
1022,6,156,-1,1576559,1488410324667
1023,5,2,1,1578326,1488410326434
1024,3,0,6,1578826,1488410326936
1025,5,0,1,1581326,1488410329435
1026,3,1,6,1581826,1488410329935
1027,4,1,1,1582793,1488410330902
1028,5,1,1,1584326,1488410332435
1029,3,2,3,1584826,1488410332936
1030,6,157,-1,1586560,1488410334668
1031,5,2,1,1587327,1488410335435
1032,3,0,7,1587827,1488410335935
1033,5,0,1,1590327,1488410338435
1034,3,2,6,1590860,1488410338969
1035,5,2,1,1593360,1488410341469
1036,3,0,4,1593860,1488410341970
1037,5,0,1,1596361,1488410344469
1038,6,158,-1,1596560,1488410344669
1039,3,1,4,1596860,1488410344969
1040,4,1,1,1597994,1488410346103
1041,5,1,1,1599362,1488410347470
1042,3,2,6,1599861,1488410347970
1043,5,2,1,1602361,1488410350470
1044,3,0,5,1602861,1488410350970
1045,5,0,1,1605361,1488410353470
1046,3,1,5,1605862,1488410353971
1047,6,159,-1,1606561,1488410354670
1048,5,1,0,1608361,1488410356469
1049,3,1,5,1608862,1488410356971
1050,4,1,1,1610162,1488410358271
1051,5,1,1,1611362,1488410359470
1052,3,0,4,1611862,1488410359972
1053,5,0,1,1614361,1488410362470
1054,3,2,5,1614862,1488410362971
1055,6,160,-1,1616562,1488410364671
1056,5,2,1,1617362,1488410365470
1057,2,16,2,1621062,1488410371205
1058,1,17,2,1621428,1488410380062
1059,3,3,3,1622545,1488410381122
1060,5,3,1,1625046,1488410383621
1061,3,3,1,1625545,1488410384121
1062,6,161,-1,1626579,1488410385154
1063,5,3,1,1628045,1488410386621
1064,3,2,1,1628545,1488410387122
1065,5,2,1,1631046,1488410389622
1066,3,0,7,1631546,1488410390122
1067,5,0,1,1634046,1488410392622
1068,3,2,7,1634546,1488410393122
1069,6,162,-1,1636580,1488410395155
1070,5,2,1,1637046,1488410395622
1071,3,1,7,1637546,1488410396123
1072,4,1,1,1639179,1488410397756
1073,5,1,1,1640046,1488410398622
1074,3,0,3,1640546,1488410399123
1075,5,0,1,1643046,1488410401622
1076,3,1,7,1643546,1488410402123
1077,4,1,1,1644680,1488410403258
1078,5,1,1,1646046,1488410404622
1079,3,2,7,1646547,1488410405123
1080,6,163,-1,1646580,1488410405156
1081,5,2,1,1649047,1488410407623
1082,3,1,7,1649547,1488410408123
1083,4,1,1,1650713,1488410409290
1084,5,1,1,1652047,1488410410623
1085,3,1,7,1652547,1488410411123
1086,4,1,1,1653514,1488410412091
1087,5,1,1,1655047,1488410413623
1088,3,1,7,1655547,1488410414123
1089,4,1,1,1656414,1488410414991
1090,6,164,-1,1656580,1488410415156
1091,5,1,1,1658047,1488410416623
1092,3,0,2,1658547,1488410417123
1093,5,0,1,1661047,1488410419623
1094,3,2,2,1661547,1488410420123
1095,5,2,1,1664047,1488410422623
1096,3,0,5,1664548,1488410423124
1097,6,165,-1,1666581,1488410425157
1098,5,0,1,1667048,1488410425623
1099,3,1,2,1667548,1488410426124
1100,4,1,1,1668148,1488410426725
1101,5,1,1,1670048,1488410428624
1102,3,0,0,1670548,1488410429124
1103,5,0,1,1673048,1488410431624
1104,3,0,6,1673548,1488410432125
1105,5,0,1,1676048,1488410434624
1106,3,0,3,1676548,1488410435124
1107,6,166,-1,1676582,1488410435157
1108,5,0,1,1679048,1488410437624
1109,3,1,6,1679548,1488410438125
1110,4,1,1,1681015,1488410439592
1111,5,1,1,1682049,1488410440624
1112,3,2,6,1682549,1488410441125
1113,5,2,1,1685049,1488410443624
1114,3,0,5,1685549,1488410444125
1115,6,167,-1,1686582,1488410445159
1116,5,0,1,1688049,1488410446625
1117,3,2,5,1688549,1488410447125
1118,5,2,1,1691049,1488410449625
1119,3,0,1,1691549,1488410450125
1120,5,0,1,1694049,1488410452625
1121,3,0,4,1694549,1488410453126
1122,6,168,-1,1696583,1488410455158
1123,5,0,1,1697049,1488410455625
1124,3,1,1,1697549,1488410456125
1125,4,1,1,1699350,1488410457927
1126,5,1,1,1700050,1488410458626
1127,3,0,7,1700550,1488410459126
1128,5,0,1,1703050,1488410461625
1129,3,1,1,1703550,1488410462126
1130,4,1,1,1704316,1488410462894
1131,5,1,1,1706050,1488410464626
1132,3,1,7,1706550,1488410465126
1133,6,169,-1,1706583,1488410465159
1134,5,1,0,1709050,1488410467626
1135,3,1,1,1709550,1488410468126
1136,4,1,1,1710719,1488410469298
1137,5,1,1,1712050,1488410470626
1138,3,0,5,1712550,1488410471127
1139,5,0,1,1715050,1488410473626
1140,3,2,5,1715550,1488410474127
1141,6,170,-1,1716584,1488410475161
1142,5,2,1,1718051,1488410476627
1143,3,0,2,1718551,1488410477127
1144,5,0,1,1721084,1488410479660
1145,3,0,7,1721585,1488410480161
1146,5,0,1,1724084,1488410482660
1147,3,2,5,1724585,1488410483161
1148,6,171,-1,1726585,1488410485160
1149,5,2,1,1727084,1488410485660
1150,3,2,5,1727585,1488410486161
1151,5,2,1,1730085,1488410488661
1152,3,0,0,1730585,1488410489161
1153,5,0,1,1733085,1488410491661
1154,3,0,4,1733585,1488410492161
1155,5,0,1,1736085,1488410494661
1156,6,172,-1,1736585,1488410495161
1157,3,2,5,1736585,1488410495164
1158,5,2,1,1739085,1488410497661
1159,3,2,5,1739585,1488410498162
1160,5,2,1,1742086,1488410500662
1161,3,1,5,1742585,1488410501162
1162,4,1,1,1743485,1488410502063
1163,5,1,1,1745086,1488410503662
1164,3,0,0,1745586,1488410504162
1165,6,173,-1,1746586,1488410505161
1166,5,0,1,1748086,1488410506662
1167,2,17,3,1751785,1488410512397
1168,6,174,-1,1756607,1488410522094
1169,10,0,-1,1758707,1488410524313
1170,6,175,-1,1766627,1488410532278
1171,6,176,-1,1776637,1488410693904
1172,6,177,-1,1786646,1488410736490
1173,6,178,-1,1796647,1488410746491
1174,6,179,-1,1806663,1488410822228
1175,6,180,-1,1816663,1488410832229
1176,6,181,-1,1826663,1488410842229
1177,6,182,-1,1836664,1488410852230
1178,6,183,-1,1846665,1488410862230
1179,6,184,-1,1856666,1488410872232
1180,6,185,-1,1866699,1488410882265
1181,11,0,-1,1871399,1488410886966
1182,0,1,1,1871399,1488410886969
1183,6,186,-1,1876720,1488410893266
1184,6,187,-1,1886754,1488410903299
1185,6,188,-1,1896754,1488410913300
1186,6,189,-1,1906755,1488410923301
1187,6,190,-1,1916755,1488410933301
1188,6,191,-1,1926773,1488410943319
1189,1,0,1,1929106,1488410945653
1190,3,3,3,1929639,1488410946185
1191,5,3,1,1932139,1488410948685
1192,3,0,7,1932706,1488410949252
1193,5,0,1,1935240,1488410951785
1194,3,0,1,1935773,1488410952319
1195,6,192,-1,1936773,1488410953319
1196,5,0,1,1938306,1488410954852
1197,3,1,1,1938874,1488410955420
1198,4,1,1,1939907,1488410956453
1199,5,1,1,1941407,1488410957952
1200,3,0,6,1941940,1488410958486
1201,5,0,1,1944440,1488410960986
1202,3,0,7,1944974,1488410961519
1203,6,193,-1,1946774,1488410963321
1204,5,0,1,1947507,1488410964053
1205,3,0,4,1948007,1488410964554
1206,5,0,1,1950540,1488410967086
1207,3,1,4,1951107,1488410967653
1208,4,1,1,1951907,1488410968454
1209,5,1,1,1953607,1488410970153
1210,3,2,7,1954174,1488410970720
1211,5,2,1,1956674,1488410973220
1212,6,194,-1,1956776,1488410973321
1213,3,1,7,1957242,1488410973787
1214,4,1,1,1957908,1488410974454
1215,5,1,1,1959774,1488410976320
1216,3,1,7,1960275,1488410976820
1217,4,1,1,1961074,1488410977620
1218,5,1,1,1962808,1488410979354
1219,3,0,1,1963374,1488410979920
1220,5,0,1,1965875,1488410982420
1221,3,0,5,1966408,1488410982954
1222,6,195,-1,1966808,1488410983354
1223,5,0,1,1968908,1488410985454
1224,3,0,2,1969441,1488410985987
1225,5,0,1,1971942,1488410988487
1226,3,1,2,1972475,1488410989021
1227,4,1,1,1973142,1488410989689
1228,5,1,1,1975009,1488410991554
1229,3,0,4,1975542,1488410992088
1230,6,196,-1,1976809,1488410993354
1231,5,0,1,1978076,1488410994621
1232,3,2,2,1978609,1488410995155
1233,5,2,1,1981142,1488410997688
1234,3,1,2,1981676,1488410998221
1235,4,1,1,1982409,1488410998955
1236,5,1,1,1984176,1488411000721
1237,3,0,7,1984709,1488411001255
1238,6,197,-1,1986809,1488411003355
1239,5,0,1,1987209,1488411003755
1240,3,1,7,1987743,1488411004288
1241,4,1,1,1988476,1488411005022
1242,5,1,1,1990243,1488411006789
1243,3,2,2,1990777,1488411007323
1244,5,2,1,1993309,1488411009856
1245,3,1,2,1993843,1488411010389
1246,4,1,1,1994410,1488411010956
1247,5,1,1,1996376,1488411012922
1248,6,198,-1,1996810,1488411013355
1249,3,1,2,1996943,1488411013489
1250,4,1,1,1997677,1488411014223
1251,5,1,1,1999444,1488411015989
1252,3,0,4,2000010,1488411016556
1253,5,0,1,2002510,1488411019056
1254,3,2,2,2003077,1488411019622
1255,5,2,1,2005577,1488411022122
1256,3,1,2,2006110,1488411022656
1257,4,1,1,2006711,1488411023257
1258,6,199,-1,2006810,1488411023356
1259,5,1,1,2008644,1488411025189
1260,3,2,4,2009145,1488411025690
1261,5,2,1,2011646,1488411028192
1262,3,2,2,2012211,1488411028756
1263,5,2,1,2014744,1488411031290
1264,3,2,4,2015311,1488411031857
1265,4,2,0,2015878,1488411032424
1266,6,200,-1,2016811,1488411033356
1267,5,2,0,2017811,1488411034356
1268,3,0,3,2018344,1488411034890
1269,5,0,1,2020844,1488411037390
1270,3,0,1,2021378,1488411037925
1271,5,0,1,2023878,1488411040423
1272,3,1,1,2024411,1488411040957
1273,4,1,1,2024978,1488411041524
1274,6,201,-1,2026812,1488411043357
1275,5,1,1,2026945,1488411043490
1276,3,0,6,2027511,1488411044057
1277,5,0,1,2030013,1488411046558
1278,3,0,7,2030578,1488411047124
1279,5,0,1,2033079,1488411049624
1280,3,0,0,2033612,1488411050158
1281,5,0,1,2036112,1488411052657
1282,3,2,6,2036645,1488411053191
1283,6,202,-1,2036812,1488411053358
1284,5,2,1,2039179,1488411055724
1285,3,2,7,2039746,1488411056292
1286,5,2,1,2042279,1488411058824
1287,3,2,0,2042813,1488411059358
1288,5,2,1,2045346,1488411061891
1289,3,1,0,2045913,1488411062458
1290,6,203,-1,2046813,1488411063358
1291,4,1,1,2046979,1488411063525
1292,5,1,1,2048413,1488411064959
1293,3,0,3,2048979,1488411065526
1294,5,0,1,2051480,1488411068025
1295,3,2,0,2052013,1488411068559
1296,5,2,1,2054547,1488411071092
1297,2,1,2,2055113,1488411071674
1298,6,204,-1,2056813,1488411073359
1299,1,1,2,2063614,1488411080160
1300,3,3,2,2064147,1488411080693
1301,5,3,1,2066680,1488411083226
1302,6,205,-1,2066814,1488411083359
1303,3,3,3,2067247,1488411083793
1304,5,3,1,2069748,1488411086293
1305,3,1,2,2070281,1488411086827
1306,5,1,0,2072814,1488411089360
1307,3,0,6,2073347,1488411089893
1308,5,0,1,2075848,1488411092393
1309,3,1,2,2076414,1488411092960
1310,6,206,-1,2076814,1488411093360
1311,5,1,0,2078948,1488411095494
1312,3,0,5,2079514,1488411096060
1313,5,0,1,2082015,1488411098560
1314,3,1,2,2082548,1488411099094
1315,4,1,1,2083015,1488411099561
1316,5,1,1,2085048,1488411101594
1317,3,2,2,2085582,1488411102127
1318,6,207,-1,2086815,1488411103360
1319,5,2,1,2088115,1488411104660
1320,3,0,6,2088649,1488411105195
1321,5,0,1,2091182,1488411107727
1322,3,2,5,2091748,1488411108295
1323,5,2,1,2094249,1488411110795
1324,3,0,7,2094815,1488411111361
1325,6,208,-1,2096815,1488411113361
1326,5,0,1,2097316,1488411113861
1327,3,0,3,2097883,1488411114428
1328,5,0,1,2100416,1488411116962
1329,3,2,5,2100949,1488411117495
1330,5,2,1,2103483,1488411120029
1331,3,1,3,2104049,1488411120595
1332,4,1,1,2104683,1488411121229
1333,5,1,1,2106550,1488411123095
1334,6,209,-1,2106816,1488411123362
1335,3,2,7,2107083,1488411123628
1336,5,2,1,2109583,1488411126129
1337,3,2,5,2110116,1488411126662
1338,5,2,1,2112650,1488411129195
1339,3,1,7,2113183,1488411129728
1340,4,1,1,2114250,1488411130796
1341,5,1,1,2115683,1488411132229
1342,3,0,0,2116217,1488411132762
1343,6,210,-1,2116817,1488411133362
1344,5,0,1,2118750,1488411135296
1345,3,2,5,2119317,1488411135862
1346,5,2,1,2121850,1488411138396
1347,3,2,5,2122417,1488411138962
1348,5,2,1,2124918,1488411141464
1349,3,0,2,2125451,1488411141996
1350,6,211,-1,2126817,1488411143363
1351,5,0,1,2127984,1488411144529
1352,3,0,1,2128517,1488411145063
1353,5,0,1,2131051,1488411147596
1354,3,2,5,2131618,1488411148163
1355,5,2,1,2134151,1488411150696
1356,3,1,1,2134718,1488411151263
1357,4,1,1,2135618,1488411152164
1358,6,212,-1,2136818,1488411153365
1359,5,1,1,2137251,1488411153797
1360,3,2,1,2137818,1488411154364
1361,5,2,1,2140351,1488411156897
1362,3,0,7,2140885,1488411157430
1363,5,0,1,2143418,1488411159964
1364,3,1,1,2143952,1488411160497
1365,4,1,1,2144951,1488411161497
1366,5,1,1,2146485,1488411163030
1367,6,213,-1,2146852,1488411163398
1368,3,2,1,2147018,1488411163564
1369,5,2,1,2149552,1488411166097
1370,3,1,1,2150119,1488411166664
1371,4,1,1,2150752,1488411167298
1372,5,1,1,2152652,1488411169198
1373,3,1,1,2153185,1488411169731
1374,4,1,1,2153952,1488411170498
1375,5,1,1,2155719,1488411172264
1376,3,0,6,2156286,1488411172831
1377,6,214,-1,2156886,1488411173431
1378,5,0,1,2158819,1488411175365
1379,3,0,7,2159386,1488411175931
1380,5,0,1,2161886,1488411178431
1381,3,0,3,2162420,1488411178966
1382,5,0,1,2164953,1488411181498
1383,3,2,1,2165486,1488411182032
1384,6,215,-1,2166886,1488411183432
1385,5,2,1,2168019,1488411184565
1386,3,1,3,2168553,1488411185099
1387,4,1,1,2169353,1488411185899
1388,5,1,1,2171086,1488411187632
1389,3,1,1,2171653,1488411188199
1390,4,1,1,2172720,1488411189266
1391,5,1,1,2174186,1488411190732
1392,3,0,0,2174753,1488411191299
1393,6,216,-1,2176887,1488411193432
1394,5,0,1,2177254,1488411193800
1395,3,0,4,2177820,1488411194366
1396,5,0,1,2180320,1488411196866
1397,3,1,0,2180887,1488411197432
1398,4,1,1,2182187,1488411198733
1399,5,1,1,2183387,1488411199932
1400,3,2,1,2183954,1488411200499
1401,5,2,1,2186487,1488411203033
1402,6,217,-1,2186887,1488411203433
1403,3,0,7,2187054,1488411203600
1404,5,0,1,2189554,1488411206100
1405,3,0,5,2190087,1488411206633
1406,5,0,1,2192588,1488411209133
1407,2,2,3,2193088,1488411209647
1408,6,218,-1,2196888,1488411213433
1409,1,2,3,2201221,1488411217768
1410,3,3,6,2201788,1488411218334
1411,5,3,1,2204289,1488411220834
1412,3,3,1,2204822,1488411221368
1413,6,219,-1,2206888,1488411223434
1414,5,3,1,2207355,1488411223900
1415,3,3,2,2207888,1488411224434
1416,5,3,1,2210389,1488411226935
1417,3,0,5,2210955,1488411227501
1418,5,0,1,2213456,1488411230001
1419,3,1,1,2213990,1488411230536
1420,5,1,0,2216522,1488411233068
1421,6,220,-1,2216889,1488411233434
1422,3,0,7,2217056,1488411233601
1423,5,0,1,2219557,1488411236103
1424,3,0,6,2220122,1488411236668
1425,4,0,0,2220989,1488411237535
1426,5,0,0,2222623,1488411239168
1427,3,1,1,2223189,1488411239735
1428,4,1,1,2224123,1488411240669
1429,5,1,1,2225723,1488411242268
1430,3,2,1,2226290,1488411242835
1431,6,221,-1,2226890,1488411243435
1432,5,2,1,2228823,1488411245369
1433,3,1,6,2229390,1488411245935
1434,4,1,1,2230856,1488411247402
1435,5,1,1,2231890,1488411248436
1436,3,0,5,2232423,1488411248969
1437,5,0,1,2234923,1488411251469
1438,3,0,4,2235457,1488411252002
1439,6,222,-1,2236890,1488411253436
1440,5,0,1,2237990,1488411254536
1441,3,2,1,2238557,1488411255102
1442,5,2,1,2241090,1488411257636
1443,3,2,1,2241623,1488411258169
1444,5,2,1,2244124,1488411260670
1445,3,1,4,2244691,1488411261236
1446,6,223,-1,2246890,1488411263436
1447,5,1,0,2247224,1488411263770
1448,3,1,1,2247757,1488411264303
1449,4,1,1,2248591,1488411265137
1450,5,1,1,2250291,1488411266836
1451,3,2,4,2250825,1488411267370
1452,5,2,1,2253358,1488411269903
1453,3,0,3,2253924,1488411270471
1454,4,0,0,2254491,1488411271038
1455,5,0,0,2256424,1488411272970
1456,6,224,-1,2256891,1488411273437
1457,3,1,1,2256958,1488411273503
1458,5,1,0,2259492,1488411276038
1459,3,0,7,2260059,1488411276605
1460,5,0,1,2262591,1488411279137
1461,3,1,3,2263125,1488411279670
1462,5,1,0,2265625,1488411282171
1463,3,0,5,2266192,1488411282737
1464,6,225,-1,2266892,1488411283437
1465,4,0,0,2267592,1488411284138
1466,5,0,0,2268725,1488411285271
1467,3,2,3,2269292,1488411285837
1468,4,2,0,2269758,1488411286305
1469,5,2,0,2271826,1488411288371
1470,3,0,6,2272359,1488411288905
1471,4,0,0,2272392,1488411288938
1472,5,0,0,2274892,1488411291438
1473,3,2,6,2275426,1488411291971
1474,4,2,0,2275826,1488411292372
1475,6,226,-1,2276893,1488411293438
1476,5,2,0,2277959,1488411294504
1477,3,2,6,2278493,1488411295038
1478,4,2,0,2278726,1488411295272
1479,5,2,0,2281026,1488411297572
1480,3,0,0,2281593,1488411298138
1481,4,0,0,2282426,1488411298972
1482,5,0,0,2284093,1488411300639
1483,3,0,1,2284626,1488411301172
1484,4,0,0,2285093,1488411301639
1485,6,227,-1,2286926,1488411303472
1486,5,0,0,2287127,1488411303673
1487,3,0,7,2287660,1488411304205
1488,4,0,0,2288560,1488411305106
1489,5,0,0,2290160,1488411306705
1490,3,1,0,2290726,1488411307272
1491,5,1,0,2293260,1488411309806
1492,3,0,3,2293827,1488411310372
1493,5,0,1,2296327,1488411312872
1494,3,1,7,2296894,1488411313439
1495,6,228,-1,2296927,1488411313472
1496,4,1,1,2298294,1488411314839
1497,5,1,1,2299427,1488411315972
1498,3,2,7,2299960,1488411316506
1499,4,2,0,2300994,1488411317540
1500,5,2,0,2302461,1488411319007
1501,3,1,3,2303028,1488411319573
1502,4,1,1,2303627,1488411320173
1503,5,1,1,2305561,1488411322107
1504,3,2,3,2306095,1488411322640
1505,4,2,0,2306761,1488411323307
1506,6,229,-1,2306928,1488411323473
1507,5,2,0,2308628,1488411325173
1508,3,1,7,2309194,1488411325740
1509,4,1,1,2309828,1488411326374
1510,5,1,1,2311728,1488411328273
1511,3,0,1,2312261,1488411328806
1512,4,0,0,2313361,1488411329907
1513,5,0,0,2314761,1488411331307
1514,3,0,6,2315328,1488411331873
1515,4,0,0,2315595,1488411332140
1516,6,230,-1,2316928,1488411333474
1517,5,0,0,2317828,1488411334374
1518,3,0,2,2318363,1488411334910
1519,4,0,0,2318395,1488411334941
1520,5,0,0,2320895,1488411337440
1521,3,2,7,2321463,1488411338009
1522,4,2,0,2321595,1488411338141
1523,5,2,0,2323995,1488411340540
1524,3,2,1,2324562,1488411341107
1525,4,2,0,2325295,1488411341841
1526,6,231,-1,2326928,1488411343474
1527,5,2,0,2327095,1488411343641
1528,3,1,2,2327629,1488411344174
1529,4,1,1,2328662,1488411345208
1530,5,1,1,2330162,1488411346707
1531,3,2,2,2330729,1488411347274
1532,5,2,1,2333262,1488411349808
1533,2,3,2,2333796,1488411350354
1534,6,232,-1,2336929,1488411353475
1535,1,3,2,2340329,1488411356876
1536,3,3,2,2340896,1488411357441
1537,5,3,1,2343396,1488411359942
1538,3,3,0,2343929,1488411360475
1539,5,3,1,2346430,1488411362975
1540,6,233,-1,2346930,1488411363476
1541,3,0,4,2346996,1488411363542
1542,5,0,1,2349496,1488411366042
1543,3,1,0,2350030,1488411366576
1544,5,1,0,2352563,1488411369109
1545,3,1,4,2353130,1488411369676
1546,4,1,1,2355097,1488411371643
1547,5,1,1,2355664,1488411372209
1548,3,0,1,2356230,1488411372776
1549,6,234,-1,2356963,1488411373509
1550,5,0,1,2358730,1488411375276
1551,3,0,5,2359231,1488411375776
1552,5,0,1,2361731,1488411378277
1553,3,0,2,2362297,1488411378843
1554,5,0,1,2364797,1488411381343
1555,3,1,5,2365331,1488411381876
1556,6,235,-1,2366964,1488411383510
1557,5,1,0,2367832,1488411384378
1558,4,1,1,2368297,1488411384844
1559,3,2,5,2368397,1488411384943
1560,5,2,1,2370898,1488411387443
1561,4,2,0,2370964,1488411387510
1562,3,2,2,2371464,1488411388010
1563,4,2,0,2372064,1488411388610
1564,5,2,0,2373998,1488411390544
1565,3,0,1,2374565,1488411391111
1566,4,0,0,2375265,1488411391811
1567,6,236,-1,2376964,1488411393510
1568,5,0,0,2377098,1488411393643
1569,3,2,1,2377665,1488411394211
1570,5,2,1,2380198,1488411396744
1571,3,0,4,2380765,1488411397310
1572,4,0,0,2382831,1488411399377
1573,5,0,0,2383298,1488411399844
1574,3,2,4,2383832,1488411400378
1575,4,2,0,2383898,1488411400444
1576,5,2,0,2386332,1488411402878
1577,3,0,5,2386899,1488411403444
1578,4,0,0,2386965,1488411403511
1579,6,237,-1,2386965,1488411403514
1580,5,0,0,2389433,1488411405978
1581,3,2,5,2389999,1488411406545
1582,4,2,0,2390465,1488411407012
1583,5,2,0,2392532,1488411409078
1584,3,0,1,2393033,1488411409578
1585,4,0,0,2394233,1488411410779
1586,5,0,0,2395566,1488411412111
1587,3,0,2,2396132,1488411412678
1588,6,238,-1,2396966,1488411413512
1589,5,0,1,2398633,1488411415178
1590,3,0,6,2399199,1488411415745
1591,4,0,0,2401033,1488411417579
1592,5,0,0,2401699,1488411418245
1593,3,1,2,2402234,1488411418779
1594,4,1,1,2403833,1488411420379
1595,5,1,1,2404767,1488411421312
1596,3,1,6,2405299,1488411421845
1597,4,1,1,2405933,1488411422479
1598,6,239,-1,2407000,1488411423545
1599,5,1,1,2407800,1488411424345
1600,3,0,3,2408333,1488411424879
1601,5,0,1,2410833,1488411427379
1602,4,0,0,2411033,1488411427579
1603,3,1,6,2411367,1488411427912
1604,4,1,1,2412600,1488411429146
1605,5,1,1,2413901,1488411430446
1606,3,0,1,2414467,1488411431012
1607,4,0,0,2414767,1488411431313
1608,5,0,0,2416967,1488411433512
1609,6,240,-1,2417000,1488411433547
1610,3,2,3,2417501,1488411434046
1611,4,2,0,2418567,1488411435113
1612,5,2,0,2420034,1488411436579
1613,3,2,3,2420600,1488411437146
1614,4,2,0,2420767,1488411437313
1615,5,2,0,2423134,1488411439679
1616,3,2,6,2423667,1488411440213
1617,4,2,0,2424600,1488411441147
1618,5,2,0,2426167,1488411442713
1619,3,0,4,2426701,1488411443247
1620,6,241,-1,2427001,1488411443547
1621,4,0,0,2427201,1488411443747
1622,5,0,0,2429234,1488411445780
1623,3,0,7,2429768,1488411446313
1624,5,0,1,2432301,1488411448846
1625,3,2,7,2432834,1488411449380
1626,5,2,1,2435335,1488411451880
1627,3,1,7,2435868,1488411452413
1628,6,242,-1,2437001,1488411453547
1629,5,1,0,2438401,1488411454947
1630,3,1,7,2438968,1488411455514
1631,4,1,1,2440235,1488411456781
1632,5,1,1,2441469,1488411458014
1633,3,0,5,2442003,1488411458549
1634,4,0,0,2442101,1488411458648
1635,5,0,0,2444535,1488411461080
1636,3,1,7,2445068,1488411461614
1637,4,1,1,2445402,1488411461948
1638,6,243,-1,2447002,1488411463548
1639,5,1,1,2447602,1488411464148
1640,3,1,5,2448169,1488411464714
1641,4,1,1,2448335,1488411464881
1642,5,1,1,2450669,1488411467214
1643,3,2,5,2451235,1488411467781
1644,4,2,0,2451369,1488411467915
1645,5,2,0,2453736,1488411470281
1646,3,1,5,2454302,1488411470848
1647,4,1,1,2454336,1488411470882
1648,5,1,1,2456802,1488411473348
1649,6,244,-1,2457036,1488411473581
1650,3,1,5,2457336,1488411473882
1651,4,1,1,2457570,1488411474116
1652,5,1,1,2459836,1488411476381
1653,3,0,3,2460403,1488411476948
1654,5,0,1,2462903,1488411479449
1655,3,0,7,2463470,1488411480016
1656,5,0,1,2466003,1488411482548
1657,3,2,5,2466570,1488411483115
1658,6,245,-1,2467036,1488411483582
1659,5,2,1,2469103,1488411485649
1660,2,4,1,2469670,1488411486228
1661,1,4,1,2474403,1488411490950
1662,3,3,0,2474937,1488411491482
1663,6,246,-1,2477037,1488411493582
1664,5,3,1,2477437,1488411493982
1665,3,0,6,2478004,1488411494549
1666,5,0,1,2480504,1488411497049
1667,3,1,6,2481037,1488411497583
1668,4,1,1,2482070,1488411498617
1669,5,1,1,2483570,1488411500116
1670,3,1,6,2484104,1488411500650
1671,4,1,1,2485004,1488411501550
1672,5,1,1,2486637,1488411503183
1673,6,247,-1,2487037,1488411503583
1674,3,0,2,2487171,1488411503716
1675,5,0,1,2489704,1488411506250
1676,3,0,5,2490238,1488411506784
1677,5,0,1,2492771,1488411509317
1678,3,1,5,2493338,1488411509883
1679,4,1,1,2494471,1488411511017
1680,5,1,1,2495838,1488411512383
1681,3,1,5,2496371,1488411512917
1682,6,248,-1,2497038,1488411513583
1683,4,1,1,2497238,1488411513784
1684,5,1,1,2498871,1488411515417
1685,3,0,3,2499405,1488411515950
1686,4,0,0,2499871,1488411516417
1687,5,0,0,2501938,1488411518484
1688,3,1,3,2502472,1488411519017
1689,4,1,1,2502738,1488411519284
1690,5,1,1,2505005,1488411521551
1691,3,0,0,2505572,1488411522117
1692,4,0,0,2505772,1488411522318
1693,6,249,-1,2507038,1488411523584
1694,5,0,0,2508105,1488411524651
1695,3,1,0,2508672,1488411525218
1696,4,1,1,2510439,1488411526985
1697,5,1,1,2511206,1488411527751
1698,3,2,3,2511772,1488411528318
1699,4,2,0,2512739,1488411529285
1700,5,2,0,2514272,1488411530818
1701,3,2,0,2514806,1488411531352
1702,4,2,0,2515239,1488411531785
1703,6,250,-1,2517039,1488411533585
1704,5,2,0,2517306,1488411533852
1705,3,1,0,2517839,1488411534385
1706,4,1,1,2518106,1488411534652
1707,5,1,1,2520373,1488411536918
1708,3,0,1,2520939,1488411537485
1709,4,0,0,2521506,1488411538052
1710,5,0,0,2523440,1488411539985
1711,3,0,4,2523973,1488411540519
1712,4,0,0,2524006,1488411540552
1713,5,0,0,2526506,1488411543052
1714,6,251,-1,2527040,1488411543585
1715,3,1,4,2527073,1488411543618
1716,4,1,1,2528506,1488411545052
1717,5,1,1,2529573,1488411546119
1718,3,0,2,2530107,1488411546654
1719,4,0,0,2530140,1488411546686
1720,5,0,0,2532640,1488411549186
1721,3,0,5,2533173,1488411549719
1722,5,0,1,2535674,1488411552219
1723,3,1,5,2536240,1488411552786
1724,4,1,1,2537040,1488411553586
1725,6,252,-1,2537040,1488411553591
1726,5,1,1,2538774,1488411555319
1727,3,2,2,2539340,1488411555886
1728,5,2,1,2541841,1488411558386
1729,3,2,5,2542407,1488411558953
1730,5,2,1,2544907,1488411561453
1731,3,0,3,2545441,1488411561986
1732,6,253,-1,2547041,1488411563586
1733,5,0,1,2547974,1488411564520
1734,3,2,2,2548541,1488411565086
1735,5,2,1,2551041,1488411567586
1736,3,2,5,2551608,1488411568154
1737,4,2,0,2551974,1488411568520
1738,5,2,0,2554141,1488411570687
1739,3,2,3,2554675,1488411571220
1740,6,254,-1,2557043,1488411573588
1741,5,2,1,2557208,1488411573754
1742,3,0,7,2557742,1488411574287
1743,4,0,0,2558641,1488411575187
1744,5,0,0,2560242,1488411576788
1745,3,1,7,2560775,1488411577320
1746,4,1,1,2561608,1488411578154
1747,5,1,1,2563308,1488411579854
1748,3,2,3,2563842,1488411580387
1749,5,2,1,2566375,1488411582921
1750,3,1,3,2566942,1488411583488
1751,6,255,-1,2567075,1488411583621
1752,4,1,1,2567542,1488411584088
1753,5,1,1,2569475,1488411586021
1754,3,2,7,2570042,1488411586588
1755,4,2,0,2571409,1488411587955
1756,5,2,0,2572576,1488411589121
1757,3,1,7,2573110,1488411589655
1758,4,1,1,2574309,1488411590855
1759,5,1,1,2575643,1488411592188
1760,3,0,2,2576143,1488411592689
1761,6,256,-1,2577076,1488411593621
1762,5,0,1,2578677,1488411595222
1763,3,0,4,2579243,1488411595789
1764,5,0,1,2581776,1488411598322
1765,3,0,5,2582343,1488411598889
1766,4,0,0,2583912,1488411600458
1767,5,0,0,2584844,1488411601389
1768,3,0,6,2585410,1488411601955
1769,6,257,-1,2587076,1488411603622
1770,5,0,1,2587910,1488411604455
1771,3,0,0,2588476,1488411605022
1772,5,0,1,2590977,1488411607522
1773,3,2,6,2591510,1488411608056
1774,5,2,1,2594043,1488411610589
1775,3,0,5,2594577,1488411611122
1776,6,258,-1,2597077,1488411613622
1777,5,0,1,2597077,1488411613626
1778,3,2,6,2597644,1488411614189
1779,5,2,1,2600177,1488411616722
1780,2,5,1,2600711,1488411617268
1781,6,259,-1,2607078,1488411623623
1782,1,5,1,2610611,1488411627158
1783,3,3,1,2611145,1488411627691
1784,5,3,1,2613678,1488411630224
1785,3,1,1,2614245,1488411630790
1786,4,1,1,2614878,1488411631424
1787,5,1,1,2616778,1488411633324
1788,6,260,-1,2617080,1488411633626
1789,3,0,2,2617311,1488411633858
1790,4,0,0,2617478,1488411634024
1791,5,0,0,2619812,1488411636357
1792,3,0,3,2620345,1488411636891
1793,4,0,0,2620878,1488411637424
1794,5,0,0,2622878,1488411639424
1795,3,2,2,2623412,1488411639957
1796,4,2,0,2623612,1488411640158
1797,5,2,0,2625912,1488411642458
1798,3,2,3,2626445,1488411642991
1799,4,2,0,2626612,1488411643158
1800,6,261,-1,2627112,1488411643657
1801,5,2,0,2628979,1488411645524
1802,3,0,5,2629512,1488411646058
1803,5,0,1,2632012,1488411648558
1804,3,0,0,2632546,1488411649092
1805,5,0,1,2635079,1488411651625
1806,3,0,4,2635613,1488411652158
1807,6,262,-1,2637113,1488411653658
1808,5,0,1,2638146,1488411654692
1809,3,0,6,2638679,1488411655225
1810,5,0,1,2641213,1488411657758
1811,3,1,6,2641779,1488411658325
1812,4,1,1,2642846,1488411659392
1813,5,1,1,2644280,1488411660825
1814,3,0,0,2644813,1488411661359
1815,6,263,-1,2647113,1488411663659
1816,5,0,1,2647347,1488411663892
1817,3,2,6,2647880,1488411664426
1818,5,2,1,2650413,1488411666959
1819,3,1,6,2650980,1488411667526
1820,5,1,0,2653480,1488411670026
1821,3,1,6,2654014,1488411670559
1822,4,1,1,2655014,1488411671559
1823,5,1,1,2656547,1488411673093
1824,6,264,-1,2657114,1488411673659
1825,3,0,4,2657114,1488411673662
1826,5,0,1,2659614,1488411676160
1827,3,1,4,2660181,1488411676726
1828,4,1,1,2660914,1488411677460
1829,5,1,1,2662714,1488411679259
1830,3,1,4,2663281,1488411679826
1831,4,1,1,2664281,1488411680827
1832,5,1,1,2665781,1488411682328
1833,3,1,4,2666315,1488411682861
1834,6,265,-1,2667114,1488411683660
1835,4,1,1,2667247,1488411683794
1836,5,1,1,2668848,1488411685393
1837,3,0,1,2669414,1488411685960
1838,5,0,1,2671948,1488411688494
1839,3,0,2,2672515,1488411689060
1840,5,0,1,2675048,1488411691593
1841,3,2,4,2675615,1488411692160
1842,6,266,-1,2677115,1488411693660
1843,5,2,1,2678115,1488411694660
1844,3,1,4,2678648,1488411695194
1845,4,1,1,2679982,1488411696528
1846,5,1,1,2681182,1488411697727
1847,3,2,2,2681715,1488411698261
1848,5,2,1,2684248,1488411700794
1849,3,1,2,2684815,1488411701361
1850,4,1,1,2685515,1488411702061
1851,6,267,-1,2687115,1488411703661
1852,5,1,1,2687316,1488411703861
1853,3,0,3,2687882,1488411704428
1854,5,0,1,2690416,1488411706961
1855,3,0,7,2690982,1488411707528
1856,5,0,1,2693483,1488411710028
1857,3,2,3,2694016,1488411710562
1858,5,2,1,2696549,1488411713095
1859,6,268,-1,2697116,1488411713661
1860,3,0,1,2697116,1488411713664
1861,5,0,1,2699616,1488411716162
1862,3,0,6,2700149,1488411716695
1863,5,0,1,2702650,1488411719195
1864,3,0,2,2703216,1488411719762
1865,5,0,1,2705716,1488411722262
1866,3,0,7,2706283,1488411722829
1867,6,269,-1,2707117,1488411723662
1868,5,0,1,2708785,1488411725330
1869,3,1,7,2709317,1488411725862
1870,4,1,1,2710083,1488411726630
1871,5,1,1,2711850,1488411728396
1872,3,2,2,2712417,1488411728962
1873,5,2,1,2714917,1488411731463
1874,3,0,1,2715451,1488411731997
1875,6,270,-1,2717117,1488411733663
1876,5,0,1,2717984,1488411734530
1877,3,2,2,2718517,1488411735063
1878,4,2,0,2719550,1488411736096
1879,5,2,0,2721051,1488411737596
1880,3,2,1,2721617,1488411738163
1881,4,2,0,2722184,1488411738730
1882,5,2,0,2724151,1488411740696
1883,3,1,1,2724684,1488411741230
1884,4,1,1,2725251,1488411741797
1885,6,271,-1,2727118,1488411743663
1886,5,1,1,2727218,1488411743763
1887,3,0,6,2727784,1488411744330
1888,4,0,0,2728786,1488411745333
1889,5,0,0,2730285,1488411746830
1890,3,2,1,2730818,1488411747364
1891,4,2,0,2731318,1488411747864
1892,5,2,0,2733352,1488411749897
1893,3,1,1,2733885,1488411750431
1894,5,1,0,2736418,1488411752964
1895,2,6,1,2736985,1488411753544
1896,6,272,-1,2737118,1488411753663
1897,6,273,-1,2747119,1488411763664
1898,1,6,1,2751986,1488411768532
1899,3,3,1,2752553,1488411769099
1900,5,3,1,2755086,1488411771632
1901,3,0,3,2755619,1488411772165
1902,6,274,-1,2757119,1488411773665
1903,5,0,1,2758153,1488411774698
1904,3,0,4,2758686,1488411775232
1905,5,0,1,2761219,1488411777765
1906,3,0,6,2761753,1488411778298
1907,5,0,1,2764286,1488411780832
1908,3,0,0,2764853,1488411781399
1909,6,275,-1,2767120,1488411783665
1910,5,0,1,2767353,1488411783899
1911,3,0,3,2767887,1488411784433
1912,5,0,1,2770420,1488411786966
1913,3,2,0,2770987,1488411787532
1914,5,2,1,2773487,1488411790032
1915,3,2,3,2774054,1488411790599
1916,5,2,1,2776554,1488411793099
1917,6,276,-1,2777121,1488411793667
1918,3,0,4,2777121,1488411793669
1919,5,0,1,2779655,1488411796200
1920,3,2,3,2780188,1488411796734
1921,5,2,1,2782688,1488411799234
1922,3,1,3,2783221,1488411799766
1923,4,1,1,2783888,1488411800434
1924,5,1,1,2785754,1488411802300
1925,3,1,3,2786321,1488411802867
1926,6,277,-1,2787154,1488411803700
1927,4,1,1,2787755,1488411804300
1928,5,1,1,2788854,1488411805400
1929,3,0,6,2789388,1488411805934
1930,4,0,0,2789555,1488411806100
1931,5,0,0,2791888,1488411808434
1932,3,0,0,2792455,1488411809000
1933,5,0,1,2794988,1488411811534
1934,3,1,0,2795521,1488411812067
1935,6,278,-1,2797155,1488411813700
1936,5,1,0,2798022,1488411814568
1937,3,0,4,2798555,1488411815101
1938,5,0,1,2801088,1488411817634
1939,3,0,2,2801622,1488411818168
1940,5,0,1,2804155,1488411820701
1941,3,0,3,2804722,1488411821267
1942,4,0,0,2805455,1488411822001
1943,6,279,-1,2807156,1488411823701
1944,5,0,0,2807222,1488411823767
1945,3,2,4,2807789,1488411824334
1946,4,2,0,2808589,1488411825135
1947,5,2,0,2810289,1488411826834
1948,3,1,4,2810823,1488411827369
1949,5,1,0,2813356,1488411829901
1950,3,2,3,2813923,1488411830470
1951,5,2,1,2816456,1488411833001
1952,3,0,7,2816989,1488411833535
1953,6,280,-1,2817156,1488411833701
1954,4,0,0,2817956,1488411834502
1955,5,0,0,2819490,1488411836035
1956,3,2,4,2820057,1488411836602
1957,5,2,1,2822589,1488411839135
1958,3,1,4,2823123,1488411839669
1959,4,1,1,2823823,1488411840369
1960,5,1,1,2825624,1488411842169
1961,3,1,4,2826190,1488411842735
1962,6,281,-1,2827157,1488411843702
1963,4,1,1,2827290,1488411843836
1964,5,1,1,2828690,1488411845236
1965,3,0,0,2829257,1488411845802
1966,5,0,1,2831757,1488411848303
1967,3,2,4,2832324,1488411848869
1968,5,2,1,2834824,1488411851369
1969,3,1,4,2835357,1488411851903
1970,4,1,1,2835957,1488411852503
1971,6,282,-1,2837157,1488411853703
1972,5,1,1,2837858,1488411854403
1973,3,1,4,2838424,1488411854970
1974,4,1,1,2839091,1488411855637
1975,5,1,1,2840957,1488411857503
1976,3,0,7,2841491,1488411858036
1977,5,0,1,2843991,1488411860537
1978,3,1,7,2844524,1488411861070
1979,4,1,1,2845224,1488411861770
1980,5,1,1,2847058,1488411863603
1981,6,283,-1,2847158,1488411863703
1982,3,1,7,2847624,1488411864170
1983,4,1,1,2848424,1488411864971
1984,5,1,1,2850125,1488411866670
1985,3,0,1,2850691,1488411867237
1986,5,0,1,2853192,1488411869737
1987,3,2,7,2853758,1488411870304
1988,5,2,1,2856292,1488411872837
1989,3,0,2,2856825,1488411873370
1990,6,284,-1,2857158,1488411873705
1991,5,0,1,2859326,1488411875871
1992,3,2,1,2859859,1488411876405
1993,5,2,1,2862392,1488411878937
1994,3,2,2,2862959,1488411879504
1995,5,2,1,2865460,1488411882005
1996,3,2,1,2866026,1488411882572
1997,6,285,-1,2867159,1488411883704
1998,5,2,1,2868559,1488411885104
1999,3,1,1,2869126,1488411885671
2000,4,1,1,2869926,1488411886472
2001,5,1,1,2871626,1488411888171
2002,3,1,1,2872160,1488411888705
2003,4,1,1,2872959,1488411889505
2004,5,1,1,2874692,1488411891238
2005,3,0,4,2875259,1488411891805
2006,4,0,0,2875593,1488411892139
2007,6,286,-1,2877160,1488411893705
2008,5,0,0,2877793,1488411894338
2009,2,7,1,2878360,1488411894918
2010,1,7,1,2880726,1488411897273
2011,3,3,3,2881293,1488411897839
2012,5,3,1,2883827,1488411900372
2013,3,0,6,2884393,1488411900939
2014,5,0,1,2886927,1488411903473
2015,6,287,-1,2887160,1488411903705
2016,3,0,7,2887460,1488411904006
2017,5,0,1,2889994,1488411906539
2018,3,0,3,2890527,1488411907073
2019,5,0,1,2893060,1488411909606
2020,3,0,2,2893627,1488411910173
2021,5,0,1,2896161,1488411912706
2022,3,1,2,2896728,1488411913274
2023,6,288,-1,2897161,1488411913706
2024,4,1,1,2897827,1488411914373
2025,5,1,1,2899261,1488411915806
2026,3,1,2,2899794,1488411916340
2027,4,1,1,2900561,1488411917107
2028,5,1,1,2902294,1488411918840
2029,3,1,2,2902861,1488411919406
2030,4,1,1,2903728,1488411920274
2031,5,1,1,2905361,1488411921906
2032,3,0,6,2905894,1488411922440
2033,6,289,-1,2907161,1488411923706
2034,5,0,1,2908428,1488411924973
2035,3,1,6,2908994,1488411925540
2036,4,1,1,2909795,1488411926340
2037,5,1,1,2911528,1488411928073
2038,3,0,5,2912095,1488411928640
2039,5,0,1,2914628,1488411931174
2040,3,2,6,2915161,1488411931707
2041,6,290,-1,2917163,1488411933708
2042,5,2,1,2917662,1488411934207
2043,3,2,5,2918228,1488411934774
2044,5,2,1,2920762,1488411937308
2045,3,1,5,2921328,1488411937874
2046,5,1,0,2923829,1488411940375
2047,3,2,6,2924395,1488411940941
2048,4,2,0,2924529,1488411941075
2049,5,2,0,2926896,1488411943441
2050,6,291,-1,2927195,1488411943741
2051,3,0,2,2927462,1488411944008
2052,5,0,1,2929963,1488411946508
2053,3,0,3,2930529,1488411947075
2054,5,0,1,2933029,1488411949575
2055,3,0,1,2933563,1488411950109
2056,5,0,1,2936096,1488411952642
2057,3,2,3,2936663,1488411953209
2058,6,292,-1,2937196,1488411953742
2059,5,2,1,2939163,1488411955709
2060,3,1,3,2939697,1488411956243
2061,4,1,1,2940230,1488411956776
2062,5,1,1,2942230,1488411958776
2063,3,1,3,2942797,1488411959343
2064,4,1,1,2943797,1488411960342
2065,5,1,1,2945330,1488411961876
2066,3,0,4,2945897,1488411962442
2067,6,293,-1,2947197,1488411963742
2068,5,0,1,2948397,1488411964943
2069,3,1,4,2948963,1488411965509
2070,4,1,1,2949397,1488411965943
2071,5,1,1,2951464,1488411968010
2072,3,0,1,2952030,1488411968576
2073,5,0,1,2954530,1488411971076
2074,3,2,4,2955064,1488411971610
2075,6,294,-1,2957197,1488411973743
2076,5,2,1,2957597,1488411974143
2077,3,0,3,2958164,1488411974710
2078,5,0,1,2960665,1488411977210
2079,3,0,0,2961231,1488411977777
2080,5,0,1,2963731,1488411980277
2081,3,2,4,2964297,1488411980843
2082,5,2,1,2966798,1488411983344
2083,6,295,-1,2967198,1488411983745
2084,3,1,4,2967364,1488411983910
2085,5,1,0,2969865,1488411986411
2086,3,2,0,2970432,1488411986978
2087,4,2,0,2971065,1488411987611
2088,5,2,0,2972965,1488411989510
2089,3,1,0,2973531,1488411990077
2090,4,1,1,2975065,1488411991611
2091,5,1,1,2976032,1488411992577
2092,3,0,1,2976598,1488411993144
2093,6,296,-1,2977198,1488411993744
2094,5,0,1,2979132,1488411995677
2095,3,1,1,2979699,1488411996244
2096,4,1,1,2980365,1488411996911
2097,5,1,1,2982199,1488411998744
2098,3,2,0,2982765,1488411999311
2099,5,2,1,2985265,1488412001811
2100,3,0,4,2985799,1488412002344
2101,6,297,-1,2987199,1488412003744
2102,5,0,1,2988333,1488412004879
2103,3,1,4,2988899,1488412005444
2104,4,1,1,2989999,1488412006546
2105,5,1,1,2991399,1488412007945
2106,3,2,0,2991933,1488412008478
2107,5,2,1,2994466,1488412011012
2108,3,0,5,2994999,1488412011545
2109,6,298,-1,2997200,1488412013745
2110,5,0,1,2997533,1488412014078
2111,3,0,3,2998099,1488412014645
2112,5,0,1,3000633,1488412017179
2113,3,0,7,3001200,1488412017745
2114,5,0,1,3003700,1488412020246
2115,3,0,2,3004266,1488412020812
2116,5,0,1,3006767,1488412023312
2117,6,299,-1,3007200,1488412023746
2118,2,8,1,3007300,1488412023858
2119,1,8,1,3009867,1488412026413
2120,3,3,3,3010435,1488412026981
2121,5,3,1,3012967,1488412029513
2122,3,0,1,3013500,1488412030046
2123,5,0,1,3016001,1488412032546
2124,3,1,1,3016534,1488412033080
2125,6,300,-1,3017201,1488412033746
2126,4,1,1,3017234,1488412033780
2127,5,1,1,3019034,1488412035580
2128,3,1,1,3019567,1488412036113
2129,4,1,1,3020934,1488412037480
2130,5,1,1,3022068,1488412038613
2131,3,0,2,3022634,1488412039180
2132,5,0,1,3025134,1488412041680
2133,3,2,1,3025668,1488412042213
2134,6,301,-1,3027201,1488412043747
2135,5,2,1,3028201,1488412044747
2136,3,0,5,3028768,1488412045314
2137,5,0,1,3031268,1488412047814
2138,3,1,5,3031801,1488412048347
2139,4,1,1,3033268,1488412049814
2140,5,1,1,3034302,1488412050847
2141,3,1,5,3034835,1488412051381
2142,4,1,1,3035570,1488412052116
2143,6,302,-1,3037202,1488412053747
2144,5,1,1,3037368,1488412053914
2145,3,1,5,3037935,1488412054481
2146,4,1,1,3038702,1488412055248
2147,5,1,1,3040437,1488412056982
2148,3,1,5,3040969,1488412057514
2149,4,1,1,3041669,1488412058215
2150,5,1,1,3043502,1488412060048
2151,3,0,2,3044036,1488412060581
2152,5,0,1,3046536,1488412063081
2153,3,1,2,3047069,1488412063614
2154,6,303,-1,3047202,1488412063748
2155,4,1,1,3047769,1488412064315
2156,5,1,1,3049603,1488412066148
2157,3,0,1,3050136,1488412066681
2158,5,0,1,3052669,1488412069215
2159,3,0,6,3053236,1488412069781
2160,5,0,1,3055737,1488412072282
2161,3,2,2,3056303,1488412072849
2162,6,304,-1,3057203,1488412073748
2163,5,2,1,3058803,1488412075349
2164,3,0,5,3059370,1488412075915
2165,5,0,1,3061903,1488412078449
2166,3,0,1,3062437,1488412078982
2167,5,0,1,3064970,1488412081515
2168,3,0,3,3065503,1488412082049
2169,6,305,-1,3067203,1488412083749
2170,5,0,1,3068004,1488412084550
2171,3,0,2,3068570,1488412085116
2172,5,0,1,3071070,1488412087616
2173,3,0,0,3071637,1488412088182
2174,5,0,1,3074171,1488412090716
2175,3,0,4,3074737,1488412091283
2176,6,306,-1,3077204,1488412093749
2177,5,0,1,3077271,1488412093816
2178,3,1,4,3077804,1488412094350
2179,5,1,0,3080338,1488412096883
2180,3,0,6,3080871,1488412097416
2181,5,0,1,3083404,1488412099950
2182,4,0,0,3083438,1488412099984
2183,3,2,4,3083938,1488412100483
2184,4,2,0,3084704,1488412101250
2185,5,2,0,3086438,1488412102983
2186,3,1,4,3086971,1488412103517
2187,6,307,-1,3087204,1488412103750
2188,4,1,1,3087605,1488412104151
2189,5,1,1,3089472,1488412106018
2190,3,0,5,3090038,1488412106583
2191,4,0,0,3090738,1488412107284
2192,5,0,0,3092538,1488412109084
2193,3,0,6,3093105,1488412109650
2194,4,0,0,3094272,1488412110818
2195,5,0,0,3095605,1488412112151
2196,3,2,5,3096139,1488412112684
2197,6,308,-1,3097205,1488412113751
2198,5,2,1,3098672,1488412115217
2199,3,2,6,3099205,1488412115751
2200,4,2,0,3100539,1488412117085
2201,5,2,0,3101705,1488412118251
2202,3,0,4,3102239,1488412118784
2203,5,0,1,3104772,1488412121318
2204,3,1,4,3105339,1488412121885
2205,6,309,-1,3107206,1488412123751
2206,5,1,0,3107872,1488412124418
2207,3,2,6,3108439,1488412124985
2208,5,2,1,3110940,1488412127485
2209,3,0,1,3111473,1488412128018
2210,5,0,1,3113974,1488412130519
2211,3,1,1,3114506,1488412131052
2212,4,1,1,3115373,1488412131919
2213,5,1,1,3117039,1488412133585
2214,6,310,-1,3117206,1488412133752
2215,3,2,6,3117606,1488412134152
2216,5,2,1,3120140,1488412136686
2217,3,2,1,3120706,1488412137252
2218,5,2,1,3123207,1488412139752
2219,3,1,1,3123773,1488412140319
2220,4,1,1,3124740,1488412141286
2221,5,1,1,3126274,1488412142819
2222,3,2,6,3126776,1488412143321
2223,6,311,-1,3127207,1488412143753
2224,5,2,1,3129307,1488412145853
2225,3,0,7,3129874,1488412146419
2226,5,0,1,3132408,1488412148954
2227,3,2,6,3132974,1488412149520
2228,5,2,1,3135474,1488412152020
2229,2,9,1,3136008,1488412152566
2230,6,312,-1,3137224,1488412153770
2231,6,313,-1,3147245,1488412163987
2232,6,314,-1,3157245,1488412173987
2233,6,315,-1,3167246,1488412183988
2234,6,316,-1,3177246,1488412193989
2235,6,317,-1,3187247,1488412203989
2236,6,318,-1,3197247,1488412213990
2237,6,319,-1,3207248,1488412223990
2238,6,320,-1,3217249,1488412233991
