%Recollect Version 2.3. Scene/Level: , Session: 7, GameNumber: 0
%Note: All true/false values are represented as "1" and "0" respectively.
%Damage:1,Player X Position,Player Y Position,Hearts Left,Time (Relative),Time (Absolute)
%LameBackObject:Algorithm Condition,Trial Number,Current N Level,Lure Rate,Is Correct,Stimulus Type,Stimulus Color,Presentation Time (R),Presentation Time (A),Response Time (R),Response Time (A),Expire Time (R),Expire Time (A)
%Possible values for "Color":Red=0,Blue=1,Green=2,Yellow=3,Purple=4,LightBlue=5,Brown=6,White=7,
%Possible values for "Type":NonTarget=0,Target=1,Lure=2,lessThanN=3,
8,1,2,0.3,1,3,2,2.987061,1487785617071,-1,-1,2.453735,1487785616539
8,2,2,0.3,1,3,4,6.053833,1487785620138,-1,-1,5.487183,1487785619575
8,3,2,0.3,1,2,4,9.087402,1487785623172,-1,-1,8.554077,1487785622641
8,4,2,0.3,1,1,4,12.15417,1487785626239,13.55432,1487785627639,11.58752,1487785625675
8,5,2,0.3,1,0,3,15.18774,1487785629272,-1,-1,14.65491,1487785628743
8,6,2,0.3,1,1,4,18.22522,1487785632310,19.28821,1487785633373,17.69177,1487785631779
8,7,2,0.3,1,1,3,21.28809,1487785635372,22.52161,1487785636606,20.75537,1487785634842
8,8,2,0.3,1,1,4,24.32227,1487785638407,25.12195,1487785639207,23.78821,1487785637875
8,9,2,0.3,1,1,3,27.38843,1487785641473,28.28967,1487785642374,26.8551,1487785640942
8,10,2,0.3,1,2,3,30.45532,1487785644540,-1,-1,29.88855,1487785643977
8,11,2,0.3,1,2,4,33.52197,1487785647606,-1,-1,32.95544,1487785647043
8,12,2,0.3,1,0,5,36.55566,1487785650640,-1,-1,36.02209,1487785650109
8,13,2,0.3,1,0,2,39.62256,1487785653707,-1,-1,39.05579,1487785653143
8,14,2,0.3,1,0,0,42.72253,1487785656807,-1,-1,42.15601,1487785656243
8,15,2,0.3,1,0,3,45.75623,1487785659841,-1,-1,45.22278,1487785659311
8,16,2,0.3,1,0,4,48.78967,1487785662874,-1,-1,48.25635,1487785662343
8,17,2,0.3,1,1,3,51.82361,1487785665908,53.22327,1487785667308,51.28992,1487785665377
8,18,2,0.3,1,2,0,54.89063,1487785668975,-1,-1,54.35669,1487785668444
8,19,2,0.3,1,2,4,57.99023,1487785672075,-1,-1,57.42358,1487785671510
8,20,2,0.3,1,2,3,61.05713,1487785675141,-1,-1,60.5249,1487785674613
8,21,2,0.3,1,0,6,64.12378,1487785678208,-1,-1,63.55725,1487785677646
8,22,2,0.3,1,0,7,67.15735,1487785681242,-1,-1,66.6239,1487785680711
8,1,2,0.3,1,3,4,72.49084,1487785686575,-1,-1,71.99084,1487785686076
8,2,2,0.3,1,3,1,75.25854,1487785689343,-1,-1,74.75793,1487785688846
8,3,2,0.3,1,2,1,78.02454,1487785692109,-1,-1,77.52454,1487785691612
8,4,2,0.3,1,1,1,80.7915,1487785694876,82.29163,1487785696376,80.29138,1487785694378
8,5,2,0.3,1,0,3,83.55823,1487785697643,-1,-1,83.05835,1487785697145
8,6,2,0.3,1,0,5,86.3252,1487785700410,-1,-1,85.8252,1487785699912
8,7,2,0.3,1,1,3,89.09192,1487785703176,89.92554,1487785704010,88.5918,1487785702680
8,8,2,0.3,1,1,5,91.85864,1487785705943,93.12573,1487785707210,91.35876,1487785705446
8,9,2,0.3,1,0,0,94.62549,1487785708710,-1,-1,94.12561,1487785708214
8,10,2,0.3,1,2,0,97.39246,1487785711477,-1,-1,96.89233,1487785710980
8,11,2,0.3,1,0,1,100.1592,1487785714244,-1,-1,99.65918,1487785713746
8,12,2,0.3,1,2,5,102.926,1487785717010,-1,-1,102.4259,1487785716515
8,13,2,0.3,1,0,6,105.6927,1487785719777,-1,-1,105.1927,1487785719280
8,14,2,0.3,1,2,0,108.4596,1487785722544,-1,-1,107.9596,1487785722047
8,15,2,0.3,1,2,0,111.2264,1487785725311,-1,-1,110.7263,1487785724813
8,16,2,0.3,1,2,6,113.994,1487785728078,-1,-1,113.4934,1487785727581
8,17,2,0.3,1,1,0,116.7601,1487785730844,117.827,1487785731912,116.2601,1487785730348
8,18,2,0.3,1,1,6,119.527,1487785733611,120.4939,1487785734579,119.0269,1487785733114
8,19,2,0.3,1,0,2,122.2941,1487785736379,-1,-1,121.7937,1487785735881
8,20,2,0.3,1,0,1,125.0605,1487785739145,-1,-1,124.5605,1487785738648
8,21,2,0.3,1,0,4,127.8274,1487785741912,-1,-1,127.3279,1487785741415
8,22,2,0.3,1,1,1,130.5944,1487785744679,131.861,1487785745946,130.0941,1487785744183
8,1,2,0.3,1,3,4,137.8613,1487785751946,-1,-1,137.4282,1487785751513
8,2,2,0.3,1,3,3,140.3281,1487785754413,-1,-1,139.8947,1487785753982
8,3,2,0.3,1,1,4,142.7949,1487785756879,143.8953,1487785757980,142.3616,1487785756448
8,4,2,0.3,1,0,2,145.2616,1487785759346,-1,-1,144.8284,1487785758917
8,5,2,0.3,0,2,3,147.7285,1487785761813,149.1953,1487785763280,147.2952,1487785761382
8,6,2,0.3,1,1,2,150.1954,1487785764280,151.3955,1487785765480,149.762,1487785763850
8,7,2,0.3,1,0,6,152.6621,1487785766747,-1,-1,152.2288,1487785766316
8,8,2,0.3,1,1,2,155.1296,1487785769215,156.1622,1487785770247,154.6956,1487785768783
8,9,2,0.3,1,2,3,157.5958,1487785771680,-1,-1,157.1624,1487785771251
8,10,2,0.3,1,2,6,160.0627,1487785774147,-1,-1,159.6292,1487785773716
8,11,2,0.3,1,1,3,162.5293,1487785776614,163.5295,1487785777614,162.0967,1487785776183
8,12,2,0.3,1,0,5,164.9962,1487785779081,-1,-1,164.5626,1487785778650
8,13,2,0.3,1,0,1,167.4629,1487785781547,-1,-1,167.0297,1487785781116
8,14,2,0.3,1,2,3,169.9298,1487785784014,-1,-1,169.4963,1487785783585
8,15,2,0.3,1,2,3,172.3966,1487785786481,-1,-1,171.9634,1487785786050
8,16,2,0.3,1,0,2,174.8633,1487785788948,-1,-1,174.4301,1487785788517
8,17,2,0.3,1,1,3,177.3301,1487785791414,178.5638,1487785792648,176.8969,1487785790984
8,18,2,0.3,1,0,6,179.797,1487785793881,-1,-1,179.3635,1487785793450
8,19,2,0.3,1,2,2,182.2637,1487785796348,-1,-1,181.8303,1487785795919
8,20,2,0.3,1,0,4,184.7306,1487785798815,-1,-1,184.2972,1487785798385
8,21,2,0.3,1,1,2,187.1974,1487785801282,188.631,1487785802716,186.764,1487785800851
8,22,2,0.3,1,0,1,189.6642,1487785803749,-1,-1,189.2307,1487785803318
8,1,2,0.3,1,3,7,203.2316,1487785817316,-1,-1,202.8317,1487785816917
8,2,2,0.3,1,3,2,205.4651,1487785819550,-1,-1,205.0651,1487785819153
8,3,2,0.3,1,1,7,207.6992,1487785821784,208.7319,1487785822817,207.2986,1487785821386
8,4,2,0.3,1,1,2,209.932,1487785824016,210.8654,1487785824950,209.532,1487785823619
8,5,2,0.3,1,1,7,212.1655,1487785826250,212.9321,1487785827017,211.7655,1487785825853
8,6,2,0.3,1,0,1,214.3995,1487785828484,-1,-1,213.9989,1487785828086
8,7,2,0.3,1,1,7,216.6323,1487785830717,217.666,1487785831751,216.2324,1487785830322
8,8,2,0.3,1,2,7,218.8658,1487785832950,-1,-1,218.4658,1487785832554
8,9,2,0.3,1,2,1,221.1,1487785835184,-1,-1,220.6996,1487785834787
8,10,2,0.3,1,2,1,223.3328,1487785837417,-1,-1,222.9326,1487785837019
8,11,2,0.3,1,0,3,225.5663,1487785839651,-1,-1,225.1664,1487785839253
8,12,2,0.3,1,0,6,227.7997,1487785841884,-1,-1,227.3997,1487785841487
8,13,2,0.3,1,2,1,230.0332,1487785844118,-1,-1,229.6331,1487785843720
8,14,2,0.3,0,2,3,232.267,1487785846351,233.7001,1487785847785,231.8666,1487785845953
8,15,2,0.3,1,0,7,234.5,1487785848584,-1,-1,234.1011,1487785848188
8,16,2,0.3,0,1,3,236.7335,1487785850818,-1,-1,236.3335,1487785850421
8,17,2,0.3,1,0,0,238.967,1487785853052,-1,-1,238.5669,1487785852656
8,18,2,0.3,1,0,5,241.2006,1487785855285,-1,-1,240.8004,1487785854888
8,19,2,0.3,1,1,0,243.4338,1487785857518,244.8007,1487785858885,243.0344,1487785857121
8,20,2,0.3,1,0,2,245.6674,1487785859752,-1,-1,245.2672,1487785859355
8,21,2,0.3,1,0,6,247.9008,1487785861985,-1,-1,247.5009,1487785861588
8,22,2,0.3,1,2,5,250.1343,1487785864219,-1,-1,249.7343,1487785863822
8,1,2,0.3,1,3,2,259.3348,1487785873419,-1,-1,259.002,1487785873087
8,2,2,0.3,1,3,1,261.3348,1487785875419,-1,-1,261.0018,1487785875089
8,3,2,0.3,1,2,1,263.3351,1487785877420,-1,-1,263.0017,1487785877089
8,4,2,0.3,1,0,5,265.3351,1487785879420,-1,-1,265.0017,1487785879090
8,5,2,0.3,0,1,1,267.3352,1487785881420,-1,-1,267.0018,1487785881089
8,6,2,0.3,1,1,5,269.3354,1487785883420,270.2355,1487785884320,269.0021,1487785883089
8,7,2,0.3,1,1,1,271.3354,1487785885420,272.1688,1487785886254,271.0021,1487785885089
8,8,2,0.3,1,2,1,273.3356,1487785887420,-1,-1,273.0022,1487785887090
8,9,2,0.3,1,2,5,275.3358,1487785889420,-1,-1,275.0024,1487785889090
8,10,2,0.3,1,0,3,277.3363,1487785891421,-1,-1,277.0024,1487785891089
8,11,2,0.3,0,1,5,279.3359,1487785893420,-1,-1,279.0026,1487785893089
8,12,2,0.3,1,1,3,281.3361,1487785895421,282.0696,1487785896154,281.0027,1487785895090
8,13,2,0.3,1,1,5,283.3362,1487785897421,284.0702,1487785898155,283.0028,1487785897090
8,14,2,0.3,1,2,5,285.3363,1487785899421,-1,-1,285.0029,1487785899091
8,15,2,0.3,1,0,0,287.3363,1487785901421,-1,-1,287.0031,1487785901091
8,16,2,0.3,1,0,2,289.3364,1487785903421,-1,-1,289.0032,1487785903091
8,17,2,0.3,1,0,4,291.3372,1487785905422,-1,-1,291.0034,1487785905090
8,18,2,0.3,1,0,6,293.3368,1487785907421,-1,-1,293.0033,1487785907090
8,19,2,0.3,1,0,7,295.3368,1487785909421,-1,-1,295.0035,1487785909092
8,20,2,0.3,1,0,5,297.3369,1487785911421,-1,-1,297.0035,1487785911091
8,21,2,0.3,1,2,6,299.337,1487785913421,-1,-1,299.0038,1487785913091
8,22,2,0.3,1,2,6,301.3379,1487785915422,-1,-1,301.004,1487785915091
8,1,2,0.3,1,3,1,304.6707,1487785918755,-1,-1,304.3383,1487785918423
8,2,2,0.3,1,3,6,306.5042,1487785920589,-1,-1,306.1714,1487785920260
8,3,2,0.3,0,1,1,308.3375,1487785922422,-1,-1,308.0042,1487785922092
8,4,2,0.3,1,1,6,310.1709,1487785924255,310.9712,1487785925056,309.8376,1487785923926
8,5,2,0.3,0,1,1,312.0044,1487785926089,-1,-1,311.671,1487785925758
8,6,2,0.3,1,0,3,313.8381,1487785927923,-1,-1,313.5045,1487785927592
8,7,2,0.3,1,0,7,315.6714,1487785929756,-1,-1,315.3381,1487785929426
8,8,2,0.3,1,2,1,317.5048,1487785931589,-1,-1,317.1714,1487785931258
8,9,2,0.3,1,2,1,319.338,1487785933422,-1,-1,319.0048,1487785933091
8,10,2,0.3,0,2,7,321.1716,1487785935256,322.4053,1487785936490,320.8383,1487785934925
8,11,2,0.3,1,0,2,323.005,1487785937089,-1,-1,322.6724,1487785936759
8,12,2,0.3,0,2,1,324.8385,1487785938923,326.0721,1487785940157,324.5051,1487785938594
8,13,2,0.3,1,0,3,326.6719,1487785940756,-1,-1,326.3386,1487785940425
8,14,2,0.3,1,2,3,328.5054,1487785942590,-1,-1,328.172,1487785942259
8,15,2,0.3,1,2,1,330.3387,1487785944423,-1,-1,330.0055,1487785944093
8,16,2,0.3,1,1,3,332.1722,1487785946257,333.5392,1487785947624,331.8389,1487785945926
8,17,2,0.3,1,0,5,334.0057,1487785948090,-1,-1,333.6722,1487785947761
8,18,2,0.3,1,0,7,335.8391,1487785949923,-1,-1,335.5059,1487785949593
8,19,2,0.3,1,0,4,337.6725,1487785951757,-1,-1,337.3392,1487785951426
8,20,2,0.3,1,1,7,339.5061,1487785953590,340.4397,1487785954525,339.1726,1487785953260
8,21,2,0.3,1,0,2,341.3394,1487785955424,-1,-1,341.0061,1487785955093
8,22,2,0.3,0,1,7,343.1729,1487785957257,-1,-1,342.8398,1487785956929
8,1,2,0.3,1,3,4,348.7399,1487785962825,-1,-1,348.4067,1487785962492
8,2,2,0.3,1,3,1,350.5732,1487785964658,-1,-1,350.2399,1487785964327
8,3,2,0.3,1,2,1,352.4067,1487785966491,-1,-1,352.0734,1487785966160
8,4,2,0.3,1,0,0,354.2405,1487785968325,-1,-1,353.9067,1487785967996
8,5,2,0.3,1,0,6,356.0736,1487785970158,-1,-1,355.7402,1487785969827
8,6,2,0.3,1,0,3,357.907,1487785971991,-1,-1,357.5736,1487785971661
8,7,2,0.3,1,0,7,359.7404,1487785973825,-1,-1,359.4072,1487785973494
8,8,2,0.3,1,2,7,361.5737,1487785975658,-1,-1,361.2405,1487785975327
8,9,2,0.3,1,0,1,363.4076,1487785977492,-1,-1,363.074,1487785977163
8,10,2,0.3,1,0,0,365.2413,1487785979326,-1,-1,364.9073,1487785978994
8,11,2,0.3,1,2,7,367.0742,1487785981159,-1,-1,366.7408,1487785980828
8,12,2,0.3,1,1,0,368.9076,1487785982992,369.941,1487785984026,368.5743,1487785982661
8,13,2,0.3,1,1,7,370.741,1487785984825,371.7744,1487785985859,370.4077,1487785984495
8,14,2,0.3,1,1,0,372.5745,1487785986659,373.4078,1487785987493,372.2411,1487785986330
8,15,2,0.3,1,1,7,374.4081,1487785988493,375.2092,1487785989294,374.0752,1487785988162
8,16,2,0.3,1,0,2,376.2413,1487785990326,-1,-1,375.908,1487785989995
8,17,2,0.3,1,1,7,378.0748,1487785992159,379.2753,1487785993360,377.7415,1487785991828
8,18,2,0.3,1,2,0,379.9082,1487785993993,-1,-1,379.5748,1487785993661
8,19,2,0.3,1,1,7,381.7417,1487785995826,382.6754,1487785996760,381.4086,1487785995496
8,20,2,0.3,1,2,7,383.5751,1487785997660,-1,-1,383.2428,1487785997330
8,21,2,0.3,1,2,0,385.4086,1487785999493,-1,-1,385.0752,1487785999163
8,22,2,0.3,1,0,3,387.2419,1487786001327,-1,-1,386.9087,1487786000997
8,1,2,0.3,1,3,5,390.2422,1487786004327,-1,-1,389.9421,1487786004027
8,2,2,0.3,1,3,7,391.8756,1487786005960,-1,-1,391.5758,1487786005664
8,3,2,0.3,1,1,5,393.509,1487786007593,394.4767,1487786008561,393.209,1487786007297
8,4,2,0.3,1,0,1,395.1425,1487786009227,-1,-1,394.8425,1487786008929
8,5,2,0.3,1,0,2,396.7759,1487786010860,-1,-1,396.4758,1487786010563
8,6,2,0.3,1,0,6,398.4093,1487786012494,-1,-1,398.1094,1487786012196
8,7,2,0.3,0,1,2,400.0427,1487786014127,-1,-1,399.7427,1487786013831
8,8,2,0.3,1,2,1,401.6761,1487786015761,-1,-1,401.3762,1487786015464
8,9,2,0.3,1,2,6,403.3096,1487786017394,-1,-1,403.0095,1487786017097
8,10,2,0.3,1,0,7,404.943,1487786019027,-1,-1,404.6429,1487786018731
8,11,2,0.3,0,2,7,406.5765,1487786020661,407.61,1487786021695,406.2765,1487786020363
8,12,2,0.3,1,2,6,408.2098,1487786022294,-1,-1,407.9098,1487786021998
8,13,2,0.3,1,2,6,409.8433,1487786023928,-1,-1,409.5437,1487786023630
8,14,2,0.3,1,2,7,411.4779,1487786025562,-1,-1,411.1766,1487786025264
8,15,2,0.3,1,0,3,413.1101,1487786027195,-1,-1,412.8101,1487786026897
8,16,2,0.3,1,1,7,414.7435,1487786028828,415.7103,1487786029795,414.4435,1487786028530
8,17,2,0.3,1,0,4,416.3774,1487786030462,-1,-1,416.0769,1487786030165
8,18,2,0.3,1,0,6,418.0104,1487786032095,-1,-1,417.7103,1487786031798
8,19,2,0.3,1,0,1,419.6438,1487786033728,-1,-1,419.3438,1487786033431
8,20,2,0.3,1,1,6,421.2771,1487786035362,422.5776,1487786036662,420.9781,1487786035065
8,21,2,0.3,0,1,1,422.9106,1487786036996,-1,-1,422.6107,1487786036699
8,22,2,0.3,1,1,6,424.5441,1487786038628,425.7776,1487786039862,424.244,1487786038334
8,1,2,0.3,1,3,5,427.3442,1487786041429,-1,-1,427.0444,1487786041130
8,2,2,0.3,1,3,0,428.9778,1487786043062,-1,-1,428.6776,1487786042765
8,3,2,0.3,0,1,5,430.6111,1487786044696,-1,-1,430.311,1487786044398
8,4,2,0.3,1,2,5,432.2445,1487786046329,-1,-1,431.9445,1487786046032
8,5,2,0.3,0,2,0,433.8779,1487786047962,434.5452,1487786048630,433.578,1487786047666
8,6,2,0.3,1,2,0,435.5118,1487786049596,-1,-1,435.2114,1487786049299
8,7,2,0.3,1,0,3,437.1447,1487786051229,-1,-1,436.8447,1487786050931
8,8,2,0.3,1,1,0,438.7782,1487786052863,439.4783,1487786053563,438.4781,1487786052565
8,9,2,0.3,1,0,2,440.4116,1487786054496,-1,-1,440.1117,1487786054199
8,10,2,0.3,1,2,3,442.045,1487786056130,-1,-1,441.7451,1487786055833
8,11,2,0.3,1,0,7,443.6785,1487786057763,-1,-1,443.3784,1487786057465
8,12,2,0.3,1,0,5,445.3119,1487786059397,-1,-1,445.012,1487786059099
8,13,2,0.3,1,1,7,446.9456,1487786061030,447.9795,1487786062065,446.6458,1487786060733
8,14,2,0.3,1,1,5,448.5791,1487786062663,449.1791,1487786063264,448.2787,1487786062366
8,15,2,0.3,1,0,6,450.2122,1487786064297,-1,-1,449.9122,1487786064001
8,16,2,0.3,0,1,5,451.8457,1487786065930,-1,-1,451.5457,1487786065633
8,17,2,0.3,1,2,5,453.479,1487786067563,-1,-1,453.1791,1487786067268
8,18,2,0.3,1,1,5,455.1125,1487786069197,455.8125,1487786069897,454.8125,1487786068900
8,19,2,0.3,1,0,3,456.7458,1487786070830,-1,-1,456.4459,1487786070533
8,20,2,0.3,1,0,6,458.3793,1487786072464,-1,-1,458.0792,1487786072167
8,21,2,0.3,1,2,6,460.0127,1487786074097,-1,-1,459.7128,1487786073800
8,22,2,0.3,1,0,4,461.6462,1487786075731,-1,-1,461.347,1487786075434
8,1,2,0.3,1,3,6,464.3468,1487786078431,-1,-1,464.0465,1487786078133
8,2,2,0.3,1,3,1,465.9797,1487786080064,-1,-1,465.6798,1487786079767
8,3,2,0.3,1,0,0,467.6132,1487786081698,-1,-1,467.3131,1487786081401
8,4,2,0.3,1,0,7,469.2466,1487786083331,-1,-1,468.9471,1487786083034
8,5,2,0.3,1,0,2,470.8806,1487786084965,-1,-1,470.5801,1487786084667
8,6,2,0.3,1,0,4,472.5134,1487786086598,-1,-1,472.2135,1487786086300
8,7,2,0.3,1,2,4,474.147,1487786088231,-1,-1,473.8472,1487786087934
8,8,2,0.3,1,2,2,475.7803,1487786089865,-1,-1,475.4803,1487786089568
8,9,2,0.3,1,1,4,477.4137,1487786091498,478.3137,1487786092398,477.1138,1487786091201
8,10,2,0.3,1,2,4,479.0477,1487786093132,-1,-1,478.7482,1487786092835
8,11,2,0.3,1,2,2,480.6805,1487786094765,-1,-1,480.3806,1487786094468
8,12,2,0.3,1,2,2,482.314,1487786096398,-1,-1,482.014,1487786096101
8,13,2,0.3,1,1,2,483.9474,1487786098032,484.7477,1487786098832,483.6476,1487786097736
8,14,2,0.3,1,0,1,485.5808,1487786099666,-1,-1,485.2809,1487786099368
8,15,2,0.3,1,0,4,487.2142,1487786101299,-1,-1,486.9143,1487786101001
8,16,2,0.3,1,0,6,488.8478,1487786102932,-1,-1,488.5476,1487786102635
8,17,2,0.3,1,1,4,490.4811,1487786104566,491.4479,1487786105533,490.1813,1487786104269
8,18,2,0.3,1,1,6,492.1146,1487786106199,492.9482,1487786107033,491.8146,1487786105903
8,19,2,0.3,1,0,7,493.748,1487786107832,-1,-1,493.4487,1487786107535
8,20,2,0.3,1,1,6,495.382,1487786109466,496.7148,1487786110799,495.0814,1487786109168
8,21,2,0.3,1,2,4,497.0149,1487786111099,-1,-1,496.7148,1487786110802
8,22,2,0.3,1,1,6,498.6483,1487786112733,499.5151,1487786113600,498.3483,1487786112435
8,1,2,0.3,1,3,3,501.2484,1487786115333,-1,-1,500.9818,1487786115067
8,2,2,0.3,1,3,7,502.7152,1487786116800,-1,-1,502.4485,1487786116536
8,3,2,0.3,1,2,7,504.1824,1487786118267,-1,-1,503.9153,1487786118003
8,4,2,0.3,1,0,5,505.6487,1487786119733,-1,-1,505.382,1487786119469
8,5,2,0.3,1,2,5,507.1155,1487786121200,-1,-1,506.8494,1487786120937
8,6,2,0.3,1,1,5,508.5822,1487786122667,509.4155,1487786123500,508.3156,1487786122403
8,7,2,0.3,1,0,6,510.049,1487786124133,-1,-1,509.7822,1487786123869
8,8,2,0.3,1,2,6,511.5156,1487786125600,-1,-1,511.2489,1487786125336
8,9,2,0.3,1,0,7,512.983,1487786127067,-1,-1,512.7164,1487786126803
8,10,2,0.3,1,1,6,514.4491,1487786128534,515.4827,1487786129567,514.1825,1487786128271
8,11,2,0.3,1,2,6,515.9158,1487786130000,-1,-1,515.6493,1487786129736
8,12,2,0.3,1,0,4,517.3827,1487786131467,-1,-1,517.1161,1487786131203
8,13,2,0.3,1,0,1,518.8494,1487786132934,-1,-1,518.5826,1487786132670
8,14,2,0.3,1,0,3,520.3164,1487786134401,-1,-1,520.0498,1487786134137
8,15,2,0.3,1,0,0,521.783,1487786135868,-1,-1,521.5161,1487786135605
8,16,2,0.3,1,1,3,523.2496,1487786137334,524.05,1487786138135,522.983,1487786137070
8,17,2,0.3,1,0,5,524.7164,1487786138801,-1,-1,524.4497,1487786138537
8,18,2,0.3,1,1,3,526.1831,1487786140268,526.9498,1487786141035,525.9164,1487786140004
8,19,2,0.3,1,1,5,527.6499,1487786141735,528.7501,1487786142835,527.3832,1487786141470
8,20,2,0.3,1,2,5,529.1172,1487786143202,-1,-1,528.85,1487786142939
8,21,2,0.3,1,1,5,530.5834,1487786144668,531.2837,1487786145368,530.3174,1487786144404
8,22,2,0.3,1,2,3,532.0502,1487786146135,-1,-1,531.7836,1487786145872
8,1,2,0.3,1,3,5,534.8502,1487786148935,-1,-1,534.6178,1487786148703
8,2,2,0.3,1,3,2,536.1837,1487786150268,-1,-1,535.9503,1487786150037
8,3,2,0.3,1,0,3,537.5172,1487786151602,-1,-1,537.2837,1487786151372
8,4,2,0.3,1,0,4,538.8506,1487786152935,-1,-1,538.6172,1487786152704
8,5,2,0.3,1,1,3,540.184,1487786154268,541.1506,1487786155235,539.9506,1487786154038
8,6,2,0.3,1,0,1,541.5173,1487786155602,-1,-1,541.2845,1487786155371
8,7,2,0.3,1,1,3,542.8511,1487786156936,543.7511,1487786157836,542.6174,1487786156704
8,8,2,0.3,1,1,1,544.1848,1487786158269,544.9177,1487786159002,543.9509,1487786158040
8,9,2,0.3,1,2,1,545.5176,1487786159602,-1,-1,545.2842,1487786159371
8,10,2,0.3,1,0,2,546.851,1487786160935,-1,-1,546.6179,1487786160705
8,11,2,0.3,1,1,1,548.1844,1487786162269,548.8848,1487786162969,547.9517,1487786162039
8,12,2,0.3,1,2,1,549.5178,1487786163602,-1,-1,549.2844,1487786163371
8,13,2,0.3,1,2,2,550.8518,1487786164936,-1,-1,550.6178,1487786164706
8,14,2,0.3,1,0,3,552.1846,1487786166269,-1,-1,551.9513,1487786166038
8,15,2,0.3,1,0,5,553.5182,1487786167603,-1,-1,553.2849,1487786167372
8,16,2,0.3,1,0,0,554.8514,1487786168936,-1,-1,554.6185,1487786168705
8,17,2,0.3,1,2,0,556.1848,1487786170269,-1,-1,555.952,1487786170040
8,18,2,0.3,1,2,5,557.5194,1487786171604,-1,-1,557.2849,1487786171374
8,19,2,0.3,1,1,0,558.8517,1487786172936,559.5522,1487786173637,558.6183,1487786172707
8,20,2,0.3,0,1,5,560.1851,1487786174269,-1,-1,559.9518,1487786174039
8,21,2,0.3,1,2,5,561.5184,1487786175603,-1,-1,561.2858,1487786175373
8,22,2,0.3,1,0,3,562.8519,1487786176936,-1,-1,562.6185,1487786176706
8,1,2,0.3,1,3,4,565.6853,1487786179770,-1,-1,565.4521,1487786179538
8,2,2,0.3,1,3,5,566.9188,1487786181003,-1,-1,566.6855,1487786180773
8,3,2,0.3,1,2,5,568.1526,1487786182237,-1,-1,567.9189,1487786182006
8,4,2,0.3,1,0,7,569.3856,1487786183470,-1,-1,569.1522,1487786183239
8,5,2,0.3,1,1,5,570.619,1487786184703,571.4524,1487786185537,570.3859,1487786184473
8,6,2,0.3,1,0,4,571.8523,1487786185937,-1,-1,571.619,1487786185707
8,7,2,0.3,1,0,2,573.0862,1487786187171,-1,-1,572.8527,1487786186941
8,8,2,0.3,0,2,2,574.3193,1487786188404,575.1862,1487786189271,574.0859,1487786188174
8,9,2,0.3,1,0,0,575.5526,1487786189637,-1,-1,575.3192,1487786189407
8,10,2,0.3,1,2,0,576.7859,1487786190870,-1,-1,576.5526,1487786190640
8,11,2,0.3,1,0,6,578.0194,1487786192104,-1,-1,577.786,1487786191875
8,12,2,0.3,1,0,7,579.2528,1487786193337,-1,-1,579.0194,1487786193107
8,13,2,0.3,0,2,0,580.4862,1487786194571,581.1865,1487786195271,580.2528,1487786194340
8,14,2,0.3,1,0,4,581.7196,1487786195804,-1,-1,581.4868,1487786195574
8,15,2,0.3,1,2,6,582.953,1487786197037,-1,-1,582.7197,1487786196807
8,16,2,0.3,0,1,4,584.1864,1487786198271,-1,-1,583.9531,1487786198043
8,17,2,0.3,1,1,6,585.4199,1487786199504,586.3198,1487786200404,585.1865,1487786199274
8,18,2,0.3,1,2,6,586.6532,1487786200738,-1,-1,586.4198,1487786200507
8,19,2,0.3,1,1,6,587.8866,1487786201971,588.5541,1487786202639,587.6533,1487786201741
8,20,2,0.3,1,1,6,589.12,1487786203204,589.8539,1487786203939,588.8867,1487786202974
8,21,2,0.3,1,1,6,590.3534,1487786204438,590.9535,1487786205038,590.1201,1487786204209
8,22,2,0.3,1,0,4,591.5869,1487786205671,-1,-1,591.3535,1487786205441
8,1,2,0.3,1,3,6,593.8203,1487786207905,-1,-1,593.5872,1487786207673
8,2,2,0.3,1,3,4,595.0537,1487786209139,-1,-1,594.8206,1487786208908
8,3,2,0.3,0,1,6,596.2871,1487786210372,-1,-1,596.0537,1487786210142
8,4,2,0.3,1,1,4,597.5205,1487786211605,598.2208,1487786212306,597.2872,1487786211376
8,5,2,0.3,1,0,3,598.7548,1487786212839,-1,-1,598.5205,1487786212608
8,6,2,0.3,1,0,2,599.9872,1487786214072,-1,-1,599.7539,1487786213841
8,7,2,0.3,1,2,4,601.2207,1487786215305,-1,-1,600.9873,1487786215074
8,8,2,0.3,1,0,7,602.4541,1487786216539,-1,-1,602.2207,1487786216310
8,9,2,0.3,1,1,4,603.688,1487786217772,604.4214,1487786218506,603.4543,1487786217543
8,10,2,0.3,1,0,1,604.9211,1487786219006,-1,-1,604.6879,1487786218775
8,11,2,0.3,1,2,1,606.1548,1487786220239,-1,-1,605.9227,1487786220009
8,12,2,0.3,1,1,1,607.3879,1487786221472,608.3212,1487786222406,607.1545,1487786221242
8,13,2,0.3,1,1,1,608.6213,1487786222706,609.3213,1487786223406,608.3878,1487786222476
8,14,2,0.3,1,2,0,609.8546,1487786223939,-1,-1,609.6213,1487786223708
8,15,2,0.3,1,0,7,611.0879,1487786225172,-1,-1,610.8546,1487786224941
8,16,2,0.3,1,2,1,612.3213,1487786226406,-1,-1,612.0879,1487786226175
8,17,2,0.3,1,0,2,613.5547,1487786227639,-1,-1,613.3214,1487786227408
8,18,2,0.3,1,2,7,614.7881,1487786228873,-1,-1,614.5548,1487786228643
8,19,2,0.3,0,2,1,616.0221,1487786230106,616.8557,1487786230940,615.7881,1487786229875
8,20,2,0.3,1,0,5,617.2549,1487786231339,-1,-1,617.0216,1487786231108
8,21,2,0.3,1,1,1,618.4884,1487786232573,619.4886,1487786233573,618.255,1487786232342
8,22,2,0.3,1,0,0,619.7222,1487786233807,-1,-1,619.4886,1487786233576
8,1,2,0.3,1,3,1,622.2222,1487786236307,-1,-1,621.9888,1487786236074
8,2,2,0.3,1,3,6,623.3552,1487786237440,-1,-1,623.1219,1487786237209
8,3,2,0.3,1,1,1,624.4886,1487786238573,625.3563,1487786239442,624.2555,1487786238342
8,4,2,0.3,1,2,1,625.6221,1487786239706,-1,-1,625.3889,1487786239476
8,5,2,0.3,1,0,2,626.7555,1487786240840,-1,-1,626.5221,1487786240609
8,6,2,0.3,1,2,2,627.8888,1487786241974,-1,-1,627.6559,1487786241744
8,7,2,0.3,1,0,5,629.0222,1487786243107,-1,-1,628.7889,1487786242876
8,8,2,0.3,1,2,5,630.1556,1487786244240,-1,-1,629.9229,1487786244010
8,9,2,0.3,1,1,5,631.2891,1487786245373,631.9558,1487786246041,631.0558,1487786245143
8,10,2,0.3,1,0,1,632.4224,1487786246507,-1,-1,632.1891,1487786246276
8,11,2,0.3,1,0,4,633.5559,1487786247640,-1,-1,633.3224,1487786247411
8,12,2,0.3,1,0,6,634.6893,1487786248774,-1,-1,634.4561,1487786248543
8,13,2,0.3,1,1,4,635.8226,1487786249907,636.556,1487786250641,635.5894,1487786249676
8,14,2,0.3,1,1,6,636.9561,1487786251040,637.8564,1487786251942,636.7231,1487786250810
8,15,2,0.3,1,2,6,638.0895,1487786252174,-1,-1,637.8564,1487786251945
8,16,2,0.3,1,2,4,639.2233,1487786253308,-1,-1,638.9894,1487786253077
8,17,2,0.3,1,2,4,640.3566,1487786254441,-1,-1,640.1229,1487786254211
8,18,2,0.3,1,0,2,641.4897,1487786255574,-1,-1,641.2568,1487786255344
8,19,2,0.3,1,1,4,642.623,1487786256707,643.3898,1487786257474,642.3896,1487786256477
8,20,2,0.3,1,0,1,643.7566,1487786257841,-1,-1,643.5231,1487786257610
8,21,2,0.3,1,0,6,644.8899,1487786258974,-1,-1,644.6565,1487786258745
8,22,2,0.3,1,1,1,646.0238,1487786260108,646.5234,1487786260608,645.7902,1487786259877
8,1,2,0.3,1,3,6,648.0072,1487786262092,-1,-1,647.8405,1487786261926
8,2,2,0.3,1,3,0,648.9734,1487786263058,-1,-1,648.8068,1487786262894
8,3,2,0.3,0,1,6,649.9401,1487786264024,-1,-1,649.7734,1487786263861
8,4,2,0.3,1,0,2,650.9069,1487786264992,-1,-1,650.7401,1487786264827
8,5,2,0.3,1,1,6,651.874,1487786265958,652.4739,1487786266559,651.7069,1487786265794
8,6,2,0.3,1,0,3,652.8403,1487786266925,-1,-1,652.6736,1487786266761
8,7,2,0.3,1,1,6,653.807,1487786267891,654.3071,1487786268392,653.6404,1487786267727
8,8,2,0.3,1,0,1,654.7737,1487786268858,-1,-1,654.6071,1487786268695
8,9,2,0.3,1,2,3,655.7407,1487786269826,-1,-1,655.5737,1487786269661
8,10,2,0.3,1,1,1,656.7073,1487786270792,657.2739,1487786271358,656.541,1487786270628
8,11,2,0.3,1,2,6,657.6738,1487786271758,-1,-1,657.5072,1487786271594
8,12,2,0.3,1,1,1,658.6406,1487786272725,659.4083,1487786273493,658.4739,1487786272562
8,13,2,0.3,1,2,3,659.6073,1487786273692,-1,-1,659.4408,1487786273530
8,14,2,0.3,1,0,5,660.5741,1487786274658,-1,-1,660.4072,1487786274494
8,15,2,0.3,1,1,3,661.5408,1487786275625,662.0742,1487786276159,661.374,1487786275461
8,16,2,0.3,1,0,6,662.5074,1487786276592,-1,-1,662.3409,1487786276428
8,17,2,0.3,1,2,5,663.4742,1487786277559,-1,-1,663.3075,1487786277395
8,18,2,0.3,1,2,5,664.4409,1487786278525,-1,-1,664.2744,1487786278362
8,19,2,0.3,1,0,4,665.4077,1487786279492,-1,-1,665.2411,1487786279328
8,20,2,0.3,1,0,7,666.3744,1487786280459,-1,-1,666.2076,1487786280295
8,21,2,0.3,0,0,6,667.3411,1487786281425,667.9083,1487786281993,667.1747,1487786281262
8,22,2,0.3,1,2,6,668.3079,1487786282392,-1,-1,668.1411,1487786282228
8,1,2,0.3,1,3,3,670.1746,1487786284259,-1,-1,670.0079,1487786284093
8,2,2,0.3,1,3,1,671.0746,1487786285159,-1,-1,670.9078,1487786284995
8,3,2,0.3,1,0,4,671.9747,1487786286059,-1,-1,671.808,1487786285895
8,4,2,0.3,1,2,4,672.8748,1487786286959,-1,-1,672.7083,1487786286795
8,5,2,0.3,1,1,4,673.7748,1487786287859,674.3414,1487786288426,673.608,1487786287695
8,6,2,0.3,1,2,1,674.6748,1487786288760,-1,-1,674.5082,1487786288597
8,7,2,0.3,0,1,4,675.575,1487786289659,-1,-1,675.4081,1487786289495
8,8,2,0.3,1,0,3,676.4749,1487786290559,-1,-1,676.3085,1487786290395
8,9,2,0.3,1,0,7,677.375,1487786291459,-1,-1,677.2084,1487786291295
8,10,2,0.3,1,2,7,678.2753,1487786292360,-1,-1,678.1084,1487786292195
8,11,2,0.3,1,0,5,679.175,1487786293260,-1,-1,679.0085,1487786293096
8,12,2,0.3,1,1,7,680.0752,1487786294160,680.7422,1487786294827,679.9086,1487786293995
8,13,2,0.3,1,2,7,680.9751,1487786295060,-1,-1,680.8085,1487786294896
8,14,2,0.3,0,0,2,681.8752,1487786295960,681.9086,1487786295993,681.7085,1487786295796
8,15,2,0.3,1,0,6,682.7754,1487786296860,-1,-1,682.6086,1487786296696
8,16,2,0.3,0,2,7,683.6754,1487786297760,684.342,1487786298427,683.5087,1487786297597
8,17,2,0.3,1,0,1,684.5754,1487786298660,-1,-1,684.4091,1487786298496
8,18,2,0.3,0,1,7,685.4755,1487786299560,-1,-1,685.3087,1487786299396
8,19,2,0.3,0,1,1,686.3755,1487786300460,-1,-1,686.2092,1487786300299
8,20,2,0.3,1,0,2,687.2756,1487786301360,-1,-1,687.1094,1487786301197
8,21,2,0.3,1,1,1,688.1761,1487786302261,688.8427,1487786302928,688.0089,1487786302097
8,22,2,0.3,0,2,7,689.0758,1487786303160,689.709,1487786303794,688.9091,1487786302997
8,1,2,0.3,1,3,0,690.7091,1487786304793,-1,-1,690.5424,1487786304628
8,2,2,0.3,1,3,4,691.6758,1487786305760,-1,-1,691.5092,1487786305597
8,3,2,0.3,1,1,0,692.6425,1487786306727,693.2095,1487786307294,692.476,1487786306564
8,4,2,0.3,1,0,5,693.6093,1487786307694,-1,-1,693.4426,1487786307530
8,5,2,0.3,1,1,0,694.5758,1487786308660,695.1428,1487786309227,694.4092,1487786308496
8,6,2,0.3,1,2,4,695.5427,1487786309627,-1,-1,695.3767,1487786309464
8,7,2,0.3,1,2,4,696.5095,1487786310594,-1,-1,696.3428,1487786310430
8,8,2,0.3,1,0,6,697.4762,1487786311561,-1,-1,697.3094,1487786311398
8,9,2,0.3,1,1,4,698.4429,1487786312527,699.1761,1487786313261,698.2762,1487786312363
8,10,2,0.3,1,0,0,699.4095,1487786313494,-1,-1,699.2428,1487786313330
8,11,2,0.3,1,2,0,700.3766,1487786314461,-1,-1,700.2096,1487786314297
8,12,2,0.3,1,0,2,701.343,1487786315427,-1,-1,701.1764,1487786315263
8,13,2,0.3,1,1,0,702.3097,1487786316394,702.8431,1487786316928,702.1431,1487786316232
8,14,2,0.3,1,0,5,703.2765,1487786317361,-1,-1,703.1097,1487786317197
8,15,2,0.3,1,1,0,704.2432,1487786318328,704.8435,1487786318928,704.0765,1487786318163
8,16,2,0.3,1,0,4,705.2107,1487786319296,-1,-1,705.0432,1487786319130
8,17,2,0.3,1,2,5,706.1766,1487786320261,-1,-1,706.01,1487786320097
8,18,2,0.3,0,2,0,707.1433,1487786321228,707.6433,1487786321728,706.9768,1487786321065
8,19,2,0.3,1,1,5,708.1101,1487786322194,708.6771,1487786322762,707.9434,1487786322030
8,20,2,0.3,1,0,6,709.0768,1487786323161,-1,-1,708.9103,1487786322998
8,21,2,0.3,1,0,7,710.0435,1487786324128,-1,-1,709.8772,1487786323964
8,22,2,0.3,0,2,0,711.0101,1487786325095,711.5771,1487786325662,710.8439,1487786324931
8,1,2,0.3,1,3,3,713.4104,1487786327495,-1,-1,713.2441,1487786327329
8,2,2,0.3,1,3,2,714.3104,1487786328395,-1,-1,714.1437,1487786328231
8,3,2,0.3,1,2,2,715.2104,1487786329295,-1,-1,715.0438,1487786329130
8,4,2,0.3,0,1,2,716.1105,1487786330195,-1,-1,715.9438,1487786330031
8,5,2,0.3,1,1,2,717.0109,1487786331095,717.7106,1487786331795,716.8439,1487786330931
8,6,2,0.3,1,2,6,717.9111,1487786331996,-1,-1,717.7439,1487786331832
8,7,2,0.3,1,0,0,718.8107,1487786332895,-1,-1,718.6439,1487786332731
8,8,2,0.3,0,2,0,719.7107,1487786333795,720.3441,1487786334429,719.5441,1487786333632
8,9,2,0.3,1,0,4,720.6107,1487786334695,-1,-1,720.4441,1487786334531
8,10,2,0.3,1,1,0,721.5107,1487786335595,722.1775,1487786336262,721.3441,1487786335431
8,11,2,0.3,1,2,0,722.4108,1487786336495,-1,-1,722.2441,1487786336333
8,12,2,0.3,1,0,6,723.3109,1487786337395,-1,-1,723.1443,1487786337232
8,13,2,0.3,1,0,3,724.2111,1487786338295,-1,-1,724.0444,1487786338131
8,14,2,0.3,0,1,6,725.111,1487786339195,-1,-1,724.9443,1487786339032
8,15,2,0.3,0,0,7,726.0111,1487786340096,726.078,1487786340163,725.8444,1487786339932
8,16,2,0.3,1,2,3,726.9126,1487786340997,-1,-1,726.7444,1487786340833
8,17,2,0.3,1,2,3,727.8112,1487786341896,-1,-1,727.6444,1487786341732
8,18,2,0.3,1,0,1,728.7113,1487786342796,-1,-1,728.5448,1487786342632
8,19,2,0.3,0,1,3,729.6113,1487786343696,-1,-1,729.4446,1487786343531
8,20,2,0.3,1,0,7,730.5114,1487786344596,-1,-1,730.3446,1487786344432
8,21,2,0.3,0,1,3,731.4114,1487786345496,-1,-1,731.2448,1487786345333
8,22,2,0.3,1,0,0,732.3114,1487786346396,-1,-1,732.1456,1487786346233
8,1,2,0.3,1,3,4,736.4789,1487786350563,-1,-1,736.3119,1487786350397
8,2,2,0.3,1,3,7,737.4451,1487786351530,-1,-1,737.2783,1487786351365
8,3,2,0.3,1,1,4,738.4122,1487786352497,738.9789,1487786353063,738.2451,1487786352333
8,4,2,0.3,1,2,4,739.3785,1487786353463,-1,-1,739.2118,1487786353299
8,5,2,0.3,0,2,7,740.3459,1487786354430,740.8788,1487786354963,740.1792,1487786354266
8,6,2,0.3,1,1,4,741.3119,1487786355397,741.9454,1487786356030,741.1453,1487786355232
8,7,2,0.3,0,1,7,742.2786,1487786356363,-1,-1,742.1121,1487786356199
8,8,2,0.3,1,1,4,743.2455,1487786357331,743.9456,1487786358030,743.0787,1487786357168
8,9,2,0.3,1,0,1,744.212,1487786358296,-1,-1,744.0454,1487786358132
8,10,2,0.3,1,2,1,745.1788,1487786359263,-1,-1,745.0121,1487786359099
8,11,2,0.3,1,1,1,746.1455,1487786360230,746.8462,1487786360931,745.9788,1487786360066
8,12,2,0.3,1,0,5,747.1123,1487786361197,-1,-1,746.9456,1487786361033
8,13,2,0.3,1,0,2,748.0789,1487786362164,-1,-1,747.9124,1487786362001
8,14,2,0.3,0,2,1,749.0457,1487786363130,749.5791,1487786363664,748.8789,1487786362966
8,15,2,0.3,0,2,1,750.0125,1487786364097,750.6792,1487786364764,749.8457,1487786363933
8,16,2,0.3,1,0,4,750.9792,1487786365064,-1,-1,750.8125,1487786364900
8,17,2,0.3,1,0,7,751.946,1487786366030,-1,-1,751.7793,1487786365866
8,18,2,0.3,1,1,4,752.9126,1487786366997,753.5129,1487786367598,752.7461,1487786366834
8,19,2,0.3,1,0,3,753.8794,1487786367964,-1,-1,753.7126,1487786367802
8,20,2,0.3,1,0,5,754.8462,1487786368930,-1,-1,754.6794,1487786368766
8,21,2,0.3,1,2,5,755.8127,1487786369897,-1,-1,755.646,1487786369733
8,22,2,0.3,1,0,6,756.7795,1487786370864,-1,-1,756.6128,1487786370700
8,1,2,0.3,1,3,4,758.8462,1487786372931,-1,-1,758.6797,1487786372765
8,2,2,0.3,1,3,0,759.813,1487786373897,-1,-1,759.6462,1487786373733
8,3,2,0.3,1,0,2,760.7798,1487786374864,-1,-1,760.6133,1487786374700
8,4,2,0.3,1,0,1,761.7466,1487786375831,-1,-1,761.5798,1487786375667
8,5,2,0.3,0,1,2,762.7131,1487786376798,-1,-1,762.5464,1487786376633
8,6,2,0.3,1,0,7,763.6799,1487786377764,-1,-1,763.5132,1487786377602
8,7,2,0.3,1,0,5,764.6467,1487786378731,-1,-1,764.48,1487786378567
8,8,2,0.3,0,2,2,765.6133,1487786379698,766.1802,1487786380265,765.4468,1487786379534
8,9,2,0.3,0,0,3,766.5806,1487786380665,767.1143,1487786381199,766.4133,1487786380500
8,10,2,0.3,0,1,2,767.5466,1487786381631,-1,-1,767.3801,1487786381467
8,11,2,0.3,1,2,2,768.5134,1487786382598,-1,-1,768.3472,1487786382436
8,12,2,0.3,1,1,2,769.4802,1487786383565,770.0803,1487786384165,769.3135,1487786383401
8,13,2,0.3,1,2,3,770.447,1487786384531,-1,-1,770.2803,1487786384367
8,14,2,0.3,1,0,4,771.4136,1487786385498,-1,-1,771.2476,1487786385335
8,15,2,0.3,0,2,2,772.3804,1487786386465,772.9138,1487786386999,772.2136,1487786386301
8,16,2,0.3,1,1,4,773.3472,1487786387432,774.1138,1487786388198,773.1804,1487786387269
8,17,2,0.3,1,2,4,774.314,1487786388398,-1,-1,774.1472,1487786388235
8,18,2,0.3,1,0,7,775.2805,1487786389365,-1,-1,775.1138,1487786389201
8,19,2,0.3,1,2,7,776.2473,1487786390332,-1,-1,776.0806,1487786390168
8,20,2,0.3,1,1,7,777.2139,1487786391298,777.9143,1487786391999,777.0474,1487786391134
8,21,2,0.3,1,0,5,778.1807,1487786392265,-1,-1,778.0139,1487786392102
8,22,2,0.3,1,1,7,779.1475,1487786393232,779.8474,1487786393932,778.9807,1487786393067
8,1,2,0.3,1,3,2,781.5808,1487786395665,-1,-1,781.3481,1487786395435
8,2,2,0.3,1,3,4,782.7144,1487786396799,-1,-1,782.4812,1487786396569
8,3,2,0.3,1,1,2,783.8477,1487786397932,784.5156,1487786398600,783.6143,1487786397703
8,4,2,0.3,1,2,2,784.9812,1487786399066,-1,-1,784.7476,1487786398835
8,5,2,0.3,0,2,4,786.1145,1487786400199,786.8149,1487786400899,785.8811,1487786399968
8,6,2,0.3,1,1,2,787.2478,1487786401332,787.8145,1487786401899,787.0149,1487786401102
8,7,2,0.3,1,0,1,788.3816,1487786402466,-1,-1,788.1479,1487786402235
8,8,2,0.3,1,2,4,789.5146,1487786403599,-1,-1,789.2813,1487786403369
8,9,2,0.3,1,0,7,790.6479,1487786404732,-1,-1,790.4148,1487786404502
8,10,2,0.3,1,0,0,791.7815,1487786405866,-1,-1,791.5481,1487786405635
8,11,2,0.3,1,2,0,792.9148,1487786406999,-1,-1,792.6814,1487786406768
8,12,2,0.3,1,0,1,794.0483,1487786408133,-1,-1,793.8149,1487786407902
8,13,2,0.3,1,0,2,795.1816,1487786409266,-1,-1,794.9482,1487786409036
8,14,2,0.3,1,0,6,796.3152,1487786410400,-1,-1,796.0818,1487786410169
8,15,2,0.3,0,1,2,797.4485,1487786411533,-1,-1,797.2151,1487786411302
8,16,2,0.3,1,0,7,798.5818,1487786412666,-1,-1,798.3484,1487786412436
8,17,2,0.3,1,2,7,799.7151,1487786413800,-1,-1,799.4819,1487786413569
8,18,2,0.3,1,1,7,800.8486,1487786414933,801.449,1487786415534,800.6152,1487786414703
8,19,2,0.3,1,1,7,801.9822,1487786416067,802.6821,1487786416767,801.7488,1487786415836
8,20,2,0.3,1,1,7,803.1155,1487786417200,803.5823,1487786417667,802.8821,1487786416970
8,21,2,0.3,1,0,2,804.2488,1487786418333,-1,-1,804.0154,1487786418102
8,22,2,0.3,1,2,2,805.3823,1487786419467,-1,-1,805.1487,1487786419236
8,1,2,0.3,1,3,1,807.449,1487786421533,-1,-1,807.2827,1487786421368
8,2,2,0.3,1,3,4,808.416,1487786422501,-1,-1,808.249,1487786422336
8,3,2,0.3,1,2,4,809.3831,1487786423467,-1,-1,809.2158,1487786423303
8,4,2,0.3,1,0,5,810.3501,1487786424435,-1,-1,810.1824,1487786424269
8,5,2,0.3,1,1,4,811.3159,1487786425400,812.0833,1487786426168,811.1492,1487786425236
8,6,2,0.3,1,0,2,812.2832,1487786426368,-1,-1,812.1162,1487786426204
8,7,2,0.3,1,0,0,813.2493,1487786427334,-1,-1,813.0828,1487786427171
8,8,2,0.3,0,2,4,814.2161,1487786428301,814.9163,1487786429001,814.0493,1487786428136
8,9,2,0.3,1,1,0,815.1829,1487786429267,815.8494,1487786429934,815.0164,1487786429104
8,10,2,0.3,1,0,7,816.1494,1487786430234,-1,-1,815.9827,1487786430070
8,11,2,0.3,1,2,4,817.1165,1487786431201,-1,-1,816.9497,1487786431038
8,12,2,0.3,1,0,2,818.083,1487786432167,-1,-1,817.9163,1487786432003
8,13,2,0.3,1,2,2,819.0496,1487786433134,-1,-1,818.8831,1487786432970
8,14,2,0.3,1,0,0,820.0171,1487786434101,-1,-1,819.8496,1487786433937
8,15,2,0.3,1,1,2,820.9832,1487786435067,821.5166,1487786435601,820.8169,1487786434904
8,16,2,0.3,1,1,0,821.9497,1487786436034,822.6165,1487786436701,821.7837,1487786435872
8,17,2,0.3,1,0,7,822.9165,1487786437001,-1,-1,822.7498,1487786436837
8,18,2,0.3,1,0,5,823.8833,1487786437968,-1,-1,823.7166,1487786437804
8,19,2,0.3,0,1,7,824.8499,1487786438934,-1,-1,824.6833,1487786438770
8,20,2,0.3,0,2,7,825.8169,1487786439901,826.5503,1487786440635,825.6499,1487786439738
8,21,2,0.3,1,2,5,826.7834,1487786440868,-1,-1,826.6167,1487786440705
8,22,2,0.3,1,1,7,827.75,1487786441834,828.3171,1487786442402,827.5833,1487786441670
8,1,2,0.3,1,3,3,829.7502,1487786443835,-1,-1,829.5835,1487786443669
8,2,2,0.3,1,3,2,830.717,1487786444801,-1,-1,830.5503,1487786444639
8,3,2,0.3,1,1,3,831.6836,1487786445768,832.2502,1487786446335,831.5171,1487786445605
8,4,2,0.3,1,0,1,832.6504,1487786446735,-1,-1,832.4849,1487786446572
8,5,2,0.3,0,1,3,833.6172,1487786447702,-1,-1,833.4507,1487786447539
8,6,2,0.3,1,0,0,834.584,1487786448668,-1,-1,834.4177,1487786448505
8,7,2,0.3,1,2,0,835.5505,1487786449635,-1,-1,835.3838,1487786449471
8,8,2,0.3,1,0,2,836.5173,1487786450602,-1,-1,836.3516,1487786450441
8,9,2,0.3,1,0,5,837.4839,1487786451568,-1,-1,837.3174,1487786451405
8,10,2,0.3,1,0,4,838.4507,1487786452535,-1,-1,838.2844,1487786452371
8,11,2,0.3,0,1,5,839.4175,1487786453502,-1,-1,839.2507,1487786453338
8,12,2,0.3,1,2,5,840.3843,1487786454469,-1,-1,840.2175,1487786454305
8,13,2,0.3,0,1,5,841.3508,1487786455435,-1,-1,841.1843,1487786455273
8,14,2,0.3,1,0,7,842.3176,1487786456402,-1,-1,842.1509,1487786456239
8,15,2,0.3,1,2,7,843.2844,1487786457369,-1,-1,843.1177,1487786457205
8,16,2,0.3,1,0,0,844.2515,1487786458336,-1,-1,844.0845,1487786458172
8,17,2,0.3,0,1,7,845.2178,1487786459302,-1,-1,845.051,1487786459138
8,18,2,0.3,0,2,7,846.1846,1487786460269,846.3179,1487786460402,846.0178,1487786460105
8,19,2,0.3,0,2,0,847.1511,1487786461236,847.8516,1487786461936,846.9846,1487786461071
8,20,2,0.3,1,0,6,848.1179,1487786462202,-1,-1,847.9512,1487786462039
8,21,2,0.3,1,1,0,849.0847,1487786463169,849.8855,1487786463970,848.9182,1487786463005
8,22,2,0.3,1,2,0,850.0513,1487786464136,-1,-1,849.8855,1487786463973
8,1,2,0.3,1,3,5,851.9514,1487786466036,-1,-1,851.7185,1487786465804
8,2,2,0.3,1,3,0,853.085,1487786467169,-1,-1,852.8516,1487786466939
8,3,2,0.3,1,1,5,854.2183,1487786468303,854.8186,1487786468903,853.9851,1487786468072
8,4,2,0.3,1,0,1,855.3516,1487786469436,-1,-1,855.1184,1487786469206
8,5,2,0.3,1,0,7,856.4851,1487786470569,-1,-1,856.2517,1487786470339
8,6,2,0.3,1,2,7,857.6184,1487786471703,-1,-1,857.3853,1487786471473
8,7,2,0.3,1,2,1,858.752,1487786472836,-1,-1,858.5186,1487786472606
8,8,2,0.3,1,0,2,859.8857,1487786473970,-1,-1,859.6519,1487786473739
8,9,2,0.3,0,1,1,861.0186,1487786475103,-1,-1,860.7854,1487786474872
8,10,2,0.3,1,2,1,862.1521,1487786476236,-1,-1,861.9187,1487786476006
8,11,2,0.3,1,0,4,863.2866,1487786477371,-1,-1,863.052,1487786477140
8,12,2,0.3,1,0,0,864.4189,1487786478503,-1,-1,864.1855,1487786478273
8,13,2,0.3,1,1,4,865.5522,1487786479637,866.4192,1487786480504,865.3188,1487786479406
8,14,2,0.3,1,2,4,866.6855,1487786480770,-1,-1,866.4524,1487786480540
8,15,2,0.3,1,2,0,867.8193,1487786481904,-1,-1,867.5857,1487786481673
8,16,2,0.3,1,0,5,868.9524,1487786483037,-1,-1,868.7195,1487786482808
8,17,2,0.3,1,1,0,870.0859,1487786484170,870.7524,1487786484837,869.853,1487786483940
8,18,2,0.3,1,2,0,871.2192,1487786485304,-1,-1,870.9871,1487786485074
8,19,2,0.3,0,1,0,872.3525,1487786486437,-1,-1,872.1194,1487786486206
8,20,2,0.3,1,0,3,873.4861,1487786487570,-1,-1,873.2529,1487786487340
8,21,2,0.3,0,1,0,874.6194,1487786488704,-1,-1,874.3862,1487786488475
8,22,2,0.3,1,0,7,875.7529,1487786489838,-1,-1,875.5198,1487786489607
8,1,2,0.3,1,3,6,878.2197,1487786492304,-1,-1,877.9868,1487786492072
8,2,2,0.3,1,3,5,879.353,1487786493437,-1,-1,879.1196,1487786493207
8,3,2,0.3,1,0,4,880.4863,1487786494571,-1,-1,880.2532,1487786494341
8,4,2,0.3,1,2,4,881.6199,1487786495704,-1,-1,881.3865,1487786495474
8,5,2,0.3,1,2,5,882.7532,1487786496838,-1,-1,882.5198,1487786496607
8,6,2,0.3,1,2,5,883.8875,1487786497972,-1,-1,883.6533,1487786497741
8,7,2,0.3,1,1,5,885.02,1487786499104,885.8201,1487786499905,884.7866,1487786498874
8,8,2,0.3,1,0,0,886.1533,1487786500238,-1,-1,885.9202,1487786500008
8,9,2,0.3,1,1,5,887.2876,1487786501372,887.9202,1487786502005,887.0535,1487786501140
8,10,2,0.3,1,2,5,888.4204,1487786502505,-1,-1,888.1873,1487786502274
8,11,2,0.3,1,1,5,889.5537,1487786503638,890.188,1487786504273,889.3203,1487786503408
8,12,2,0.3,1,1,5,890.687,1487786504771,891.1873,1487786505272,890.4536,1487786504541
8,13,2,0.3,1,0,6,891.8203,1487786505905,-1,-1,891.5872,1487786505675
8,14,2,0.3,1,2,6,892.9539,1487786507038,-1,-1,892.7205,1487786506807
8,15,2,0.3,1,0,4,894.0872,1487786508172,-1,-1,893.8538,1487786507941
8,16,2,0.3,1,0,0,895.2207,1487786509305,-1,-1,894.9871,1487786509074
8,17,2,0.3,1,0,1,896.354,1487786510438,-1,-1,896.1206,1487786510208
8,18,2,0.3,1,1,0,897.4875,1487786511572,898.1541,1487786512239,897.2542,1487786511342
8,19,2,0.3,1,0,3,898.6211,1487786512705,-1,-1,898.3875,1487786512474
8,20,2,0.3,1,0,7,899.7542,1487786513839,-1,-1,899.5208,1487786513608
8,21,2,0.3,1,2,7,900.8877,1487786514972,-1,-1,900.6545,1487786514741
8,22,2,0.3,1,1,7,902.0208,1487786516105,902.821,1487786516906,901.7876,1487786515875
8,1,2,0.3,1,3,4,903.9878,1487786518072,-1,-1,903.821,1487786517906
8,2,2,0.3,1,3,2,904.9546,1487786519039,-1,-1,904.7881,1487786518875
8,3,2,0.3,1,2,2,905.9211,1487786520006,-1,-1,905.7544,1487786519842
8,4,2,0.3,1,0,1,906.8879,1487786520972,-1,-1,906.7212,1487786520808
8,5,2,0.3,1,2,1,907.8547,1487786521939,-1,-1,907.6882,1487786521775
8,6,2,0.3,1,0,7,908.8213,1487786522906,-1,-1,908.6548,1487786522744
8,7,2,0.3,1,1,1,909.7881,1487786523872,910.3884,1487786524473,909.6213,1487786523708
8,8,2,0.3,1,0,3,910.7549,1487786524839,-1,-1,910.5881,1487786524675
8,9,2,0.3,1,2,3,911.7214,1487786525806,-1,-1,911.5549,1487786525642
8,10,2,0.3,1,1,3,912.6882,1487786526773,913.4551,1487786527540,912.5215,1487786526608
8,11,2,0.3,1,2,1,913.655,1487786527740,-1,-1,913.4883,1487786527577
8,12,2,0.3,1,2,1,914.6216,1487786528706,-1,-1,914.4551,1487786528542
8,13,2,0.3,1,0,4,915.5884,1487786529673,-1,-1,915.4216,1487786529509
8,14,2,0.3,1,0,2,916.5554,1487786530640,-1,-1,916.3884,1487786530476
8,15,2,0.3,1,1,4,917.522,1487786531606,918.1885,1487786532273,917.3552,1487786531442
8,16,2,0.3,1,1,2,918.4888,1487786532573,919.156,1487786533241,918.3225,1487786532411
8,17,2,0.3,1,1,4,919.4553,1487786533540,920.0886,1487786534173,919.2891,1487786533376
8,18,2,0.3,1,0,7,920.4221,1487786534506,-1,-1,920.2554,1487786534343
8,19,2,0.3,1,0,1,921.3892,1487786535473,-1,-1,921.2222,1487786535310
8,20,2,0.3,1,1,7,922.356,1487786536440,922.8557,1487786536940,922.1887,1487786536276
8,21,2,0.3,1,0,3,923.3223,1487786537407,-1,-1,923.1555,1487786537243
8,22,2,0.3,1,2,1,924.2888,1487786538373,-1,-1,924.1223,1487786538209
8,1,2,0.3,1,3,2,926.8223,1487786540907,-1,-1,926.6558,1487786540741
8,2,2,0.3,1,3,7,927.7224,1487786541807,-1,-1,927.5559,1487786541644
8,3,2,0.3,1,2,7,928.6226,1487786542707,-1,-1,928.4561,1487786542544
8,4,2,0.3,1,0,5,929.5229,1487786543607,-1,-1,929.3557,1487786543443
8,5,2,0.3,1,2,5,930.4226,1487786544507,-1,-1,930.2559,1487786544344
8,6,2,0.3,1,1,5,931.3225,1487786545407,931.9895,1487786546074,931.156,1487786545243
8,7,2,0.3,1,0,2,932.2227,1487786546307,-1,-1,932.0562,1487786546143
8,8,2,0.3,1,0,4,933.1228,1487786547207,-1,-1,932.9561,1487786547045
8,9,2,0.3,1,1,2,934.0234,1487786548108,934.49,1487786548575,933.8562,1487786547944
8,10,2,0.3,1,2,2,934.9229,1487786549007,-1,-1,934.7561,1487786548843
8,11,2,0.3,1,0,1,935.8228,1487786549907,-1,-1,935.6563,1487786549744
8,12,2,0.3,1,0,7,936.7229,1487786550807,-1,-1,936.5564,1487786550643
8,13,2,0.3,1,1,1,937.623,1487786551708,938.2231,1487786552308,937.4563,1487786551544
8,14,2,0.3,1,2,1,938.5229,1487786552607,-1,-1,938.3562,1487786552443
8,15,2,0.3,1,0,3,939.4231,1487786553508,-1,-1,939.2566,1487786553346
8,16,2,0.3,1,2,7,940.3232,1487786554408,-1,-1,940.1565,1487786554244
8,17,2,0.3,1,0,2,941.2234,1487786555308,-1,-1,941.0564,1487786555143
8,18,2,0.3,0,2,1,942.1235,1487786556208,942.7231,1487786556808,941.9568,1487786556045
8,19,2,0.3,0,1,2,943.0232,1487786557108,-1,-1,942.8567,1487786556944
8,20,2,0.3,1,0,4,943.9233,1487786558008,-1,-1,943.7571,1487786557844
8,21,2,0.3,0,1,2,944.8235,1487786558908,-1,-1,944.6572,1487786558744
8,22,2,0.3,1,1,4,945.7236,1487786559808,946.4238,1487786560508,945.5569,1487786559645
8,1,2,0.3,1,3,5,947.3569,1487786561441,-1,-1,947.1904,1487786561276
8,2,2,0.3,1,3,1,948.2568,1487786562341,-1,-1,948.0901,1487786562177
8,3,2,0.3,1,0,0,949.157,1487786563241,-1,-1,948.9902,1487786563077
8,4,2,0.3,0,1,1,950.0569,1487786564141,-1,-1,949.8904,1487786563977
8,5,2,0.3,1,1,0,950.957,1487786565042,951.0237,1487786565108,950.7903,1487786564878
8,6,2,0.3,1,0,3,951.8572,1487786565942,-1,-1,951.6912,1487786565779
8,7,2,0.3,1,0,7,952.7578,1487786566842,-1,-1,952.5906,1487786566677
8,8,2,0.3,0,2,0,953.6572,1487786567742,954.2571,1487786568342,953.4905,1487786567577
8,9,2,0.3,1,0,5,954.5574,1487786568642,-1,-1,954.3906,1487786568477
8,10,2,0.3,1,2,5,955.4573,1487786569542,-1,-1,955.2913,1487786569378
8,11,2,0.3,1,2,7,956.3572,1487786570442,-1,-1,956.1907,1487786570279
8,12,2,0.3,1,0,1,957.2576,1487786571342,-1,-1,957.0908,1487786571178
8,13,2,0.3,1,1,7,958.1575,1487786572242,958.8909,1487786572976,957.991,1487786572078
8,14,2,0.3,1,0,3,959.0579,1487786573142,-1,-1,958.8909,1487786572979
8,15,2,0.3,0,1,7,959.9575,1487786574042,-1,-1,959.7908,1487786573878
8,16,2,0.3,0,1,3,960.8579,1487786574942,-1,-1,960.6909,1487786574779
8,17,2,0.3,1,1,7,961.7578,1487786575842,962.4248,1487786576509,961.5913,1487786575679
8,18,2,0.3,0,2,7,962.6577,1487786576742,963.125,1487786577210,962.4912,1487786576579
8,19,2,0.3,0,2,3,963.5579,1487786577642,964.0581,1487786578143,963.3911,1487786577480
8,20,2,0.3,1,0,4,964.4578,1487786578542,-1,-1,964.291,1487786578378
8,21,2,0.3,1,2,7,965.3579,1487786579442,-1,-1,965.1912,1487786579279
8,22,2,0.3,1,0,1,966.2578,1487786580342,-1,-1,966.0913,1487786580178
8,1,2,0.3,1,3,3,967.9583,1487786582043,-1,-1,967.7913,1487786581877
8,2,2,0.3,1,3,4,968.9253,1487786583010,-1,-1,968.7581,1487786582845
8,3,2,0.3,1,1,3,969.8914,1487786583976,970.592,1487786584677,969.7249,1487786583813
8,4,2,0.3,1,2,3,970.8589,1487786584943,-1,-1,970.6914,1487786584779
8,5,2,0.3,1,0,7,971.825,1487786585910,-1,-1,971.6582,1487786585746
8,6,2,0.3,1,0,0,972.7915,1487786586876,-1,-1,972.625,1487786586712
8,7,2,0.3,0,2,3,973.7583,1487786587843,974.4919,1487786588577,973.5916,1487786587679
8,8,2,0.3,1,1,0,974.7251,1487786588810,975.3921,1487786589477,974.5583,1487786588647
8,9,2,0.3,1,2,0,975.6917,1487786589777,-1,-1,975.5251,1487786589612
8,10,2,0.3,1,0,7,976.6584,1487786590743,-1,-1,976.4919,1487786590579
8,11,2,0.3,1,0,2,977.6252,1487786591710,-1,-1,977.4585,1487786591545
8,12,2,0.3,0,2,0,978.5925,1487786592677,979.2588,1487786593344,978.4253,1487786592512
8,13,2,0.3,1,2,0,979.5586,1487786593643,-1,-1,979.3918,1487786593480
8,14,2,0.3,0,1,0,980.5254,1487786594610,-1,-1,980.3586,1487786594446
8,15,2,0.3,1,0,3,981.4922,1487786595577,-1,-1,981.3254,1487786595412
8,16,2,0.3,1,0,2,982.4587,1487786596543,-1,-1,982.2922,1487786596380
8,17,2,0.3,1,0,5,983.4255,1487786597510,-1,-1,983.259,1487786597346
8,18,2,0.3,1,1,2,984.3923,1487786598477,985.0256,1487786599110,984.2256,1487786598314
8,19,2,0.3,1,1,5,985.3589,1487786599443,986.1589,1487786600244,985.1921,1487786599279
8,20,2,0.3,1,0,4,986.3259,1487786600410,-1,-1,986.1589,1487786600247
8,21,2,0.3,0,1,5,987.2925,1487786601377,-1,-1,987.126,1487786601213
8,22,2,0.3,0,2,2,988.259,1487786602344,988.96,1487786603045,988.0928,1487786602180
8,1,2,0.3,1,3,1,990.0928,1487786604178,-1,-1,989.9265,1487786604012
8,2,2,0.3,1,3,7,991.0593,1487786605144,-1,-1,990.8926,1487786604980
8,3,2,0.3,1,1,1,992.0261,1487786606110,992.6929,1487786606778,991.8594,1487786605947
8,4,2,0.3,0,1,7,992.9927,1487786607077,-1,-1,992.8262,1487786606914
8,5,2,0.3,1,2,7,993.9595,1487786608044,-1,-1,993.7927,1487786607881
8,6,2,0.3,1,0,2,994.9263,1487786609011,-1,-1,994.7595,1487786608849
8,7,2,0.3,1,0,5,995.8928,1487786609977,-1,-1,995.7263,1487786609813
8,8,2,0.3,1,0,0,996.8596,1487786610944,-1,-1,996.6929,1487786610781
8,9,2,0.3,0,1,5,997.8267,1487786611911,-1,-1,997.6597,1487786611747
8,10,2,0.3,1,2,5,998.7932,1487786612877,-1,-1,998.6265,1487786612714
8,11,2,0.3,0,1,5,999.76,1487786613844,-1,-1,999.593,1487786613682
8,12,2,0.3,1,2,0,1000.727,1487786614811,-1,-1,1000.56,1487786614647
8,13,2,0.3,1,2,0,1001.693,1487786615778,-1,-1,1001.526,1487786615613
8,14,2,0.3,1,2,5,1002.66,1487786616745,-1,-1,1002.493,1487786616581
8,15,2,0.3,1,0,6,1003.627,1487786617711,-1,-1,1003.46,1487786617548
8,16,2,0.3,1,0,3,1004.594,1487786618678,-1,-1,1004.427,1487786618515
8,17,2,0.3,1,0,1,1005.56,1487786619645,-1,-1,1005.394,1487786619481
8,18,2,0.3,0,2,6,1006.527,1487786620611,1007.194,1487786621278,1006.36,1487786620447
8,19,2,0.3,1,0,0,1007.494,1487786621578,-1,-1,1007.327,1487786621414
8,20,2,0.3,0,1,6,1008.46,1487786622545,-1,-1,1008.294,1487786622381
8,21,2,0.3,1,0,2,1009.427,1487786623512,-1,-1,1009.26,1487786623349
8,22,2,0.3,1,1,6,1010.394,1487786624478,1011.061,1487786625145,1010.228,1487786624314
8,1,2,0.3,1,3,0,1012.927,1487786627012,-1,-1,1012.761,1487786626846
8,2,2,0.3,1,3,5,1013.894,1487786627978,-1,-1,1013.727,1487786627815
8,3,2,0.3,1,1,0,1014.861,1487786628945,1015.394,1487786629479,1014.694,1487786628782
8,4,2,0.3,1,0,7,1015.827,1487786629912,-1,-1,1015.661,1487786629749
8,5,2,0.3,0,1,0,1016.794,1487786630879,-1,-1,1016.627,1487786630715
8,6,2,0.3,0,2,0,1017.763,1487786631848,1017.794,1487786631879,1017.594,1487786631681
8,7,2,0.3,1,2,7,1018.728,1487786632812,-1,-1,1018.561,1487786632648
8,8,2,0.3,1,0,6,1019.694,1487786633779,-1,-1,1019.528,1487786633616
8,9,2,0.3,1,0,1,1020.662,1487786634746,-1,-1,1020.494,1487786634581
8,10,2,0.3,1,0,2,1021.628,1487786635713,-1,-1,1021.461,1487786635548
8,11,2,0.3,1,1,1,1022.594,1487786636679,1023.295,1487786637379,1022.428,1487786636514
8,12,2,0.3,1,0,7,1023.561,1487786637646,-1,-1,1023.395,1487786637482
8,13,2,0.3,1,2,7,1024.528,1487786638612,-1,-1,1024.361,1487786638449
8,14,2,0.3,1,0,3,1025.495,1487786639579,-1,-1,1025.328,1487786639415
8,15,2,0.3,1,0,5,1026.461,1487786640546,-1,-1,1026.295,1487786640383
8,16,2,0.3,1,1,3,1027.428,1487786641512,1028.095,1487786642180,1027.261,1487786641348
8,17,2,0.3,1,1,5,1028.395,1487786642479,1029.062,1487786643146,1028.231,1487786642317
8,18,2,0.3,1,2,5,1029.361,1487786643446,-1,-1,1029.195,1487786643283
8,19,2,0.3,1,0,7,1030.328,1487786644413,-1,-1,1030.162,1487786644249
8,20,2,0.3,1,2,3,1031.295,1487786645380,-1,-1,1031.128,1487786645215
8,21,2,0.3,0,1,7,1032.262,1487786646347,-1,-1,1032.095,1487786646182
8,22,2,0.3,0,2,5,1033.228,1487786647313,1033.962,1487786648046,1033.062,1487786647149
8,1,2,0.3,1,3,3,1034.962,1487786649046,-1,-1,1034.795,1487786648881
8,2,2,0.3,1,3,6,1035.928,1487786650013,-1,-1,1035.762,1487786649849
8,3,2,0.3,1,0,4,1036.896,1487786650980,-1,-1,1036.729,1487786650815
8,4,2,0.3,1,1,6,1037.862,1487786651947,1038.496,1487786652580,1037.695,1487786651783
8,5,2,0.3,1,1,4,1038.829,1487786652913,1039.462,1487786653547,1038.662,1487786652749
8,6,2,0.3,1,2,4,1039.795,1487786653880,-1,-1,1039.629,1487786653717
8,7,2,0.3,1,0,0,1040.762,1487786654847,-1,-1,1040.595,1487786654682
8,8,2,0.3,1,0,5,1041.729,1487786655813,-1,-1,1041.563,1487786655649
8,9,2,0.3,1,2,5,1042.696,1487786656780,-1,-1,1042.529,1487786656616
8,10,2,0.3,1,1,5,1043.662,1487786657747,1044.329,1487786658414,1043.496,1487786657584
8,11,2,0.3,1,0,1,1044.629,1487786658713,-1,-1,1044.462,1487786658551
8,12,2,0.3,1,2,1,1045.596,1487786659680,-1,-1,1045.429,1487786659516
8,13,2,0.3,1,0,4,1046.563,1487786660647,-1,-1,1046.396,1487786660483
8,14,2,0.3,1,0,3,1047.529,1487786661614,-1,-1,1047.363,1487786661449
8,15,2,0.3,1,2,3,1048.496,1487786662581,-1,-1,1048.329,1487786662417
8,16,2,0.3,1,2,4,1049.463,1487786663547,-1,-1,1049.296,1487786663385
8,17,2,0.3,1,1,3,1050.429,1487786664514,1051.063,1487786665147,1050.263,1487786664350
8,18,2,0.3,1,0,7,1051.397,1487786665481,-1,-1,1051.229,1487786665316
8,19,2,0.3,1,0,5,1052.363,1487786666447,-1,-1,1052.196,1487786666284
8,20,2,0.3,1,1,7,1053.33,1487786667414,1053.83,1487786667914,1053.163,1487786667250
8,21,2,0.3,0,1,5,1054.296,1487786668381,-1,-1,1054.13,1487786668218
8,22,2,0.3,1,2,5,1055.263,1487786669347,-1,-1,1055.096,1487786669183
8,1,2,0.3,1,3,4,1056.93,1487786671014,-1,-1,1056.763,1487786670849
8,2,2,0.3,1,3,1,1057.83,1487786671914,-1,-1,1057.663,1487786671751
8,3,2,0.3,1,1,4,1058.73,1487786672814,1059.431,1487786673515,1058.563,1487786672651
8,4,2,0.3,1,2,4,1059.63,1487786673714,-1,-1,1059.463,1487786673550
8,5,2,0.3,1,0,7,1060.53,1487786674614,-1,-1,1060.363,1487786674450
8,6,2,0.3,1,2,7,1061.43,1487786675514,-1,-1,1061.263,1487786675351
8,7,2,0.3,1,0,5,1062.33,1487786676414,-1,-1,1062.163,1487786676250
8,8,2,0.3,1,1,7,1063.23,1487786677314,1063.897,1487786677982,1063.063,1487786677151
8,9,2,0.3,1,1,5,1064.13,1487786678214,1064.763,1487786678849,1063.964,1487786678051
8,10,2,0.3,1,0,6,1065.03,1487786679115,-1,-1,1064.864,1487786678952
8,11,2,0.3,1,0,4,1065.93,1487786680015,-1,-1,1065.763,1487786679850
8,12,2,0.3,0,2,4,1066.831,1487786680915,1067.364,1487786681448,1066.664,1487786680752
8,13,2,0.3,0,1,4,1067.73,1487786681815,-1,-1,1067.563,1487786681652
8,14,2,0.3,1,2,6,1068.63,1487786682715,-1,-1,1068.464,1487786682551
8,15,2,0.3,1,2,6,1069.531,1487786683615,-1,-1,1069.364,1487786683451
8,16,2,0.3,0,0,1,1070.43,1487786684515,1071.097,1487786685182,1070.264,1487786684351
8,17,2,0.3,1,1,6,1071.331,1487786685416,1071.897,1487786685982,1071.164,1487786685251
8,18,2,0.3,1,0,7,1072.23,1487786686315,-1,-1,1072.064,1487786686153
8,19,2,0.3,1,0,2,1073.131,1487786687215,-1,-1,1072.964,1487786687051
8,20,2,0.3,1,2,2,1074.031,1487786688115,-1,-1,1073.864,1487786687951
8,21,2,0.3,1,0,0,1074.931,1487786689015,-1,-1,1074.764,1487786688851
8,22,2,0.3,0,1,2,1075.831,1487786689915,-1,-1,1075.664,1487786689751
8,1,2,0.3,1,3,1,1091.832,1487786705917,-1,-1,1091.665,1487786705751
8,2,2,0.3,1,3,7,1092.732,1487786706816,-1,-1,1092.565,1487786706652
8,3,2,0.3,1,2,7,1093.632,1487786707716,-1,-1,1093.465,1487786707552
8,4,2,0.3,1,0,1,1094.532,1487786708616,-1,-1,1094.365,1487786708452
8,5,2,0.3,0,2,1,1095.432,1487786709516,1096.165,1487786710250,1095.265,1487786709354
8,6,2,0.3,1,0,6,1096.332,1487786710416,-1,-1,1096.165,1487786710252
8,7,2,0.3,1,0,4,1097.232,1487786711317,-1,-1,1097.066,1487786711153
8,8,2,0.3,0,1,6,1098.132,1487786712217,-1,-1,1097.965,1487786712052
8,9,2,0.3,1,2,6,1099.032,1487786713116,-1,-1,1098.865,1487786712953
8,10,2,0.3,1,2,4,1099.932,1487786714017,-1,-1,1099.766,1487786713854
8,11,2,0.3,1,0,2,1100.832,1487786714917,-1,-1,1100.666,1487786714753
8,12,2,0.3,1,0,3,1101.732,1487786715817,-1,-1,1101.565,1487786715652
8,13,2,0.3,0,1,2,1102.632,1487786716717,-1,-1,1102.466,1487786716552
8,14,2,0.3,1,0,7,1103.532,1487786717617,-1,-1,1103.366,1487786717452
8,15,2,0.3,1,2,3,1104.433,1487786718517,-1,-1,1104.266,1487786718354
8,16,2,0.3,0,1,7,1105.333,1487786719417,-1,-1,1105.166,1487786719253
8,17,2,0.3,0,1,3,1106.232,1487786720317,-1,-1,1106.066,1487786720154
8,18,2,0.3,1,0,6,1107.133,1487786721217,-1,-1,1106.966,1487786721053
8,19,2,0.3,1,1,3,1108.032,1487786722117,1108.7,1487786722784,1107.866,1487786721954
8,20,2,0.3,0,1,6,1108.933,1487786723017,-1,-1,1108.766,1487786722854
8,21,2,0.3,1,2,6,1109.833,1487786723917,-1,-1,1109.667,1487786723754
8,22,2,0.3,1,0,7,1110.733,1487786724818,-1,-1,1110.566,1487786724653
8,1,2,0.3,1,3,7,1120.733,1487786734818,-1,-1,1120.567,1487786734652
8,2,2,0.3,1,3,6,1121.7,1487786735784,-1,-1,1121.533,1487786735622
8,3,2,0.3,1,2,6,1122.667,1487786736751,-1,-1,1122.5,1487786736587
8,4,2,0.3,1,2,2,1123.634,1487786737718,-1,-1,1123.467,1487786737554
8,5,2,0.3,0,1,6,1124.6,1487786738684,-1,-1,1124.433,1487786738519
8,6,2,0.3,1,0,3,1125.567,1487786739647,-1,-1,1125.4,1487786739484
8,7,2,0.3,1,1,6,1126.534,1487786740610,1127.201,1487786741275,1126.367,1487786740447
8,8,2,0.3,1,2,2,1127.5,1487786741573,-1,-1,1127.334,1487786741409
8,9,2,0.3,1,0,1,1128.467,1487786742536,-1,-1,1128.301,1487786742371
8,10,2,0.3,1,0,5,1129.434,1487786743501,-1,-1,1129.267,1487786743337
8,11,2,0.3,1,1,1,1130.4,1487786744468,1131.067,1487786745135,1130.234,1487786744304
8,12,2,0.3,1,0,3,1131.367,1487786745435,-1,-1,1131.2,1487786745273
8,13,2,0.3,1,0,7,1132.334,1487786746402,-1,-1,1132.167,1487786746238
8,14,2,0.3,1,1,3,1133.301,1487786747368,1133.934,1487786748002,1133.134,1487786747204
8,15,2,0.3,1,2,3,1134.267,1487786748335,-1,-1,1134.101,1487786748171
8,16,2,0.3,1,2,7,1135.234,1487786749302,-1,-1,1135.067,1487786749138
8,17,2,0.3,1,2,7,1136.201,1487786750269,-1,-1,1136.034,1487786750105
8,18,2,0.3,0,1,7,1137.168,1487786751236,-1,-1,1137.001,1487786751071
8,19,2,0.3,1,0,0,1138.134,1487786752202,-1,-1,1137.968,1487786752038
8,20,2,0.3,1,0,3,1139.101,1487786753169,-1,-1,1138.934,1487786753004
8,21,2,0.3,1,1,0,1140.068,1487786754136,1140.835,1487786754903,1139.901,1487786753971
8,22,2,0.3,1,0,6,1141.034,1487786755102,-1,-1,1140.868,1487786754939
8,1,2,0.3,1,3,0,1142.801,1487786756869,-1,-1,1142.635,1487786756703
8,2,2,0.3,1,3,2,1143.701,1487786757769,-1,-1,1143.535,1487786757606
8,3,2,0.3,1,2,2,1144.601,1487786758669,-1,-1,1144.435,1487786758505
8,4,2,0.3,1,2,6,1145.501,1487786759569,-1,-1,1145.335,1487786759405
8,5,2,0.3,1,2,6,1146.401,1487786760469,-1,-1,1146.235,1487786760306
8,6,2,0.3,1,1,6,1147.302,1487786761369,1147.969,1487786762036,1147.135,1487786761205
8,7,2,0.3,1,2,2,1148.202,1487786762270,-1,-1,1148.035,1487786762106
8,8,2,0.3,1,2,2,1149.102,1487786763169,-1,-1,1148.935,1487786763005
8,9,2,0.3,1,0,1,1150.001,1487786764069,-1,-1,1149.835,1487786763905
8,10,2,0.3,1,0,3,1150.902,1487786764969,-1,-1,1150.735,1487786764806
8,11,2,0.3,1,1,1,1151.802,1487786765869,1152.369,1487786766437,1151.635,1487786765706
8,12,2,0.3,1,0,5,1152.702,1487786766769,-1,-1,1152.535,1487786766605
8,13,2,0.3,1,1,1,1153.602,1487786767669,1154.236,1487786768303,1153.435,1487786767506
8,14,2,0.3,1,2,3,1154.502,1487786768569,-1,-1,1154.335,1487786768406
8,15,2,0.3,1,1,1,1155.402,1487786769470,1155.936,1487786770004,1155.236,1487786769307
8,16,2,0.3,1,0,6,1156.302,1487786770370,-1,-1,1156.135,1487786770206
8,17,2,0.3,1,0,5,1157.202,1487786771270,-1,-1,1157.035,1487786771106
8,18,2,0.3,1,0,7,1158.102,1487786772170,-1,-1,1157.936,1487786772006
8,19,2,0.3,1,0,2,1159.002,1487786773070,-1,-1,1158.835,1487786772906
8,20,2,0.3,1,0,0,1159.902,1487786773970,-1,-1,1159.736,1487786773807
8,21,2,0.3,1,1,2,1160.802,1487786774870,1161.369,1487786775437,1160.635,1487786774706
8,22,2,0.3,1,1,0,1161.702,1487786775770,1162.336,1487786776404,1161.536,1487786775606
8,1,2,0.3,1,3,2,1163.602,1487786777670,-1,-1,1163.436,1487786777505
8,2,2,0.3,1,3,4,1164.436,1487786778503,-1,-1,1164.269,1487786778339
8,3,2,0.3,1,2,4,1165.27,1487786779337,-1,-1,1165.103,1487786779174
8,4,2,0.3,0,1,4,1166.103,1487786780171,-1,-1,1165.936,1487786780006
8,5,2,0.3,0,1,4,1166.936,1487786781004,-1,-1,1166.769,1487786780840
8,6,2,0.3,0,1,4,1167.769,1487786781837,-1,-1,1167.603,1487786781673
8,7,2,0.3,1,0,5,1168.603,1487786782671,-1,-1,1168.436,1487786782506
8,8,2,0.3,0,1,4,1169.437,1487786783504,-1,-1,1169.269,1487786783341
8,9,2,0.3,1,0,6,1170.237,1487786784305,-1,-1,1170.073,1487786784144
8,10,2,0.3,1,1,4,1171.069,1487786785137,1171.603,1487786785671,1170.903,1487786784973
8,11,2,0.3,1,0,1,1171.903,1487786785970,-1,-1,1171.736,1487786785807
8,12,2,0.3,1,0,7,1172.737,1487786786804,-1,-1,1172.57,1487786786640
8,13,2,0.3,1,2,7,1173.57,1487786787637,-1,-1,1173.403,1487786787475
8,14,2,0.3,0,2,1,1174.403,1487786788471,1174.97,1487786789038,1174.236,1487786788307
8,15,2,0.3,0,2,1,1175.236,1487786789304,1175.77,1487786789838,1175.07,1487786789140
8,16,2,0.3,1,2,7,1176.07,1487786790137,-1,-1,1175.903,1487786789973
8,17,2,0.3,1,0,4,1176.904,1487786790971,-1,-1,1176.738,1487786790808
8,18,2,0.3,1,0,3,1177.737,1487786791804,-1,-1,1177.57,1487786791643
8,19,2,0.3,1,1,4,1178.57,1487786792637,1179.103,1487786793171,1178.403,1487786792473
8,20,2,0.3,1,2,4,1179.403,1487786793471,-1,-1,1179.237,1487786793307
8,21,2,0.3,1,0,0,1180.237,1487786794304,-1,-1,1180.07,1487786794140
8,22,2,0.3,1,0,6,1181.07,1487786795138,-1,-1,1180.903,1487786794974
8,1,2,0.3,1,3,6,1182.77,1487786796838,-1,-1,1182.604,1487786796672
8,2,2,0.3,1,3,0,1183.67,1487786797738,-1,-1,1183.503,1487786797574
8,3,2,0.3,1,2,0,1184.57,1487786798638,-1,-1,1184.404,1487786798475
8,4,2,0.3,1,0,2,1185.47,1487786799538,-1,-1,1185.303,1487786799374
8,5,2,0.3,1,1,0,1186.37,1487786800438,1187.104,1487786801172,1186.204,1487786800274
8,6,2,0.3,1,1,2,1187.27,1487786801338,1187.97,1487786802038,1187.104,1487786801176
8,7,2,0.3,1,2,2,1188.17,1487786802238,-1,-1,1188.004,1487786802074
8,8,2,0.3,0,1,2,1189.071,1487786803138,-1,-1,1188.904,1487786802975
8,9,2,0.3,1,0,6,1189.97,1487786804038,-1,-1,1189.804,1487786803874
8,10,2,0.3,1,1,2,1190.871,1487786804938,1191.571,1487786805638,1190.704,1487786804774
8,11,2,0.3,0,1,6,1191.771,1487786805838,-1,-1,1191.604,1487786805675
8,12,2,0.3,1,2,6,1192.671,1487786806738,-1,-1,1192.504,1487786806575
8,13,2,0.3,1,0,4,1193.571,1487786807638,-1,-1,1193.405,1487786807475
8,14,2,0.3,1,0,1,1194.471,1487786808538,-1,-1,1194.304,1487786808374
8,15,2,0.3,1,0,5,1195.371,1487786809438,-1,-1,1195.204,1487786809274
8,16,2,0.3,0,2,4,1196.271,1487786810338,1196.904,1487786810972,1196.104,1487786810176
8,17,2,0.3,1,0,2,1197.172,1487786811240,-1,-1,1197.004,1487786811074
8,18,2,0.3,1,1,4,1198.071,1487786812139,1198.771,1487786812839,1197.904,1487786811975
8,19,2,0.3,1,0,6,1198.971,1487786813039,-1,-1,1198.804,1487786812875
8,20,2,0.3,1,2,6,1199.871,1487786813939,-1,-1,1199.705,1487786813775
8,21,2,0.3,1,2,2,1200.771,1487786814839,-1,-1,1200.604,1487786814676
8,22,2,0.3,1,0,5,1201.671,1487786815739,-1,-1,1201.504,1487786815575
