%Recollect Version 2.3. Scene/Level: , Game Number: 001
%MatrixReasoning:Stage,ProblemNumber,CurrentResponse,CorrectResponse,NavigationDirection,TimeOfResponse
2,0,7,7,0,1486142837404
2,1,1,1,0,1486142840037
2,2,1,2,0,1486142847570
2,2,2,2,0,1486142856671
2,0,2,2,0,1486142862337
2,0,2,2,1,1486142862804
2,1,4,4,0,1486142864905
2,1,4,4,1,1486142865304
2,2,1,6,0,1486142869439
2,2,1,6,1,1486142869938
2,3,7,7,0,1486142878139
2,3,7,7,1,1486142878672
2,4,4,4,0,1486142881239
2,4,4,4,1,1486142881738
2,5,1,6,0,1486142891539
2,5,6,6,0,1486142895506
2,5,6,6,1,1486142896240
2,6,7,1,0,1486142912041
2,6,1,1,0,1486142912908
2,6,1,1,1,1486142913307
2,7,7,7,0,1486142926675
2,7,7,7,1,1486142927074
2,8,4,4,0,1486142931175
2,8,4,4,1,1486142931674
2,9,3,3,0,1486142933475
2,9,3,3,1,1486142933875
2,10,7,7,0,1486142943075
2,10,7,7,1,1486142946442
2,11,1,1,0,1486142960443
2,11,1,1,1,1486142960909
2,12,2,6,0,1486142978211
2,12,6,6,0,1486142984111
2,12,6,6,1,1486142984644
2,13,4,4,0,1486142989945
2,13,4,4,1,1486142993011
2,14,4,4,0,1486143009013
2,14,4,4,1,1486143009446
2,15,5,5,0,1486143038281
2,15,5,5,1,1486143041681
2,16,4,6,0,1486143088750
2,16,4,6,1,1486143089251
2,17,3,3,0,1486143100517
2,17,3,3,1,1486143101251
2,18,6,2,0,1486143106951
2,18,2,2,0,1486143108285
2,18,2,2,1,1486143109618
2,19,5,5,0,1486143118152
2,19,5,5,1,1486143118652
2,20,3,0,0,1486143121085
2,20,2,0,0,1486143121819
2,20,6,0,0,1486143122186
2,20,7,0,0,1486143122519
2,20,2,0,0,1486143122887
2,20,7,0,0,1486143123386
2,20,3,0,0,1486143123753
2,20,6,0,0,1486143124919
2,20,0,0,0,1486143130653
2,20,2,0,0,1486143136653
2,20,0,0,0,1486143137953
2,20,0,0,1,1486143140486
2,21,5,5,0,1486143153421
2,21,5,5,1,1486143158121
2,22,1,5,0,1486143178622
2,22,5,5,0,1486143181055
2,22,5,5,1,1486143182055
2,23,2,1,0,1486143189489
2,23,3,1,0,1486143210825
2,23,1,1,0,1486143211824
2,23,0,1,0,1486143212491
2,23,0,1,1,1486143237059
2,24,1,0,0,1486143239292
2,24,6,0,0,1486143240559
2,24,3,0,0,1486143241593
2,24,4,0,0,1486143243260
2,24,0,0,0,1486143245393
2,24,0,0,1,1486143246226
2,25,5,5,0,1486143259960
2,25,5,5,1,1486143262027
2,26,7,3,0,1486143281795
2,26,2,3,0,1486143287996
2,26,3,3,0,1486143288562
2,26,2,3,0,1486143290128
2,26,7,3,0,1486143291562
2,26,3,3,0,1486143291828
2,26,3,3,1,1486143294929
2,27,6,6,0,1486143304930
2,27,3,6,0,1486143311763
2,27,6,6,0,1486143315730
2,27,6,6,1,1486143317263
2,28,1,1,0,1486143331197
2,28,1,1,1,1486143332031
2,29,7,2,0,1486143338898
2,29,2,2,0,1486143356699
2,29,7,2,0,1486143359465
2,29,2,2,0,1486143359899
2,29,7,2,0,1486143360366
2,29,2,2,0,1486143360932
2,29,7,2,0,1486143361566
2,29,2,2,0,1486143362832
2,29,7,2,0,1486143364466
2,29,7,2,1,1486143366433
2,30,7,0,0,1486143380133
2,30,3,0,0,1486143385967
2,30,7,0,0,1486143393001
2,30,0,0,0,1486143394701
2,30,0,0,1,1486143395635
2,31,2,2,0,1486143403735
2,31,3,2,0,1486143404235
2,31,7,2,0,1486143404668
2,31,6,2,0,1486143405102
2,31,5,2,0,1486143405635
2,31,3,2,0,1486143407235
2,31,0,2,0,1486143407968
2,31,3,2,0,1486143409902
2,31,7,2,0,1486143410368
2,31,1,2,0,1486143412469
2,31,6,2,0,1486143418436
2,31,3,2,0,1486143420569
2,31,1,2,0,1486143430236
2,31,2,2,0,1486143437737
2,31,2,2,1,1486143439970
2,32,5,0,0,1486143462971
2,32,1,0,0,1486143464071
2,32,5,0,0,1486143467405
2,32,5,0,1,1486143468205
2,33,2,6,0,1486143477506
2,33,7,6,0,1486143479372
2,33,3,6,0,1486143480839
2,33,7,6,0,1486143481273
2,33,6,6,0,1486143499907
2,33,7,6,0,1486143500707
2,33,6,6,0,1486143501140
2,33,7,6,0,1486143501607
2,33,7,6,1,1486143502841
2,34,7,3,0,1486143510507
2,34,3,3,0,1486143511074
2,34,1,3,0,1486143520375
2,34,6,3,0,1486143520908
2,34,1,3,0,1486143521741
2,34,2,3,0,1486143522275
2,34,3,3,0,1486143522741
2,34,6,3,0,1486143523175
2,34,3,3,0,1486143523741
2,34,7,3,0,1486143524075
2,34,6,3,0,1486143524541
2,34,3,3,0,1486143524975
2,34,2,3,0,1486143525442
2,34,1,3,0,1486143527308
2,34,6,3,0,1486143528642
2,34,2,3,0,1486143529142
2,34,3,3,0,1486143529609
2,34,0,3,0,1486143546843
2,34,3,3,0,1486143592445
2,34,3,3,1,1486143593212
2,35,2,0,0,1486143608946
2,35,3,0,0,1486143609413
2,35,2,0,0,1486143610146
2,35,6,0,0,1486143611013
2,35,2,0,0,1486143611847
2,35,2,0,1,1486143627781
2,36,1,2,0,1486143655450
2,36,6,2,0,1486143657916
2,36,3,2,0,1486143658716
2,36,7,2,0,1486143659182
2,36,4,2,0,1486143663216
2,36,4,2,1,1486143671883
2,37,7,3,0,1486143743687
2,37,6,3,0,1486143744154
2,37,6,3,1,1486143747320
2,38,2,4,0,1486143760221
2,38,2,4,1,1486143762455
2,39,6,6,0,1486143774022
2,39,1,6,0,1486143774789
2,39,6,6,0,1486143775356
2,39,1,6,0,1486143775889
2,39,6,6,0,1486143776489
2,39,1,6,0,1486143777123
2,39,6,6,0,1486143778456
2,39,6,6,1,1486143782756
2,40,2,7,0,1486143795457
2,40,2,7,1,1486143796157
2,41,2,5,0,1486143820391
