%Recollect Version 2.0. Scene/Level: nback1_intro, Game Number: 191
%Note: All true/false values are represented as "1" and "0" respectively.
%Damage:1,Player X Position,Player Y Position,Hearts Left,Time (Relative),Time (Absolute)
%NBackObject:0,Current N Level,Is Correct,Should Be Picked Up,Type,Time of Reveal (R),Time of Reveal (A),Time of Death (R),Time of Death (A)
%Possible values for "Type":Blue=0,Yellow=1,Green=2,Pink=3,White=4,Gray=5,Brown=6,Purple=7,None=8,
0,3,1,0,0,0.07251,1479947083590.85,1.69995,1479947085200.2
0,3,1,0,4,1.60010,1479947085100.8,4.16675,1479947087667.62
0,3,0,0,0,4.06677,1479947087568.24,5.64002,1479947089169.11
0,2,0,1,0,6.50098,1479947090002.51,9.03394,1479947092537.81
0,2,0,0,1,11.40039,1479947096934.14,13.04004,1479947098600.94
0,2,1,0,1,13.83398,1479947099367.64,16.36731,1479947101901.29
0,1,0,1,1,16.26746,1479947101801.19,18.80078,1479947104337.29
0,1,1,0,2,21.16760,1479947108734.8,23.70105,1479947111268.78
1,104.57250,0.88057,2,24.62000,1479947112204.3
0,1,1,0,5,23.60132,1479947111168.85,26.16785,1479947113735.76
0,1,1,0,4,26.16785,1479947113735.33,28.70142,1479947116269.04
1,128.63270,0.83435,1,30.64001,1479947118235.42
0,1,0,1,4,28.60132,1479947116168.86,31.13525,1479947118702.88
0,1,0,0,2,31.03479,1479947118601.75,32.66003,1479947120236.43
0,1,1,0,1,33.50183,1479947121069.49,36.03516,1479947123602.5
0,1,1,1,1,35.93506,1479947123502.04,37.58008,1479947125168.89
0,1,1,1,1,38.36853,1479947125936.02,40.04004,1479947127635.64
0,1,0,0,4,40.83545,1479947128402.45,42.44006,1479947130035.81
0,1,1,0,3,43.26892,1479947130836.64,45.80249,1479947133370
0,1,1,0,1,45.70227,1479947133270.2,48.26917,1479947135836.73
1,201.85890,0.89712,0,48.94006,1479947136538.79
0,1,1,0,3,48.16931,1479947135736.67,50.70264,1479947141070.32
