%Recollect Version 2.0. Scene/Level: nback2_intro, Game Number: 111
%Note: All true/false values are represented as "1" and "0" respectively.
%Damage:1,Player X Position,Player Y Position,Hearts Left,Time (Relative),Time (Absolute)
%NBackObject:0,Current N Level,Is Correct,Should Be Picked Up,Type,Time of Reveal (R),Time of Reveal (A),Time of Death (R),Time of Death (A)
%Possible values for "Type":Blue=0,Yellow=1,Green=2,Pink=3,White=4,Gray=5,Brown=6,Purple=7,None=8,
0,3,1,0,6,0.06787,1479245075360.59,1.39996,1479245076683.53
0,3,1,0,5,1.33325,1479245076616.19,3.86749,1479245079150.89
0,3,1,0,7,3.76666,1479245079050.41,6.30017,1479245081583.7
0,3,1,0,1,6.20020,1479245081483.63,8.76697,1479245084050.46
0,3,1,1,5,8.66705,1479245083950.48,10.35809,1479245085653.08
0,3,0,0,2,11.10040,1479245086383.94,12.73810,1479245088050.2
0,2,0,1,1,13.56726,1479245088850.5,16.10077,1479245091388.03
0,2,1,0,4,18.43420,1479245095750.74,20.96765,1479245098284.35
0,2,0,0,0,20.90100,1479245098217.8,22.47809,1479245099817.37
0,1,0,0,5,23.37549,1479245100693.03,25.05811,1479245102386.25
0,1,1,0,0,28.33466,1479245107684.58,30.86810,1479245110218.28
0,1,1,1,0,30.76819,1479245110118.32,32.79810,1479245112151.87
0,1,0,0,6,33.13495,1479245112484.87,34.65808,1479245114019.87
1,147.00370,0.79735,2,35.23810,1479245114617.9
0,1,0,1,6,35.60547,1479245114955.55,38.16895,1479245117519.51
0,1,1,1,6,38.10187,1479245117452,39.59808,1479245118953.09
0,1,1,0,1,40.56873,1479245119918.93,43.10217,1479245122452.59
1,182.04450,0.79735,1,43.99811,1479245123352.67
0,1,0,1,1,42.96881,1479245122318.74,45.50232,1479245124853.09
0,1,0,0,2,45.43561,1479245124785.74,47.05811,1479245126419.23
0,1,1,0,0,47.90247,1479245127252.62,50.40271,1479245129753.19
0,1,1,1,0,50.33594,1479245129685.77,51.97809,1479245131352.57
0,1,1,0,2,52.96936,1479245132319.38,55.50281,1479245134853.44
1,228.39160,0.80256,0,55.57813,1479245134952.97
