%Recollect Version 2.0. Scene/Level: nback2_intro, Game Number: 193
%Note: All true/false values are represented as "1" and "0" respectively.
%Damage:1,Player X Position,Player Y Position,Hearts Left,Time (Relative),Time (Absolute)
%NBackObject:0,Current N Level,Is Correct,Should Be Picked Up,Type,Time of Reveal (R),Time of Reveal (A),Time of Death (R),Time of Death (A)
%Possible values for "Type":Blue=0,Yellow=1,Green=2,Pink=3,White=4,Gray=5,Brown=6,Purple=7,None=8,
0,3,1,0,7,0.04944,1479947228180.23,1.40002,1479947229525.44
0,3,1,0,5,1.33350,1479947229458.36,3.86682,1479947231991.4
0,3,1,0,6,3.76709,1479947231892.55,6.30029,1479947234425.33
0,3,1,0,5,6.20044,1479947234325.51,8.73377,1479947236859.03
0,3,0,0,2,8.63379,1479947236758.93,10.24768,1479947238395.06
0,2,0,0,7,11.10107,1479947239226.18,13.16772,1479947241328.96
0,2,0,0,6,15.96741,1479947246125.55,18.22766,1479947248392.83
0,1,0,0,6,18.43420,1479947248592.93,19.90771,1479947250093.85
0,1,1,0,0,23.33472,1479947255526.29,25.86816,1479947258059.96
0,1,1,0,1,25.86816,1479947258059.62,28.40186,1479947260593.33
0,1,1,0,2,28.33496,1479947260526.84,30.83508,1479947263026.62
0,1,1,0,4,30.73511,1479947262927.62,33.26843,1479947265460.3
0,1,0,0,2,33.13525,1479947265327.1,34.72766,1479947266926.77
0,1,1,0,7,35.56873,1479947267760.08,38.13550,1479947270327.88
0,1,1,0,1,38.06921,1479947270260.85,40.63586,1479947272827.6
0,1,1,0,3,40.53564,1479947272727.28,43.06909,1479947275260.85
0,1,1,1,3,42.96912,1479947275160.58,44.86768,1479947277061.03
0,1,0,0,4,45.43604,1479947277627.53,47.02771,1479947279227.73
0,1,1,0,7,47.86951,1479947280061.22,50.40283,1479947282594.28
0,1,0,0,4,50.33618,1479947282528.07,51.92773,1479947284128.61
1,220.34000,0.77954,2,53.54773,1479947285762.21
0,1,1,1,4,52.93628,1479947285127.81,54.56775,1479947286761.4
0,1,1,1,4,55.37000,1479947287561.58,56.96777,1479947289161.64
0,1,0,0,0,57.80347,1479947289995.14,59.94775,1479947292161.55
1,250.02070,0.77492,1,60.96777,1479947293164.18
0,1,0,0,5,60.23816,1479947292430.51,61.96777,1479947294161.84
1,254.82080,0.83216,0,62.16772,1479947294361.79
0,1,1,0,2,62.67053,1479947294861.85,65.23596,1479947298662.04
