%Recollect Version 2.0. Scene/Level: nback0_inter, Game Number: 072
%Note: All true/false values are represented as "1" and "0" respectively.
%Damage:1,Player X Position,Player Y Position,Hearts Left,Time (Relative),Time (Absolute)
%NBackObject:0,Current N Level,Is Correct,Should Be Picked Up,Type,Time of Reveal (R),Time of Reveal (A),Time of Death (R),Time of Death (A)
%Possible values for "Type":Orange=0,Green=1,Purple=2,Blue=3,White=4,None=5,
0,2,1,0,0,1.13336,1478300188689.76,3.66681,1478300191223.59
0,2,1,0,2,3.63355,1478300191190.97,6.16699,1478300193724.92
0,2,1,0,3,6.13367,1478300193689.72,8.66718,1478300196223.39
0,2,1,0,0,8.63367,1478300196190.65,11.16730,1478300198724.27
0,2,1,0,0,10.90057,1478300198455.87,13.43414,1478300200990.6
0,2,1,0,4,13.40076,1478300200955.91,15.93427,1478300203490.6
0,2,0,0,4,15.90106,1478300203456.69,18.08209,1478300205658.03
0,2,1,0,2,18.40100,1478300205956.04,20.93445,1478300208489.94
0,2,1,0,0,20.63452,1478300208190.86,23.16797,1478300210723.58
0,1,0,1,2,23.13458,1478300210692.37,25.66803,1478300213228.03
1,112.52780,0.45505,2,26.62207,1478300216226.12
0,1,1,0,4,28.13428,1478300217723.43,30.66779,1478300220257.65
0,1,1,0,0,30.63440,1478300220223.51,33.16791,1478300222757.25
1,142.20850,0.52519,1,34.04211,1478300223655.56
0,1,1,1,0,33.13458,1478300222724.48,34.90210,1478300224522.71
0,1,1,1,0,35.36798,1478300224957.24,37.08209,1478300226690.24
0,1,1,0,2,37.86816,1478300227458.06,40.40167,1478300229990.65
0,1,1,0,3,40.36835,1478300229958.78,42.90173,1478300232491.12
0,1,1,0,1,42.86847,1478300232458.62,45.40198,1478300234991.08
0,2,1,1,1,45.13531,1478300234724.65,46.82208,1478300236426.45
0,2,1,0,3,50.06879,1478300241692.04,52.60229,1478300244226.21
1,217.89020,0.75484,0,52.96210,1478300244592.73
0,2,1,0,3,52.56897,1478300244191.64,55.10248,1478300248026.13
