%Recollect Version 2.3, Session: 2
%EventNumber,EventType,Data1,Data2,iPadTime,UnixTimeMS
%EventType {0=StartMode, 1=BlockBegin, 2=BlockEnd, 3=StimulusPresented, 4=StimulusInteraction, 5=StimulusTimedOut, 6=Heartbeat, 7=DamageTaken, 8=AssessmentBegin, 9=AssessmentEnd, 10=BreakBegin, 11=BreakEnd}
%EventData Breakout:
%  StartMode {Data1=SessionNumber, Data2=GameMode}
%  BlockBegin {Data1=BlockNumber, Data2=NLevel}
%  BlockEnd {Data1=BlockNumber, Data2=NLevel}
%  StimulusPresented {Data1=TrialType, Data2=Color}
%  StimulusInteraction {Data1=TrialType, Data2=CorrectResponse}
%  StimulusTimedOut {Data1=TrialType, Data2=CorrectResponse}
%  Heartbeat {Data1=Enumeration, Data2=-}
%  DamageTaken {Data1=LivesRemaining, Data2=-}
%  AssessmentBegin {Data1=AssessmentNumber, Data2=-}
%  AssessmentEnd {Data1=AssessmentNumber, Data2=-}
%  BreakBegin {Data1=SessionNumber, Data2=-}
%  BreakEnd {Data1=SessionNumber, Data2=-}
%AssessmentNumber {0=MatrixReasoning, 1=LetterNumberTask, 2=SymmetrySpan, 3=CancellationTask, 4=Break, 5=CorsiBlocks, 6=NearTransfer, 7=DogsAndMonkeys}
%GameMode {0=Recollect, 1=LameBack, 2=Assessments}
0,6,0,-1,19622,1488419445408
1,6,1,-1,29623,1488419455409
2,6,2,-1,39623,1488419465409
3,6,3,-1,49624,1488419475410
4,6,4,-1,59624,1488419485410
5,0,2,0,62391,1488419488178
6,1,0,2,66511,1488419496258
7,3,3,5,67645,1488419497330
8,6,5,-1,69645,1488419499329
9,5,3,1,70145,1488419499829
10,3,3,0,70645,1488419500330
11,5,3,1,73145,1488419502829
12,3,0,7,73645,1488419503330
13,5,0,1,76145,1488419505830
14,3,0,2,76646,1488419506330
15,5,0,1,79145,1488419508830
16,6,6,-1,79646,1488419509330
17,3,1,7,79646,1488419509334
18,4,1,1,80612,1488419510301
19,5,1,1,82146,1488419511830
20,3,2,0,82646,1488419512330
21,5,2,1,85146,1488419514830
22,3,1,7,85646,1488419515330
23,4,1,1,86346,1488419516032
24,5,1,1,88146,1488419517830
25,3,0,1,88646,1488419518331
26,6,7,-1,89646,1488419519330
27,5,0,1,91146,1488419520830
28,3,0,6,91646,1488419521331
29,5,0,1,94147,1488419523831
30,3,0,2,94646,1488419524331
31,5,0,1,97146,1488419526831
32,3,2,2,97646,1488419527332
33,6,8,-1,99647,1488419529331
34,5,2,1,100147,1488419529831
35,3,2,6,100647,1488419530331
36,5,2,1,103147,1488419532831
37,3,1,2,103647,1488419533331
38,4,1,1,104313,1488419533999
39,5,1,1,106147,1488419535831
40,3,1,6,106647,1488419536332
41,4,1,1,107314,1488419536999
42,5,1,1,109148,1488419538833
43,6,9,-1,109647,1488419539332
44,3,0,0,109647,1488419539335
45,5,0,1,112147,1488419541832
46,3,2,2,112647,1488419542332
47,5,2,1,115147,1488419544832
48,3,2,2,115647,1488419545332
49,5,2,1,118148,1488419547826
50,3,1,2,118649,1488419548326
51,4,1,1,119215,1488419548890
52,6,10,-1,119648,1488419549321
53,5,1,1,121148,1488419550820
54,3,2,0,121648,1488419551320
55,5,2,1,124148,1488419553820
56,3,0,7,124648,1488419554320
57,5,0,1,127148,1488419556820
58,3,0,3,127648,1488419557321
59,6,11,-1,129648,1488419559320
60,5,0,1,130148,1488419559820
61,3,2,2,130648,1488419560320
62,5,2,1,133149,1488419562820
63,3,1,3,133648,1488419563321
64,4,1,1,134149,1488419563822
65,5,1,1,136149,1488419565820
66,3,1,2,136649,1488419566321
67,4,1,1,137282,1488419566956
68,5,1,1,139149,1488419568821
69,6,12,-1,139649,1488419569320
70,3,0,5,139649,1488419569323
71,5,0,1,142149,1488419571821
72,3,0,6,142649,1488419572321
73,5,0,1,145149,1488419574821
74,3,1,5,145649,1488419575321
75,4,1,1,146249,1488419575922
76,5,1,1,148149,1488419577821
77,3,0,0,148650,1488419578322
78,6,13,-1,149649,1488419579322
79,5,0,1,151149,1488419580821
80,3,1,5,151650,1488419581322
81,4,1,1,152383,1488419582056
82,5,1,1,154150,1488419583821
83,3,2,6,154650,1488419584322
84,5,2,1,157150,1488419586821
85,3,1,5,157650,1488419587322
86,4,1,1,158150,1488419587823
87,6,14,-1,159650,1488419589322
88,5,1,1,160150,1488419589822
89,3,0,4,160650,1488419590322
90,5,0,1,163150,1488419592822
91,3,1,5,163650,1488419593322
92,4,1,1,164284,1488419593957
93,5,1,1,166150,1488419595822
94,3,2,5,166651,1488419596323
95,5,2,1,169151,1488419598823
96,6,15,-1,169651,1488419599322
97,3,2,4,169651,1488419599326
98,4,2,0,170484,1488419600157
99,5,2,0,172151,1488419601823
100,3,2,4,172651,1488419602323
101,4,2,0,174484,1488419604158
102,5,2,0,175151,1488419604823
103,3,0,1,175651,1488419605323
104,5,0,1,178151,1488419607823
105,3,1,4,178651,1488419608323
106,4,1,1,179318,1488419608991
107,6,16,-1,179651,1488419609323
108,5,1,1,181151,1488419610823
109,3,0,6,181651,1488419611323
110,5,0,1,184154,1488419613825
111,3,0,2,184651,1488419614324
112,5,0,1,187152,1488419616823
113,3,2,1,187651,1488419617323
114,6,17,-1,189652,1488419619324
115,5,2,1,190152,1488419619823
116,3,0,3,190652,1488419620324
117,5,0,1,193153,1488419622825
118,2,0,3,196853,1488419628559
119,1,1,3,197187,1488419638845
120,3,3,0,198320,1488419639925
121,6,18,-1,199653,1488419641258
122,5,3,1,200820,1488419642424
123,3,3,2,201320,1488419642925
124,5,3,1,203820,1488419645425
125,3,3,3,204320,1488419645925
126,5,3,1,206820,1488419648425
127,3,0,7,207321,1488419648927
128,6,19,-1,209654,1488419651258
129,5,0,1,209821,1488419651427
130,3,2,3,210321,1488419651926
131,4,2,0,212188,1488419653794
132,5,2,0,212821,1488419654425
133,3,1,3,213321,1488419654926
134,4,1,1,214054,1488419655660
135,5,1,1,215821,1488419657426
136,3,0,1,216321,1488419657926
137,5,0,1,218821,1488419660426
138,3,2,7,219321,1488419660926
139,6,20,-1,219654,1488419661259
140,4,2,0,220154,1488419661760
141,5,2,0,221821,1488419663426
142,3,1,3,222321,1488419663927
143,4,1,1,222955,1488419664560
144,5,1,1,224821,1488419666426
145,3,0,4,225321,1488419666926
146,5,0,1,227822,1488419669426
147,3,0,5,228322,1488419669927
148,4,0,0,229222,1488419670828
149,6,21,-1,229655,1488419671259
150,5,0,0,230822,1488419672427
151,3,1,3,231322,1488419672927
152,4,1,1,232722,1488419674328
153,5,1,1,233822,1488419675426
154,3,0,2,234322,1488419675927
155,5,0,1,236822,1488419678427
156,3,0,6,237323,1488419678928
157,6,22,-1,239656,1488419681260
158,5,0,1,239822,1488419681428
159,3,1,3,240323,1488419681927
160,4,1,1,241423,1488419683031
161,5,1,1,242822,1488419684427
162,3,2,5,243322,1488419684928
163,4,2,0,244423,1488419686030
164,5,2,0,245823,1488419687428
165,3,0,0,246322,1488419687928
166,5,0,1,248823,1488419690427
167,3,2,0,249323,1488419690928
168,6,23,-1,249656,1488419691260
169,5,2,1,251823,1488419693428
170,3,1,5,252323,1488419693928
171,4,1,1,253290,1488419694896
172,5,1,1,254823,1488419696428
173,3,1,0,255323,1488419696928
174,4,1,1,256224,1488419697829
175,5,1,1,257823,1488419699428
176,3,1,0,258323,1488419699928
177,4,1,1,258923,1488419700530
178,6,24,-1,259657,1488419701262
179,5,1,1,260823,1488419702428
180,3,2,0,261324,1488419702929
181,5,2,1,263824,1488419705428
182,3,2,5,264324,1488419705930
183,4,2,0,266590,1488419708199
184,5,2,0,266824,1488419708429
185,3,2,5,267324,1488419708929
186,4,2,0,268557,1488419710163
187,6,25,-1,269657,1488419711262
188,5,2,0,269824,1488419711429
189,3,2,5,270324,1488419711929
190,4,2,0,271391,1488419712997
191,5,2,0,272824,1488419714429
192,3,1,5,273324,1488419714929
193,4,1,1,274224,1488419715830
194,5,1,1,275824,1488419717429
195,3,2,0,276324,1488419717929
196,5,2,1,278824,1488419720429
197,3,1,5,279325,1488419720930
198,6,26,-1,279658,1488419721262
199,4,1,1,280125,1488419721731
200,5,1,1,281825,1488419723429
201,3,2,0,282325,1488419723930
202,5,2,1,284825,1488419726429
203,3,1,0,285325,1488419726930
204,4,1,1,286025,1488419727631
205,5,1,1,287825,1488419729429
206,3,1,5,288325,1488419729930
207,4,1,1,288958,1488419730565
208,6,27,-1,289658,1488419731262
209,5,1,1,290825,1488419732430
210,3,1,0,291325,1488419732930
211,4,1,1,292625,1488419734231
212,5,1,1,293825,1488419735430
213,3,0,3,294325,1488419735930
214,5,0,1,296825,1488419738430
215,3,2,0,297326,1488419738931
216,6,28,-1,299659,1488419741263
217,5,2,1,299826,1488419741430
218,3,0,1,300326,1488419741931
219,5,0,1,302826,1488419744430
220,3,0,6,303326,1488419744931
221,5,0,1,305826,1488419747431
222,3,0,4,306326,1488419747931
223,4,0,0,306959,1488419748565
224,5,0,0,308827,1488419750432
225,3,0,2,309326,1488419750933
226,6,29,-1,309660,1488419751264
227,4,0,0,310326,1488419751933
228,5,0,0,311826,1488419753431
229,3,0,7,312326,1488419753931
230,5,0,1,314826,1488419756431
231,3,0,3,315326,1488419756931
232,5,0,1,317827,1488419759431
233,3,0,5,318327,1488419759932
234,6,30,-1,319660,1488419761265
235,5,0,1,320827,1488419762432
236,3,0,0,321327,1488419762932
237,5,0,1,323827,1488419765432
238,3,2,0,324327,1488419765932
239,5,2,1,326827,1488419768432
240,6,31,-1,329661,1488419773300
241,2,1,2,330528,1488419774168
242,1,2,2,330894,1488419778708
243,3,3,6,332044,1488419779799
244,5,3,1,334545,1488419782299
245,3,3,3,335045,1488419782800
246,5,3,1,337545,1488419785300
247,3,2,3,338045,1488419785800
248,6,32,-1,339678,1488419787433
249,5,2,1,340545,1488419788300
250,3,1,3,341045,1488419788800
251,4,1,1,341545,1488419789301
252,5,1,1,343545,1488419791300
253,3,0,0,344045,1488419791800
254,5,0,1,346546,1488419794301
255,3,2,0,347046,1488419794801
256,5,2,1,349546,1488419797300
257,6,33,-1,349679,1488419797433
258,3,1,0,350045,1488419797800
259,4,1,1,350579,1488419798335
260,5,1,1,352546,1488419800300
261,3,0,5,353046,1488419800801
262,5,0,1,355546,1488419803300
263,3,1,0,356046,1488419803801
264,4,1,1,356779,1488419804535
265,5,1,1,358546,1488419806301
266,3,2,0,359046,1488419806801
267,6,34,-1,359679,1488419807433
268,5,2,1,361546,1488419809300
269,3,1,0,362046,1488419809801
270,4,1,1,362613,1488419810368
271,5,1,1,364546,1488419812301
272,3,2,5,365046,1488419812802
273,5,2,1,367546,1488419815301
274,3,2,5,368046,1488419815801
275,6,35,-1,369680,1488419817434
276,5,2,1,370547,1488419818301
277,3,1,5,371047,1488419818802
278,4,1,1,371713,1488419819469
279,5,1,1,373547,1488419821302
280,3,0,3,374047,1488419821802
281,5,0,1,376547,1488419824301
282,3,0,0,377047,1488419824802
283,5,0,1,379547,1488419827302
284,6,36,-1,379680,1488419827435
285,3,1,3,380047,1488419827802
286,4,1,1,380681,1488419828437
287,5,1,1,382547,1488419830302
288,3,0,4,383047,1488419830802
289,5,0,1,385547,1488419833302
290,3,2,4,386048,1488419833803
291,5,2,1,388548,1488419836302
292,3,1,4,389048,1488419836803
293,4,1,1,389581,1488419837337
294,6,37,-1,389681,1488419837435
295,5,1,1,391548,1488419839303
296,3,0,5,392048,1488419839804
297,5,0,1,394548,1488419842303
298,3,0,0,395048,1488419842803
299,5,0,1,397548,1488419845303
300,3,2,4,398048,1488419845803
301,6,38,-1,399682,1488419847436
302,4,2,0,399950,1488419847706
303,5,2,0,400549,1488419848303
304,3,2,4,401049,1488419848804
305,4,2,0,401715,1488419849472
306,5,2,0,403548,1488419851303
307,3,1,4,404048,1488419851803
308,4,1,1,404649,1488419852405
309,5,1,1,406549,1488419854303
310,3,1,4,407049,1488419854804
311,4,1,1,407682,1488419855438
312,5,1,1,409549,1488419857303
313,6,39,-1,409682,1488419857437
314,3,0,3,410049,1488419857804
315,5,0,1,412549,1488419860303
316,3,2,3,413049,1488419860804
317,5,2,1,415550,1488419863304
318,3,0,2,416049,1488419863804
319,5,0,1,418550,1488419866305
320,3,0,7,419050,1488419866804
321,6,40,-1,419683,1488419867438
322,5,0,1,421549,1488419869304
323,3,0,0,422050,1488419869805
324,5,0,1,424550,1488419872304
325,3,1,7,425051,1488419872805
326,4,1,1,425716,1488419873472
327,5,1,1,427550,1488419875304
328,3,2,2,428050,1488419875805
329,6,41,-1,429683,1488419877438
330,5,2,1,430550,1488419878305
331,3,0,4,431050,1488419878805
332,5,0,1,433550,1488419881305
333,3,0,3,434050,1488419881805
334,5,0,1,436550,1488419884305
335,3,0,0,437050,1488419884805
336,5,0,1,439551,1488419887306
337,6,42,-1,439684,1488419887439
338,3,2,2,440051,1488419887805
339,5,2,1,442551,1488419890305
340,3,1,0,443051,1488419890806
341,4,1,1,443751,1488419891507
342,5,1,1,445552,1488419893306
343,3,1,2,446051,1488419893806
344,4,1,1,446651,1488419894407
345,5,1,1,448551,1488419896306
346,3,0,1,449051,1488419896807
347,6,43,-1,449684,1488419897439
348,5,0,1,451551,1488419899306
349,3,0,7,452051,1488419899806
350,5,0,1,454551,1488419902306
351,3,0,4,455051,1488419902807
352,5,0,1,457552,1488419905306
353,6,44,-1,459685,1488419909473
354,2,2,3,461252,1488419911042
355,1,3,3,461618,1488419915130
356,3,3,6,462768,1488419916223
357,5,3,1,465269,1488419918724
358,3,3,7,465769,1488419919225
359,5,3,1,468269,1488419921724
360,3,3,4,468769,1488419922224
361,6,45,-1,469702,1488419923157
362,5,3,1,471270,1488419924725
363,3,0,0,471769,1488419925224
364,5,0,1,474269,1488419927724
365,3,0,2,474769,1488419928224
366,5,0,1,477270,1488419930724
367,3,2,0,477769,1488419931225
368,4,2,0,478336,1488419931793
369,6,46,-1,479703,1488419933157
370,5,2,0,480269,1488419933724
371,3,0,5,480769,1488419934225
372,5,0,1,483270,1488419936724
373,3,0,6,483770,1488419937225
374,4,0,0,484570,1488419938026
375,5,0,0,486270,1488419939725
376,3,2,6,486770,1488419940225
377,5,2,1,489270,1488419942725
378,6,47,-1,489703,1488419943158
379,3,0,3,489770,1488419943226
380,5,0,1,492270,1488419945725
381,3,0,2,492770,1488419946225
382,4,0,0,493570,1488419947027
383,5,0,0,495270,1488419948725
384,3,2,3,495770,1488419949226
385,4,2,0,496904,1488419950360
386,5,2,0,498271,1488419951725
387,3,1,3,498770,1488419952226
388,4,1,1,499704,1488419953160
389,6,48,-1,499704,1488419953165
390,5,1,1,501271,1488419954725
391,3,2,3,501771,1488419955227
392,5,2,1,504271,1488419957726
393,3,2,2,504771,1488419958226
394,4,2,0,505838,1488419959294
395,5,2,0,507271,1488419960726
396,3,1,3,507771,1488419961226
397,4,1,1,508704,1488419962161
398,6,49,-1,509704,1488419963159
399,5,1,1,510271,1488419963726
400,3,0,6,510771,1488419964226
401,4,0,0,511638,1488419965094
402,5,0,0,513271,1488419966726
403,3,1,2,513771,1488419967227
404,4,1,1,514872,1488419968329
405,5,1,1,516271,1488419969727
406,3,1,3,516772,1488419970227
407,4,1,1,518405,1488419971861
408,5,1,1,519272,1488419972727
409,6,50,-1,519705,1488419973159
410,3,1,6,519772,1488419973228
411,4,1,1,520708,1488419974165
412,5,1,1,522272,1488419975727
413,3,1,2,522772,1488419976227
414,4,1,1,524209,1488419977666
415,5,1,1,525272,1488419978728
416,3,0,4,525772,1488419979227
417,5,0,1,528273,1488419981727
418,3,0,5,528772,1488419982227
419,6,51,-1,529706,1488419983160
420,5,0,1,531272,1488419984727
421,3,2,3,531773,1488419985228
422,4,2,0,532373,1488419985829
423,5,2,0,534272,1488419987727
424,3,1,4,534773,1488419988228
425,4,1,1,535439,1488419988896
426,5,1,1,537240,1488419990695
427,3,2,4,537773,1488419991228
428,6,52,-1,539706,1488419993161
429,5,2,1,540273,1488419993728
430,3,1,3,540740,1488419994195
431,4,1,1,542274,1488419995730
432,5,1,1,543240,1488419996695
433,3,0,6,543740,1488419997195
434,4,0,0,544673,1488419998129
435,5,0,0,546240,1488419999695
436,3,1,4,546740,1488420000195
437,4,1,1,548007,1488420001463
438,5,1,1,549240,1488420002695
439,6,53,-1,549707,1488420003161
440,3,2,4,549740,1488420003195
441,5,2,1,552241,1488420005695
442,3,0,2,552740,1488420006195
443,5,0,1,555240,1488420008695
444,3,0,5,555740,1488420009196
445,4,0,0,557574,1488420011030
446,5,0,0,558240,1488420011695
447,3,0,0,558741,1488420012196
448,6,54,-1,559707,1488420013162
449,5,0,1,561241,1488420014696
450,3,2,4,561741,1488420015196
451,4,2,0,562508,1488420015964
452,5,2,0,564241,1488420017696
453,3,1,5,564741,1488420018197
454,4,1,1,565508,1488420018964
455,5,1,1,567241,1488420020696
456,3,1,0,567741,1488420021196
457,4,1,1,568875,1488420022331
458,6,55,-1,569708,1488420023163
459,5,1,1,570242,1488420023696
460,3,0,7,570741,1488420024197
461,5,0,1,573241,1488420026697
462,3,1,5,573742,1488420027197
463,4,1,1,574441,1488420027898
464,5,1,1,576241,1488420029696
465,3,2,5,576741,1488420030197
466,5,2,1,579242,1488420032697
467,6,56,-1,579709,1488420033164
468,3,2,5,579742,1488420033197
469,4,2,0,580475,1488420033931
470,5,2,0,582242,1488420035697
471,3,0,2,582742,1488420036198
472,5,0,1,585276,1488420038730
473,3,0,3,585775,1488420039230
474,5,0,1,588276,1488420041730
475,3,2,3,588776,1488420042231
476,4,2,0,589642,1488420043099
477,6,57,-1,589710,1488420045198
478,5,2,0,591276,1488420046764
479,2,3,2,593343,1488420048833
480,1,4,2,593708,1488420052419
481,3,3,4,594825,1488420053482
482,5,3,1,597325,1488420055981
483,3,3,0,597825,1488420056482
484,6,58,-1,599725,1488420058381
485,5,3,1,600325,1488420058981
486,3,1,4,600826,1488420059482
487,4,1,1,601292,1488420059950
488,5,1,1,603325,1488420061982
489,3,1,0,603825,1488420062482
490,4,1,1,604259,1488420062916
491,5,1,1,606326,1488420064982
492,3,2,0,606826,1488420065482
493,5,2,1,609326,1488420067982
494,6,59,-1,609726,1488420068382
495,3,0,3,609826,1488420068483
496,5,0,1,612326,1488420070982
497,3,2,3,612826,1488420071483
498,5,2,1,615326,1488420073983
499,3,1,3,615826,1488420074483
500,4,1,1,616426,1488420075085
501,5,1,1,618326,1488420076984
502,3,0,7,618826,1488420077484
503,6,60,-1,619726,1488420078382
504,5,0,1,621326,1488420079983
505,3,0,1,621826,1488420080483
506,5,0,1,624327,1488420082983
507,3,0,2,624827,1488420083483
508,5,0,1,627327,1488420085983
509,3,0,0,627827,1488420086483
510,6,61,-1,629727,1488420088383
511,5,0,1,630327,1488420088983
512,3,1,2,630827,1488420089483
513,4,1,1,631660,1488420090318
514,5,1,1,633327,1488420091983
515,3,2,1,633827,1488420092484
516,5,2,1,636327,1488420094984
517,3,0,6,636827,1488420095484
518,5,0,1,639327,1488420097984
519,6,62,-1,639727,1488420098384
520,3,0,4,639827,1488420098484
521,5,0,1,642328,1488420100984
522,3,1,6,642828,1488420101484
523,4,1,1,643494,1488420102152
524,5,1,1,645328,1488420103984
525,3,2,1,645828,1488420104484
526,5,2,1,648328,1488420106984
527,3,2,1,648828,1488420107485
528,6,63,-1,649728,1488420108384
529,5,2,1,651328,1488420109984
530,3,2,4,651828,1488420110485
531,5,2,1,654328,1488420112985
532,3,0,5,654828,1488420113485
533,5,0,1,657329,1488420115985
534,3,0,7,657829,1488420116485
535,6,64,-1,659729,1488420118385
536,5,0,1,660329,1488420118985
537,3,2,1,660829,1488420119485
538,5,2,1,663329,1488420121985
539,3,0,3,663829,1488420122486
540,5,0,1,666329,1488420124985
541,3,2,5,666829,1488420125485
542,5,2,1,669329,1488420127985
543,6,65,-1,669729,1488420128385
544,3,0,4,669829,1488420128487
545,5,0,1,672329,1488420130986
546,3,0,7,672829,1488420131486
547,4,0,0,673630,1488420132287
548,5,0,0,675329,1488420133986
549,3,1,4,675829,1488420134486
550,4,1,1,676530,1488420135187
551,5,1,1,678330,1488420136986
552,3,1,7,678830,1488420137487
553,4,1,1,679463,1488420138121
554,6,66,-1,679730,1488420138386
555,5,1,1,681330,1488420139986
556,3,0,0,681830,1488420140487
557,5,0,1,684330,1488420142986
558,3,1,7,684830,1488420143487
559,4,1,1,685798,1488420144455
560,5,1,1,687330,1488420145987
561,3,1,0,687830,1488420146487
562,4,1,1,688430,1488420147088
563,6,67,-1,689730,1488420148386
564,5,1,1,690330,1488420148986
565,3,0,4,690832,1488420149489
566,5,0,1,693331,1488420151987
567,3,0,5,693831,1488420152488
568,5,0,1,696331,1488420154987
569,3,1,4,696831,1488420155487
570,4,1,1,697531,1488420156189
571,5,1,1,699331,1488420157987
572,6,68,-1,699731,1488420158387
573,3,1,5,699831,1488420158488
574,4,1,1,701131,1488420159788
575,5,1,1,702364,1488420161020
576,3,2,5,702864,1488420161521
577,5,2,1,705365,1488420164021
578,3,2,4,705865,1488420164521
579,5,2,1,708365,1488420167021
580,3,1,5,708865,1488420167521
581,4,1,1,709565,1488420168223
582,6,69,-1,709731,1488420168387
583,5,1,1,711365,1488420170021
584,3,2,5,711865,1488420170522
585,5,2,1,714365,1488420173021
586,3,0,1,714865,1488420173522
587,5,0,1,717365,1488420176021
588,3,2,4,717865,1488420176522
589,6,70,-1,719732,1488420178388
590,5,2,1,720365,1488420179021
591,2,4,3,724099,1488420184790
592,1,5,3,724465,1488420188093
593,3,3,0,725582,1488420189156
594,5,3,1,728082,1488420191655
595,3,3,7,728582,1488420192156
596,6,71,-1,729749,1488420193322
597,5,3,1,731082,1488420194656
598,3,3,4,731582,1488420195156
599,5,3,1,734083,1488420197656
600,3,2,4,734583,1488420198157
601,5,2,1,737083,1488420200656
602,3,2,4,737583,1488420201156
603,6,72,-1,739750,1488420203323
604,5,2,1,740083,1488420203656
605,3,0,0,740583,1488420204157
606,5,0,1,743083,1488420206657
607,3,1,4,743583,1488420207157
608,4,1,1,744550,1488420208125
609,5,1,1,746083,1488420209656
610,3,0,6,746583,1488420210157
611,5,0,1,749083,1488420212657
612,3,1,0,749583,1488420213157
613,6,73,-1,749750,1488420213323
614,4,1,1,750417,1488420213991
615,5,1,1,752084,1488420215658
616,3,0,3,752584,1488420216157
617,5,0,1,755084,1488420218657
618,3,2,4,755584,1488420219158
619,5,2,1,758084,1488420221657
620,3,2,6,758584,1488420222157
621,4,2,0,759384,1488420222959
622,6,74,-1,759751,1488420223325
623,5,2,0,761084,1488420224657
624,3,2,6,761584,1488420225158
625,5,2,1,764085,1488420227658
626,3,1,4,764584,1488420228158
627,4,1,1,765651,1488420229226
628,5,1,1,767084,1488420230658
629,3,2,3,767585,1488420231158
630,4,2,0,768384,1488420231959
631,6,75,-1,769751,1488420233325
632,5,2,0,770085,1488420233658
633,3,2,3,770585,1488420234158
634,5,2,1,773085,1488420236658
635,3,0,0,773585,1488420237158
636,5,0,1,776085,1488420239658
637,3,2,6,776585,1488420240159
638,5,2,1,779085,1488420242659
639,3,1,3,779585,1488420243159
640,6,76,-1,779752,1488420243325
641,4,1,1,780385,1488420243960
642,5,1,1,782085,1488420245660
643,3,0,1,782585,1488420246159
644,5,0,1,785085,1488420248659
645,3,2,3,785585,1488420249159
646,4,2,0,787086,1488420250661
647,5,2,0,788086,1488420251659
648,3,1,3,788586,1488420252159
649,4,1,1,789553,1488420253129
650,6,77,-1,789752,1488420253326
651,5,1,1,791086,1488420254659
652,3,1,1,791586,1488420255160
653,4,1,1,792519,1488420256094
654,5,1,1,794086,1488420257660
655,3,1,3,794586,1488420258160
656,4,1,1,795253,1488420258828
657,5,1,1,797086,1488420260660
658,3,0,7,797586,1488420261160
659,6,78,-1,799753,1488420263327
660,5,0,1,800086,1488420263659
661,3,0,5,800586,1488420264160
662,5,0,1,803086,1488420266660
663,3,0,4,803586,1488420267160
664,4,0,0,804353,1488420267928
665,5,0,0,806087,1488420269660
666,3,0,2,806587,1488420270160
667,5,0,1,809087,1488420272660
668,3,1,5,809587,1488420273161
669,6,79,-1,809753,1488420273326
670,4,1,1,810420,1488420273996
671,5,1,1,812087,1488420275660
672,3,0,3,812587,1488420276161
673,5,0,1,815087,1488420278661
674,3,1,2,815587,1488420279161
675,4,1,1,816521,1488420280096
676,5,1,1,818088,1488420281661
677,3,2,2,818587,1488420282161
678,6,80,-1,819754,1488420283328
679,5,2,1,821087,1488420284660
680,3,2,2,821588,1488420285161
681,5,2,1,824088,1488420287661
682,3,1,2,824588,1488420288161
683,4,1,1,825421,1488420288996
684,5,1,1,827088,1488420290661
685,3,0,5,827588,1488420291162
686,6,81,-1,829755,1488420293327
687,5,0,1,830088,1488420293663
688,3,0,7,830588,1488420294162
689,5,0,1,833122,1488420296695
690,3,0,0,833621,1488420297195
691,5,0,1,836122,1488420299695
692,3,1,5,836622,1488420300195
693,5,1,0,839122,1488420302695
694,3,1,7,839622,1488420303196
695,6,82,-1,839755,1488420303328
696,4,1,1,840725,1488420304300
697,5,1,1,842122,1488420305695
698,3,0,1,842622,1488420306196
699,4,0,0,843422,1488420306997
700,5,0,0,845123,1488420308696
701,3,0,6,845622,1488420309196
702,5,0,1,848122,1488420311696
703,3,0,2,848623,1488420312196
704,4,0,0,849523,1488420313097
705,6,83,-1,849756,1488420313329
706,5,0,0,851122,1488420314696
707,3,2,7,851623,1488420315197
708,4,2,0,852490,1488420316065
709,5,2,0,854123,1488420319729
710,2,5,2,856223,1488420321832
711,1,6,2,856556,1488420325445
712,3,3,7,857689,1488420326515
713,6,84,-1,859789,1488420328613
714,5,3,1,860189,1488420329013
715,3,3,5,860689,1488420329515
716,5,3,1,863189,1488420332014
717,3,1,7,863689,1488420332514
718,4,1,1,864289,1488420333115
719,5,1,1,866189,1488420335014
720,3,0,6,866689,1488420335514
721,5,0,1,869190,1488420338015
722,3,0,4,869689,1488420338514
723,6,85,-1,869790,1488420338614
724,5,0,1,872189,1488420341014
725,3,0,0,872690,1488420341516
726,5,0,1,875190,1488420344014
727,3,1,4,875690,1488420344514
728,4,1,1,876657,1488420345482
729,5,1,1,878190,1488420347015
730,3,2,6,878690,1488420347515
731,6,86,-1,879790,1488420348616
732,5,2,1,881190,1488420350014
733,3,2,6,881690,1488420350515
734,5,2,1,884190,1488420353015
735,3,0,1,884690,1488420353515
736,5,0,1,887190,1488420356015
737,3,2,1,887691,1488420356516
738,6,87,-1,889791,1488420358615
739,5,2,1,890191,1488420359015
740,3,2,6,890691,1488420359515
741,4,2,0,891291,1488420360117
742,5,2,0,893191,1488420362015
743,3,1,1,893691,1488420362515
744,4,1,1,894225,1488420363050
745,5,1,1,896191,1488420365015
746,3,1,6,896691,1488420365516
747,4,1,1,897258,1488420366084
748,5,1,1,899191,1488420368016
749,3,0,7,899691,1488420368516
750,6,88,-1,899792,1488420368616
751,5,0,1,902191,1488420371016
752,3,0,4,902691,1488420371516
753,5,0,1,905191,1488420374016
754,3,2,4,905692,1488420374517
755,5,2,1,908193,1488420377017
756,3,2,6,908691,1488420377516
757,6,89,-1,909825,1488420378649
758,5,2,1,911192,1488420380016
759,3,1,4,911692,1488420380517
760,4,1,1,912325,1488420381151
761,5,1,1,914192,1488420383017
762,3,2,4,914692,1488420383517
763,5,2,1,917192,1488420386016
764,3,1,4,917692,1488420386519
765,4,1,1,918292,1488420387120
766,6,90,-1,919826,1488420388650
767,5,1,1,920192,1488420389016
768,3,1,4,920693,1488420389517
769,4,1,1,921326,1488420390152
770,5,1,1,923193,1488420392018
771,3,0,6,923692,1488420392517
772,5,0,1,926193,1488420395017
773,3,1,4,926693,1488420395517
774,4,1,1,927259,1488420396085
775,5,1,1,929193,1488420398017
776,3,0,3,929693,1488420398518
777,6,91,-1,929826,1488420398651
778,5,0,1,932193,1488420401017
779,3,1,4,932693,1488420401518
780,4,1,1,933660,1488420402486
781,5,1,1,935193,1488420404017
782,3,2,6,935693,1488420404517
783,5,2,1,938193,1488420407017
784,3,1,4,938693,1488420407518
785,4,1,1,939493,1488420408319
786,6,92,-1,939827,1488420408652
787,5,1,1,941194,1488420410017
788,3,2,3,941694,1488420410519
789,4,2,0,942327,1488420411153
790,5,2,0,944194,1488420413017
791,3,1,4,944694,1488420413518
792,4,1,1,945861,1488420414687
793,5,1,1,947194,1488420416018
794,3,0,1,947694,1488420416518
795,6,93,-1,949827,1488420418651
796,5,0,1,950194,1488420419018
797,3,0,5,950694,1488420419518
798,5,0,1,953194,1488420422018
799,3,2,3,953694,1488420422519
800,5,2,1,956194,1488420425018
801,3,0,0,956694,1488420425519
802,5,0,1,959194,1488420428018
803,3,0,6,959694,1488420428519
804,6,94,-1,959828,1488420428653
805,5,0,1,962195,1488420431019
806,3,0,2,962695,1488420431519
807,5,0,1,965228,1488420434052
808,3,1,6,965728,1488420434554
809,4,1,1,966795,1488420435621
810,5,1,1,968228,1488420437053
811,3,0,3,968728,1488420437553
812,6,95,-1,969828,1488420438653
813,5,0,1,971228,1488420440053
814,3,0,5,971729,1488420440553
815,4,0,0,972862,1488420441688
816,5,0,0,974229,1488420443054
817,3,0,1,974729,1488420443553
818,4,0,0,975396,1488420444221
819,5,0,0,977229,1488420446053
820,3,2,1,977729,1488420446554
821,4,2,0,978429,1488420447255
822,6,96,-1,979829,1488420448653
823,5,2,0,980229,1488420449054
824,3,2,5,980729,1488420449554
825,5,2,1,983229,1488420452054
826,2,6,2,986930,1488420455756
827,1,7,2,987296,1488420461732
828,3,3,5,988429,1488420462805
829,6,97,-1,989830,1488420464206
830,5,3,1,990929,1488420465304
831,3,3,0,991429,1488420465805
832,5,3,1,993930,1488420468305
833,3,2,0,994430,1488420468805
834,5,2,1,996930,1488420471305
835,3,1,0,997430,1488420471805
836,4,1,1,997997,1488420472373
837,6,98,-1,999830,1488420474205
838,5,1,1,999931,1488420474306
839,3,1,0,1000430,1488420474805
840,4,1,1,1001063,1488420475440
841,5,1,1,1002930,1488420477305
842,3,0,5,1003430,1488420477806
843,5,0,1,1005931,1488420480305
844,3,2,5,1006430,1488420480806
845,5,2,1,1008930,1488420483305
846,3,2,0,1009431,1488420483806
847,6,99,-1,1009831,1488420484206
848,5,2,1,1011931,1488420486306
849,3,2,0,1012431,1488420486806
850,5,2,1,1014931,1488420489305
851,3,1,0,1015431,1488420489806
852,4,1,1,1016000,1488420490377
853,5,1,1,1017931,1488420492306
854,3,1,0,1018431,1488420492806
855,4,1,1,1019031,1488420493407
856,6,100,-1,1019831,1488420494206
857,5,1,1,1020932,1488420495306
858,3,0,1,1021431,1488420495807
859,5,0,1,1023931,1488420498306
860,3,0,2,1024431,1488420498807
861,5,0,1,1026932,1488420501306
862,3,0,3,1027432,1488420501807
863,6,101,-1,1029832,1488420504207
864,5,0,1,1029932,1488420504306
865,3,1,2,1030432,1488420504807
866,4,1,1,1031499,1488420505874
867,5,1,1,1032932,1488420507307
868,3,2,2,1033432,1488420507807
869,5,2,1,1035932,1488420510307
870,3,0,0,1036432,1488420510807
871,5,0,1,1038932,1488420513307
872,3,1,2,1039432,1488420513807
873,6,102,-1,1039832,1488420514207
874,4,1,1,1039999,1488420514375
875,5,1,1,1041932,1488420516307
876,3,0,7,1042432,1488420516808
877,5,0,1,1044933,1488420519307
878,3,0,5,1045433,1488420519808
879,5,0,1,1047933,1488420522308
880,3,0,6,1048433,1488420522808
881,6,103,-1,1049833,1488420524207
882,5,0,1,1050933,1488420525307
883,3,1,5,1051433,1488420525808
884,4,1,1,1052567,1488420526943
885,5,1,1,1053933,1488420528307
886,3,2,5,1054433,1488420528808
887,5,2,1,1056933,1488420531308
888,3,1,5,1057433,1488420531808
889,4,1,1,1058167,1488420532543
890,6,104,-1,1059833,1488420534208
891,5,1,1,1059933,1488420534308
892,3,0,0,1060433,1488420534808
893,5,0,1,1062934,1488420537308
894,3,1,5,1063434,1488420537808
895,4,1,1,1065334,1488420539710
896,5,1,1,1065934,1488420540308
897,3,2,5,1066434,1488420540809
898,5,2,1,1068934,1488420543309
899,3,0,1,1069434,1488420543809
900,6,105,-1,1069834,1488420544209
901,5,0,1,1071934,1488420546308
902,3,0,6,1072434,1488420546809
903,5,0,1,1074934,1488420549308
904,3,2,5,1075434,1488420549810
905,4,2,0,1076268,1488420550644
906,5,2,0,1077935,1488420552309
907,3,0,3,1078434,1488420552809
908,4,0,0,1079168,1488420553544
909,6,106,-1,1079835,1488420554209
910,5,0,0,1080934,1488420555309
911,3,0,0,1081435,1488420555809
912,4,0,0,1082201,1488420556577
913,5,0,0,1083936,1488420558310
914,3,1,3,1084435,1488420558810
915,5,1,0,1086935,1488420561310
916,3,2,5,1087435,1488420561810
917,4,2,0,1088202,1488420562579
918,6,107,-1,1089835,1488420564209
919,5,2,0,1089935,1488420564309
920,3,0,6,1090435,1488420564810
921,4,0,0,1091335,1488420565712
922,5,0,0,1092935,1488420567310
923,3,0,7,1093435,1488420567810
924,5,0,1,1095935,1488420570310
925,3,2,3,1096435,1488420570810
926,5,2,1,1098936,1488420573310
927,3,0,0,1099436,1488420573812
928,6,108,-1,1099836,1488420574210
929,5,0,1,1101936,1488420576310
930,3,2,6,1102436,1488420576811
931,5,2,1,1104936,1488420579311
932,3,0,2,1105436,1488420579813
933,5,0,1,1107936,1488420582310
934,3,1,6,1108436,1488420582811
935,4,1,1,1109037,1488420583413
936,6,109,-1,1109836,1488420584211
937,5,1,1,1110970,1488420585344
938,3,1,2,1111470,1488420585845
939,4,1,1,1112203,1488420586580
940,5,1,1,1113970,1488420588345
941,2,7,2,1115937,1488420590313
942,1,8,2,1116303,1488420595005
943,3,3,3,1117437,1488420596078
944,6,110,-1,1119837,1488420598478
945,5,3,1,1119937,1488420598578
946,3,3,4,1120437,1488420599079
947,5,3,1,1122937,1488420601579
948,3,2,4,1123437,1488420602079
949,5,2,1,1125937,1488420604578
950,3,0,2,1126437,1488420605079
951,5,0,1,1128938,1488420607579
952,3,2,2,1129437,1488420608079
953,6,111,-1,1129837,1488420608479
954,5,2,1,1131939,1488420610580
955,3,0,1,1132438,1488420611079
956,5,0,1,1134938,1488420613579
957,3,0,3,1135438,1488420614079
958,5,0,1,1137938,1488420616579
959,3,2,2,1138438,1488420617080
960,6,112,-1,1139838,1488420618480
961,5,2,1,1140938,1488420619579
962,3,0,7,1141438,1488420620081
963,5,0,1,1143939,1488420622580
964,3,0,4,1144438,1488420623080
965,5,0,1,1146939,1488420625580
966,3,1,7,1147439,1488420626080
967,4,1,1,1148172,1488420626815
968,6,113,-1,1149839,1488420628480
969,5,1,1,1149939,1488420628580
970,3,1,4,1150439,1488420629080
971,4,1,1,1151072,1488420629715
972,5,1,1,1152939,1488420631580
973,3,0,3,1153439,1488420632081
974,5,0,1,1155939,1488420634580
975,3,0,1,1156439,1488420635082
976,5,0,1,1158939,1488420637580
977,3,2,7,1159440,1488420638082
978,6,114,-1,1159839,1488420638480
979,5,2,1,1161939,1488420640580
980,3,1,1,1162439,1488420641081
981,4,1,1,1164206,1488420642850
982,5,1,1,1164939,1488420643581
983,3,0,4,1165440,1488420644081
984,5,0,1,1167940,1488420646581
985,3,0,6,1168440,1488420647082
986,6,115,-1,1169840,1488420648481
987,5,0,1,1170940,1488420649581
988,3,2,6,1171440,1488420650082
989,5,2,1,1173940,1488420652582
990,3,2,1,1174440,1488420653082
991,5,2,1,1176940,1488420655583
992,3,1,6,1177440,1488420656083
993,4,1,1,1178274,1488420656916
994,6,116,-1,1179840,1488420658482
995,5,1,1,1179940,1488420658582
996,3,1,1,1180440,1488420659082
997,4,1,1,1181007,1488420659650
998,5,1,1,1182940,1488420661582
999,3,1,6,1183440,1488420662082
1000,4,1,1,1184241,1488420662884
1001,5,1,1,1185940,1488420664582
1002,3,2,6,1186441,1488420665084
1003,5,2,1,1188941,1488420667583
1004,3,1,6,1189441,1488420668083
1005,6,117,-1,1189841,1488420668482
1006,4,1,1,1190007,1488420668651
1007,5,1,1,1191942,1488420670583
1008,3,1,6,1192441,1488420671083
1009,4,1,1,1193041,1488420671684
1010,5,1,1,1194941,1488420673583
1011,3,0,5,1195441,1488420674083
1012,5,0,1,1197941,1488420676583
1013,3,2,5,1198441,1488420677083
1014,6,118,-1,1199841,1488420678484
1015,5,2,1,1200942,1488420679583
1016,3,1,5,1201441,1488420680083
1017,4,1,1,1202508,1488420681151
1018,5,1,1,1203942,1488420682583
1019,3,0,0,1204442,1488420683084
1020,5,0,1,1206942,1488420685583
1021,3,1,5,1207442,1488420686084
1022,4,1,1,1208042,1488420686685
1023,6,119,-1,1209842,1488420688484
1024,5,1,1,1209944,1488420688586
1025,3,0,2,1210442,1488420689084
1026,5,0,1,1212942,1488420691584
1027,3,1,5,1213443,1488420692085
1028,4,1,1,1214009,1488420692652
1029,5,1,1,1215943,1488420694584
1030,3,0,7,1216442,1488420695084
1031,5,0,1,1218942,1488420697584
1032,3,2,7,1219443,1488420698085
1033,6,120,-1,1219843,1488420698485
1034,5,2,1,1221943,1488420700584
1035,3,2,5,1222443,1488420701085
1036,5,2,1,1224943,1488420703584
1037,3,0,6,1225443,1488420704086
1038,5,0,1,1227943,1488420706586
1039,3,0,1,1228443,1488420707085
1040,6,121,-1,1229876,1488420708518
1041,5,0,1,1230943,1488420709585
1042,3,2,7,1231443,1488420710085
1043,5,2,1,1233944,1488420712585
1044,3,1,1,1234443,1488420713085
1045,4,1,1,1235277,1488420713920
1046,5,1,1,1236943,1488420715585
1047,3,0,0,1237444,1488420716085
1048,6,122,-1,1239877,1488420718519
1049,5,0,1,1239944,1488420718585
1050,3,0,4,1240444,1488420719086
1051,5,0,1,1242944,1488420721585
1052,2,8,3,1246644,1488420727321
1053,1,9,3,1247010,1488420732674
1054,3,3,7,1248128,1488420733737
1055,6,123,-1,1249894,1488420735502
1056,5,3,1,1250627,1488420736236
1057,3,3,1,1251128,1488420736738
1058,5,3,1,1253628,1488420739237
1059,3,3,3,1254127,1488420739737
1060,5,3,1,1256628,1488420742237
1061,3,0,2,1257128,1488420742737
1062,5,0,1,1259629,1488420745238
1063,6,124,-1,1259895,1488420745503
1064,3,0,0,1260128,1488420745737
1065,5,0,1,1263095,1488420748704
1066,3,2,1,1263328,1488420748938
1067,5,2,1,1265762,1488420751371
1068,3,0,5,1265961,1488420751571
1069,5,0,1,1268628,1488420754237
1070,3,2,3,1269128,1488420754738
1071,6,125,-1,1269895,1488420755503
1072,4,2,0,1269962,1488420755572
1073,5,2,0,1271629,1488420757238
1074,3,1,1,1272128,1488420757738
1075,4,1,1,1272862,1488420758473
1076,5,1,1,1274629,1488420760238
1077,3,2,1,1275129,1488420760738
1078,4,2,0,1275896,1488420761506
1079,5,2,0,1277629,1488420763238
1080,3,1,3,1278129,1488420763738
1081,4,1,1,1279262,1488420764873
1082,6,126,-1,1279896,1488420765504
1083,5,1,1,1280629,1488420766240
1084,3,2,3,1281129,1488420766739
1085,5,2,1,1283629,1488420769238
1086,3,0,2,1284129,1488420769739
1087,5,0,1,1286629,1488420772238
1088,3,1,3,1287129,1488420772739
1089,4,1,1,1288063,1488420773673
1090,5,1,1,1289630,1488420775238
1091,6,127,-1,1289896,1488420775505
1092,3,0,0,1290130,1488420775739
1093,5,0,1,1292630,1488420778239
1094,3,2,0,1293130,1488420778739
1095,5,2,1,1295630,1488420781239
1096,3,2,2,1296130,1488420781739
1097,4,2,0,1298230,1488420783840
1098,5,2,0,1298630,1488420784239
1099,3,1,0,1299130,1488420784739
1100,6,128,-1,1299897,1488420785505
1101,4,1,1,1300397,1488420786007
1102,5,1,1,1301630,1488420787239
1103,3,1,0,1302130,1488420787740
1104,4,1,1,1303630,1488420789241
1105,5,1,1,1304630,1488420790239
1106,3,2,0,1305130,1488420790740
1107,4,2,0,1306399,1488420792010
1108,5,2,0,1307631,1488420793239
1109,3,0,6,1308131,1488420793740
1110,6,129,-1,1309897,1488420795506
1111,5,0,1,1310631,1488420796239
1112,3,0,7,1311131,1488420796740
1113,5,0,1,1313631,1488420799240
1114,3,2,7,1314131,1488420799740
1115,5,2,1,1316631,1488420802240
1116,3,0,1,1317132,1488420802741
1117,5,0,1,1319631,1488420805240
1118,6,130,-1,1319898,1488420805506
1119,3,0,3,1320131,1488420805740
1120,5,0,1,1322631,1488420808240
1121,3,2,6,1323131,1488420808741
1122,4,2,0,1324565,1488420810175
1123,5,2,0,1325632,1488420811240
1124,3,0,2,1326132,1488420811741
1125,4,0,0,1326765,1488420812375
1126,5,0,0,1328632,1488420814240
1127,3,1,3,1329132,1488420814741
1128,4,1,1,1329832,1488420815442
1129,6,131,-1,1329899,1488420815508
1130,5,1,1,1331632,1488420817241
1131,3,1,6,1332132,1488420817741
1132,4,1,1,1333232,1488420818846
1133,5,1,1,1334632,1488420820241
1134,3,1,2,1335132,1488420820741
1135,4,1,1,1336065,1488420821676
1136,5,1,1,1337632,1488420823241
1137,3,0,7,1338132,1488420823741
1138,4,0,0,1338999,1488420824609
1139,6,132,-1,1339899,1488420825508
1140,5,0,0,1340633,1488420826241
1141,3,2,2,1341133,1488420826743
1142,4,2,0,1341799,1488420827410
1143,5,2,0,1343633,1488420829241
1144,3,1,2,1344133,1488420829742
1145,4,1,1,1344999,1488420830609
1146,5,1,1,1346633,1488420832242
1147,3,1,7,1347133,1488420832742
1148,5,1,0,1349633,1488420835242
1149,6,133,-1,1349900,1488420835508
1150,3,0,4,1350133,1488420835742
1151,5,0,1,1352666,1488420838275
1152,3,0,0,1353167,1488420838776
1153,4,0,0,1354067,1488420839677
1154,5,0,0,1355667,1488420841275
1155,3,1,7,1356167,1488420841776
1156,4,1,1,1357067,1488420842677
1157,5,1,1,1358667,1488420844276
1158,3,1,4,1359167,1488420844776
1159,6,134,-1,1359900,1488420845509
1160,4,1,1,1359967,1488420845577
1161,5,1,1,1361667,1488420847276
1162,3,0,3,1362167,1488420847776
1163,4,0,0,1362867,1488420848478
1164,5,0,0,1364667,1488420850276
1165,3,0,1,1365167,1488420850776
1166,5,0,1,1367667,1488420853276
1167,3,0,2,1368168,1488420853778
1168,6,135,-1,1369901,1488420855510
1169,5,0,1,1370667,1488420856276
1170,3,2,7,1371167,1488420856778
1171,5,2,1,1373668,1488420859276
1172,3,2,2,1374168,1488420859777
1173,5,2,1,1376668,1488420862277
1174,6,136,-1,1379902,1488420867544
1175,2,9,2,1380368,1488420868013
1176,10,2,-1,1382622,1488420874730
1177,6,137,-1,1389921,1488421086721
1178,6,138,-1,1399932,1488421233313
1179,11,2,-1,1404698,1488421238081
1180,0,3,0,1404698,1488421238084
1181,6,139,-1,1409939,1488421243697
1182,6,140,-1,1419940,1488421253697
1183,6,141,-1,1429941,1488421263699
1184,6,142,-1,1439974,1488421273732
1185,6,143,-1,1449975,1488421283733
1186,6,144,-1,1459975,1488421293733
1187,6,145,-1,1469976,1488421303733
1188,6,146,-1,1479976,1488421313734
1189,6,147,-1,1489977,1488421323735
