%Recollect Version 2.0. Scene/Level: nback2_intro, Game Number: 149
%Note: All true/false values are represented as "1" and "0" respectively.
%Damage:1,Player X Position,Player Y Position,Hearts Left,Time (Relative),Time (Absolute)
%NBackObject:0,Current N Level,Is Correct,Should Be Picked Up,Type,Time of Reveal (R),Time of Reveal (A),Time of Death (R),Time of Death (A)
%Possible values for "Type":Blue=0,Yellow=1,Green=2,Pink=3,White=4,Gray=5,Brown=6,Purple=7,None=8,
0,3,1,0,0,0.05164,1479416293669.47,1.41699,1479416295026.62
0,3,1,0,4,1.31683,1479416294925.93,3.88361,1479416297492.67
0,3,1,0,2,3.78363,1479416297393.43,6.31714,1479416299926.63
0,3,0,0,5,6.21710,1479416299826.86,7.93433,1479416301561.9
0,3,1,0,6,8.65057,1479416302259.72,11.18402,1479416304793.42
0,2,0,0,4,11.11737,1479416304726.6,12.73431,1479416306364
0,2,1,0,5,15.98450,1479416311627,18.51868,1479416314161.81
0,2,1,0,2,18.41858,1479416314061.07,20.98462,1479416316627.23
0,2,1,0,4,20.88464,1479416316527.35,23.41809,1479416319061.02
0,2,0,1,2,23.31824,1479416318962.06,25.88525,1479416321528.6
0,2,1,0,5,25.88525,1479416321527.78,28.41876,1479416324061.62
0,1,0,0,3,28.31836,1479416323960.91,29.91431,1479416325562.7
0,1,1,0,5,33.11884,1479416330794.46,35.68567,1479416333361.42
0,1,0,1,5,35.61902,1479416333294.53,38.11987,1479416335796.24
0,1,1,1,5,38.11987,1479416335799.56,39.81427,1479416337495.85
0,1,0,0,4,40.55280,1479416338228.01,42.55432,1479416340261.92
1,177.73430,0.79735,2,42.91431,1479416340594.65
0,1,1,1,4,42.98621,1479416340661.74,45.05432,1479416342761.82
0,1,1,1,4,45.41949,1479416343095.14,47.25427,1479416344961.7
0,1,0,0,1,47.88635,1479416345562.36,49.51428,1479416347195.58
0,1,1,1,1,50.31982,1479416347995.78,51.97430,1479416349662.3
0,1,0,0,0,52.95331,1479416350629.04,54.61432,1479416352295.86
1,228.32600,0.85160,1,55.55432,1479416353261.74
1,233.12620,0.90885,0,56.75427,1479416354462.09
0,1,1,0,5,55.38690,1479416353062.55,58.02026,1479416355696.11
