%Recollect Version 2.0. Scene/Level: nback0_advan, Game Number: 173
%Note: All true/false values are represented as "1" and "0" respectively.
%Damage:1,Player X Position,Player Y Position,Hearts Left,Time (Relative),Time (Absolute)
%NBackObject:0,Current N Level,Is Correct,Should Be Picked Up,Type,Time of Reveal (R),Time of Reveal (A),Time of Death (R),Time of Death (A)
%Possible values for "Type":Blue=0,Yellow=1,Green=2,Pink=3,White=4,Gray=5,Brown=6,Purple=7,None=8,
0,3,1,0,2,1.13336,1479837044156.2,3.66669,1479837046688.05
0,3,1,0,1,3.63348,1479837046655.58,6.16699,1479837049190.36
0,3,1,0,2,6.13373,1479837049156.15,8.66711,1479837051688.92
0,3,1,1,2,8.63391,1479837051657.18,10.52863,1479837053558.72
0,3,1,1,1,10.90070,1479837053923.29,12.90863,1479837055955.94
0,3,1,0,1,13.40070,1479837056423.89,15.93439,1479837058957.4
0,3,1,0,1,15.90106,1479837058923.73,18.40094,1479837061423.74
0,3,1,0,3,18.40094,1479837061426.91,20.93451,1479837063957.76
0,4,1,1,1,20.63446,1479837063656.87,22.26862,1479837065327.05
0,4,0,0,3,25.60138,1479837070657.1,27.70856,1479837072789.95
1,124.81750,2.65336,2,29.66864,1479837074756.65
0,4,1,0,3,28.10150,1479837073157.16,30.63495,1479837075690.53
0,4,1,0,1,30.60162,1479837075657.84,33.13507,1479837078191.34
1,145.93790,2.69844,1,34.94855,1479837080023.17
0,4,1,0,2,33.07111,1479837078128.17,35.63519,1479837080691.57
0,3,0,0,0,35.33527,1479837080390.79,36.98859,1479837082058.71
0,3,1,0,1,40.33588,1479837087425.4,42.86920,1479837089958.41
0,3,1,0,3,42.83612,1479837089925.42,45.36932,1479837092458.56
0,3,1,0,2,45.06940,1479837092158.4,47.63629,1479837094725.89
0,3,0,1,1,47.53619,1479837094625.07,50.06964,1479837097158.89
0,3,1,0,0,50.03632,1479837097125.95,52.57001,1479837099659.27
0,2,0,1,2,52.53668,1479837099625.34,55.06989,1479837102160.66
1,227.61340,2.22885,0,55.36859,1479837104492.2
