%Recollect Version 2.3. Scene/Level: , Session: 2, GameNumber: 0
%Note: All true/false values are represented as "1" and "0" respectively.
%Damage:1,Player X Position,Player Y Position,Hearts Left,Time (Relative),Time (Absolute)
%LameBackObject:Algorithm Condition,Trial Number,Current N Level,Lure Rate,Is Correct,Stimulus Type,Stimulus Color,Presentation Time (R),Presentation Time (A),Response Time (R),Response Time (A),Expire Time (R),Expire Time (A)
%Possible values for "Color":Red=0,Blue=1,Green=2,Yellow=3,Purple=4,LightBlue=5,Brown=6,White=7,
%Possible values for "Type":NonTarget=0,Target=1,Lure=2,lessThanN=3,
6,1,2,0.3,1,3,3,2.220352,1486584544629,-1,-1,1.687429,1486584544097
6,2,2,0.3,1,3,1,5.253853,1486584547663,-1,-1,4.720984,1486584547133
6,3,2,0.3,1,2,1,8.254154,1486584550663,-1,-1,7.753998,1486584550165
6,4,2,0.3,1,2,0,11.35419,1486584553763,-1,-1,10.78758,1486584553199
6,5,2,0.3,1,1,1,14.42103,1486584556830,15.05472,1486584557464,13.85436,1486584556267
6,6,2,0.3,1,0,2,17.42121,1486584559830,-1,-1,16.92119,1486584559332
6,7,2,0.3,0,1,1,20.45472,1486584562863,-1,-1,19.92175,1486584562335
6,8,2,0.3,0,2,1,23.45489,1486584565864,24.48837,1486584566897,22.95485,1486584565366
6,9,2,0.3,1,1,1,26.45505,1486584568864,27.32263,1486584569732,25.95502,1486584568368
6,10,2,0.3,0,0,0,29.52189,1486584571931,30.08883,1486584572498,28.95576,1486584571367
6,11,2,0.3,1,0,3,32.58882,1486584574998,-1,-1,32.02251,1486584574435
6,12,2,0.3,0,2,1,35.62224,1486584578031,36.38898,1486584578798,35.1222,1486584577533
6,13,2,0.3,1,1,3,38.62248,1486584581031,40.45604,1486584582865,38.12238,1486584580535
6,14,2,0.3,1,0,2,41.62359,1486584584032,-1,-1,41.12255,1486584583534
6,15,2,0.3,1,0,0,44.65609,1486584587065,-1,-1,44.15596,1486584586568
6,16,2,0.3,1,2,3,47.65625,1486584590065,-1,-1,47.15621,1486584589568
6,17,2,0.3,1,0,1,50.6566,1486584593065,-1,-1,50.15636,1486584592568
6,18,2,0.3,1,1,3,53.68991,1486584596099,54.19028,1486584596599,53.1899,1486584595601
6,19,2,0.3,1,0,2,56.72338,1486584599132,-1,-1,56.19006,1486584598602
6,20,2,0.3,1,0,0,59.79027,1486584602199,-1,-1,59.22417,1486584601635
6,21,2,0.3,1,1,2,62.82377,1486584605232,63.42403,1486584605833,62.29041,1486584604702
6,22,2,0.3,1,2,2,65.82394,1486584608233,-1,-1,65.32391,1486584607736
6,1,3,0.3,1,3,1,70.34084,1486584612750,-1,-1,69.77451,1486584612184
6,2,3,0.3,1,3,3,73.37436,1486584615783,-1,-1,72.841,1486584615252
6,3,3,0.3,1,3,0,76.4083,1486584618817,-1,-1,75.8745,1486584618287
6,4,3,0.3,1,0,2,79.44139,1486584621850,-1,-1,78.94126,1486584621353
6,5,3,0.3,1,2,0,82.47487,1486584624884,-1,-1,81.94151,1486584624353
6,6,3,0.3,1,1,0,85.50834,1486584627917,86.20853,1486584628617,84.97504,1486584627386
6,7,3,0.3,1,2,0,88.54188,1486584630951,-1,-1,88.0089,1486584630421
6,8,3,0.3,0,1,0,91.54211,1486584633951,-1,-1,91.04202,1486584633454
6,9,3,0.3,1,2,3,94.57556,1486584636984,-1,-1,94.04218,1486584636453
6,10,3,0.3,0,1,0,97.60915,1486584640018,-1,-1,97.07593,1486584639487
6,11,3,0.3,0,2,3,100.6096,1486584643018,101.4092,1486584643818,100.1092,1486584642521
6,12,3,0.3,1,0,2,103.6427,1486584646051,-1,-1,103.1427,1486584645554
6,13,3,0.3,1,0,2,106.6762,1486584649085,-1,-1,106.1429,1486584648554
6,14,3,0.3,1,0,1,109.7431,1486584652152,-1,-1,109.1764,1486584651588
6,15,3,0.3,0,0,0,112.8102,1486584655219,113.5767,1486584655986,112.2434,1486584654655
6,16,3,0.3,1,1,2,115.9101,1486584658319,116.3769,1486584658786,115.3439,1486584657755
6,17,3,0.3,1,0,3,118.9103,1486584661319,-1,-1,118.4102,1486584660822
6,18,3,0.3,1,2,2,121.9772,1486584664386,-1,-1,121.4106,1486584663822
6,19,3,0.3,1,0,1,124.9774,1486584667386,-1,-1,124.4773,1486584666890
6,20,3,0.3,1,1,3,128.0441,1486584670453,128.8444,1486584671253,127.4774,1486584669889
6,21,3,0.3,1,0,0,131.0785,1486584673487,-1,-1,130.5446,1486584672957
6,22,3,0.3,1,1,1,134.1445,1486584676553,135.0447,1486584677454,133.6111,1486584676024
6,23,3,0.3,1,2,0,137.1783,1486584679587,-1,-1,136.6446,1486584679056
6,1,4,0.3,1,3,1,145.745,1486584688154,-1,-1,145.1784,1486584687588
6,2,4,0.3,1,3,3,148.7791,1486584691188,-1,-1,148.2452,1486584690659
6,3,4,0.3,1,3,2,151.8454,1486584694254,-1,-1,151.3122,1486584693723
6,4,4,0.3,1,3,0,154.8456,1486584697254,-1,-1,154.3456,1486584696757
6,5,4,0.3,0,2,3,157.9124,1486584700321,159.1126,1486584701522,157.3458,1486584699757
6,6,4,0.3,1,0,0,160.9126,1486584703321,-1,-1,160.4126,1486584702824
6,7,4,0.3,1,0,1,163.9128,1486584706322,-1,-1,163.4127,1486584705825
6,8,4,0.3,1,0,1,166.9463,1486584709355,-1,-1,166.4129,1486584708824
6,9,4,0.3,0,2,0,169.9799,1486584712389,170.5132,1486584712922,169.4465,1486584711858
6,10,4,0.3,1,1,0,173.0468,1486584715455,173.7807,1486584716190,172.4804,1486584714892
6,11,4,0.3,1,2,0,176.0802,1486584718489,-1,-1,175.5469,1486584717959
6,12,4,0.3,0,0,2,179.0803,1486584721489,180.0805,1486584722489,178.5802,1486584720992
6,13,4,0.3,1,0,3,182.1472,1486584724556,-1,-1,181.5806,1486584723992
6,14,4,0.3,1,1,0,185.1806,1486584727589,185.9475,1486584728356,184.6474,1486584727058
6,15,4,0.3,1,0,3,188.2475,1486584730656,-1,-1,187.6812,1486584730092
6,16,4,0.3,1,2,0,191.3144,1486584733723,-1,-1,190.7482,1486584733160
6,17,4,0.3,1,0,1,194.3483,1486584736757,-1,-1,193.8146,1486584736227
6,18,4,0.3,0,1,0,197.4146,1486584739823,-1,-1,196.8813,1486584739294
6,19,4,0.3,1,1,3,200.4482,1486584742857,201.6151,1486584744024,199.9148,1486584742327
6,20,4,0.3,0,1,0,203.4817,1486584745890,-1,-1,202.9499,1486584745361
6,21,4,0.3,1,2,0,206.4819,1486584748891,-1,-1,205.9818,1486584748394
6,22,4,0.3,0,2,1,209.482,1486584751891,210.3828,1486584752792,208.982,1486584751394
6,23,4,0.3,0,1,3,212.4822,1486584754891,-1,-1,211.9822,1486584754394
6,24,4,0.3,0,0,1,215.4828,1486584757892,217.3161,1486584759725,214.9823,1486584757394
6,1,4,0,1,3,0,220.3826,1486584762791,-1,-1,219.8493,1486584762259
6,2,4,0,1,3,1,223.3831,1486584765792,-1,-1,222.8827,1486584765294
6,3,4,0,1,3,3,226.45,1486584768859,-1,-1,225.9164,1486584768328
6,4,4,0,1,3,2,229.5165,1486584771925,-1,-1,228.9831,1486584771396
6,5,4,0,1,0,2,232.5168,1486584774926,-1,-1,232.0167,1486584774428
6,6,4,0,1,0,2,235.5502,1486584777959,-1,-1,235.0172,1486584777429
6,7,4,0,0,0,0,238.5507,1486584780959,239.5507,1486584781960,238.0503,1486584780461
6,8,4,0,1,1,2,241.6176,1486584784026,242.6176,1486584785027,241.0838,1486584783495
6,9,4,0,1,0,0,244.684,1486584787093,-1,-1,244.1506,1486584786562
6,10,4,0,1,1,2,247.6843,1486584790093,248.3844,1486584790793,247.1841,1486584789595
6,11,4,0,1,0,1,250.7185,1486584793127,-1,-1,250.1843,1486584792596
6,12,4,0,0,1,2,253.7845,1486584796193,-1,-1,253.2512,1486584795662
6,13,4,0,0,0,3,256.8181,1486584799227,257.5517,1486584799961,256.2847,1486584798696
6,14,4,0,1,1,2,259.8515,1486584802260,260.6516,1486584803061,259.3185,1486584801730
6,15,4,0,0,0,3,262.9185,1486584805328,264.0518,1486584806461,262.3517,1486584804764
6,16,4,0,1,0,0,265.9519,1486584808361,-1,-1,265.4186,1486584807830
6,17,4,0,0,0,1,268.9522,1486584811361,270.4199,1486584812829,268.4519,1486584810863
6,18,4,0,1,1,2,272.0188,1486584814427,273.219,1486584815628,271.4855,1486584813897
6,19,4,0,1,0,1,275.0857,1486584817494,-1,-1,274.5192,1486584816931
6,20,4,0,0,0,2,278.1192,1486584820528,279.0195,1486584821428,277.5858,1486584819998
6,21,4,0,1,1,1,281.1532,1486584823562,281.9194,1486584824328,280.6194,1486584823031
6,22,4,0,0,0,0,284.2196,1486584826628,286.587,1486584828996,283.6862,1486584826098
6,23,4,0,0,0,3,287.2531,1486584829662,287.7197,1486584830129,286.7197,1486584829131
6,24,4,0,0,0,0,290.2867,1486584832695,290.587,1486584832996,289.7532,1486584832164
6,1,3,0.3,1,3,0,307.8209,1486584850230,-1,-1,307.2875,1486584849697
6,2,3,0.3,1,3,3,310.8544,1486584853264,-1,-1,310.321,1486584852732
6,3,3,0.3,1,3,2,313.888,1486584856297,-1,-1,313.3546,1486584855766
6,4,3,0.3,1,0,2,316.8882,1486584859297,-1,-1,316.388,1486584858799
6,5,3,0.3,1,1,3,319.9217,1486584862330,320.5218,1486584862931,319.3883,1486584861799
6,6,3,0.3,1,1,2,322.9218,1486584865331,323.8888,1486584866298,322.4217,1486584864833
6,7,3,0.3,1,0,0,325.9219,1486584868331,-1,-1,325.4219,1486584867834
6,8,3,0.3,1,0,1,328.9554,1486584871364,-1,-1,328.4221,1486584870834
6,9,3,0.3,1,2,0,331.9889,1486584874398,-1,-1,331.4556,1486584873868
6,10,3,0.3,1,1,0,335.0224,1486584877431,335.7227,1486584878132,334.489,1486584876900
6,11,3,0.3,0,2,0,338.0559,1486584880465,339.1895,1486584881598,337.5226,1486584879934
6,12,3,0.3,1,2,1,341.0894,1486584883498,-1,-1,340.5561,1486584882969
6,13,3,0.3,1,1,0,344.1229,1486584886532,345.0565,1486584887466,343.5896,1486584886001
6,14,3,0.3,0,0,2,347.1236,1486584889532,348.0565,1486584890465,346.6231,1486584889033
6,15,3,0.3,1,1,1,350.2233,1486584892632,352.3233,1486584894732,349.6567,1486584892068
6,16,3,0.3,1,1,0,353.2571,1486584895666,355.3571,1486584897766,352.7234,1486584895135
6,17,3,0.3,1,0,3,356.3236,1486584898732,-1,-1,355.7572,1486584898170
6,18,3,0.3,0,2,0,359.3579,1486584901767,361.1576,1486584903566,358.8238,1486584901235
6,19,3,0.3,0,0,2,362.391,1486584904800,363.1574,1486584905566,361.8906,1486584904302
6,20,3,0.3,0,0,2,365.4579,1486584907867,366.4241,1486584908833,364.924,1486584907335
6,21,3,0.3,0,2,3,368.5577,1486584910966,369.8246,1486584912234,367.991,1486584910402
6,22,3,0.3,1,2,0,371.5579,1486584913967,-1,-1,371.0578,1486584913469
6,23,3,0.3,1,0,0,374.6247,1486584917033,-1,-1,374.0913,1486584916503
6,1,3,0.3,1,3,2,381.659,1486584924068,-1,-1,381.125,1486584923534
6,2,3,0.3,1,3,1,384.7252,1486584927134,-1,-1,384.1925,1486584926604
6,3,3,0.3,1,3,0,387.7921,1486584930201,-1,-1,387.2254,1486584929638
6,4,3,0.3,1,1,2,390.8256,1486584933234,391.4922,1486584933901,390.2922,1486584932704
6,5,3,0.3,1,2,0,393.8591,1486584936268,-1,-1,393.3256,1486584935737
6,6,3,0.3,1,2,1,396.9259,1486584939335,-1,-1,396.3595,1486584938771
6,7,3,0.3,1,0,1,399.9594,1486584942368,-1,-1,399.426,1486584941837
6,8,3,0.3,0,2,1,403.0262,1486584945435,404.2264,1486584946635,402.4597,1486584944871
6,9,3,0.3,0,0,2,406.0598,1486584948469,407.7932,1486584950202,405.5264,1486584947938
6,10,3,0.3,0,0,0,409.0607,1486584951469,410.0934,1486584952502,408.5599,1486584950971
6,11,3,0.3,0,2,2,412.1268,1486584954536,414.4272,1486584956836,411.5934,1486584954006
6,12,3,0.3,1,0,3,415.1936,1486584957602,-1,-1,414.627,1486584957038
6,13,3,0.3,1,1,0,418.2604,1486584960669,419.0272,1486584961436,417.6938,1486584960104
6,14,3,0.3,1,0,1,421.3274,1486584963737,-1,-1,420.7612,1486584963172
6,15,3,0.3,1,0,1,424.3607,1486584966769,-1,-1,423.8274,1486584966239
6,16,3,0.3,0,2,1,427.3949,1486584969804,428.1281,1486584970537,426.8609,1486584969272
6,17,3,0.3,1,0,2,430.4945,1486584972903,-1,-1,429.928,1486584972339
6,18,3,0.3,1,2,3,433.495,1486584975904,-1,-1,432.9946,1486584975406
6,19,3,0.3,1,1,1,436.5614,1486584978970,437.4282,1486584979837,436.0281,1486584978440
6,20,3,0.3,0,1,2,439.595,1486584982004,-1,-1,439.0616,1486584981474
6,21,3,0.3,0,1,3,442.629,1486584985038,-1,-1,442.0951,1486584984507
6,22,3,0.3,1,0,0,445.7287,1486584988137,-1,-1,445.1621,1486584987575
6,23,3,0.3,1,1,2,448.7954,1486584991204,450.4958,1486584992905,448.2289,1486584990641
6,1,3,0.3,1,3,3,453.4296,1486584995838,-1,-1,452.8957,1486584995305
6,2,3,0.3,1,3,0,456.4959,1486584998905,-1,-1,455.9626,1486584998374
6,3,3,0.3,1,3,1,459.5296,1486585001938,-1,-1,458.996,1486585001407
6,4,3,0.3,1,0,2,462.5963,1486585005005,-1,-1,462.0304,1486585004441
6,5,3,0.3,1,1,0,465.6299,1486585008039,466.43,1486585008839,465.0964,1486585007508
6,6,3,0.3,1,0,3,468.6966,1486585011105,-1,-1,468.1301,1486585010541
6,7,3,0.3,1,2,0,471.7304,1486585014139,-1,-1,471.1968,1486585013608
6,8,3,0.3,1,0,1,474.797,1486585017206,-1,-1,474.2636,1486585016675
6,9,3,0.3,1,1,3,477.8638,1486585020273,478.8973,1486585021306,477.3303,1486585019742
6,10,3,0.3,1,0,2,480.9306,1486585023339,-1,-1,480.3644,1486585022777
6,11,3,0.3,1,1,1,483.931,1486585026340,484.4644,1486585026873,483.4307,1486585025842
6,12,3,0.3,1,2,1,486.9977,1486585029406,-1,-1,486.4646,1486585028877
6,13,3,0.3,0,0,0,490.0311,1486585032440,491.0316,1486585033441,489.4978,1486585031909
6,14,3,0.3,1,1,1,493.098,1486585035507,493.5983,1486585036007,492.5315,1486585034943
6,15,3,0.3,0,2,0,496.1317,1486585038540,497.732,1486585040141,495.5982,1486585038009
6,16,3,0.3,0,2,1,499.1983,1486585041607,500.1317,1486585042541,498.6322,1486585041043
6,17,3,0.3,0,2,0,502.232,1486585044641,503.4652,1486585045875,501.6985,1486585044110
6,18,3,0.3,1,0,2,505.2987,1486585047707,-1,-1,504.7653,1486585047177
6,19,3,0.3,1,1,1,508.3655,1486585050774,509.5324,1486585051941,507.7993,1486585050211
6,20,3,0.3,1,0,3,511.399,1486585053808,-1,-1,510.8662,1486585053277
6,21,3,0.3,1,0,3,514.4658,1486585056875,-1,-1,513.9005,1486585056313
6,22,3,0.3,1,2,3,517.4998,1486585059909,-1,-1,516.9659,1486585059377
6,23,3,0.3,1,1,3,520.5662,1486585062975,521.1664,1486585063575,520.0328,1486585062444
6,1,3,0.3,1,3,3,525.1998,1486585067609,-1,-1,524.6667,1486585067076
6,2,3,0.3,1,3,0,528.2665,1486585070675,-1,-1,527.7332,1486585070144
6,3,3,0.3,1,3,2,531.2672,1486585073676,-1,-1,530.7667,1486585073179
6,4,3,0.3,1,2,0,534.3335,1486585076742,-1,-1,533.7678,1486585076179
6,5,3,0.3,1,0,1,537.4004,1486585079809,-1,-1,536.8337,1486585079246
6,6,3,0.3,1,1,2,540.4672,1486585082876,541.4675,1486585083876,539.9006,1486585082312
6,7,3,0.3,1,2,1,543.5341,1486585085943,-1,-1,542.9675,1486585085379
6,8,3,0.3,1,0,3,546.601,1486585089010,-1,-1,546.0343,1486585088446
6,9,3,0.3,1,1,2,549.6679,1486585092077,550.3682,1486585092777,549.1011,1486585091513
6,10,3,0.3,1,0,0,552.6682,1486585095077,-1,-1,552.168,1486585094580
6,11,3,0.3,1,0,0,555.7681,1486585098177,-1,-1,555.2016,1486585097613
6,12,3,0.3,0,2,3,558.835,1486585101244,559.9683,1486585102377,558.2684,1486585100680
6,13,3,0.3,0,2,2,561.8686,1486585104277,562.6352,1486585105044,561.3351,1486585103747
6,14,3,0.3,1,1,0,564.9354,1486585107344,565.4353,1486585107844,564.3687,1486585106780
6,15,3,0.3,1,2,0,567.9688,1486585110378,-1,-1,567.4355,1486585109848
6,16,3,0.3,1,0,1,571.0029,1486585113412,-1,-1,570.4692,1486585112880
6,17,3,0.3,1,0,1,574.0693,1486585116478,-1,-1,573.5358,1486585115947
6,18,3,0.3,1,1,0,577.1027,1486585119511,577.8693,1486585120278,576.5694,1486585118981
6,19,3,0.3,0,1,1,580.1697,1486585122579,-1,-1,579.6028,1486585122014
6,20,3,0.3,1,0,3,583.2699,1486585125679,-1,-1,582.703,1486585125116
6,21,3,0.3,1,0,2,586.3364,1486585128745,-1,-1,585.8033,1486585128216
6,22,3,0.3,1,1,1,589.3701,1486585131779,589.9376,1486585132347,588.8368,1486585131248
6,23,3,0.3,1,2,1,592.4373,1486585134846,-1,-1,591.8702,1486585134281
6,1,3,0.3,1,3,3,597.0371,1486585139446,-1,-1,596.5038,1486585138913
6,2,3,0.3,1,3,1,600.1039,1486585142513,-1,-1,599.5374,1486585141949
6,3,3,0.3,1,3,2,603.1708,1486585145580,-1,-1,602.6041,1486585145015
6,4,3,0.3,1,2,1,606.2043,1486585148613,-1,-1,605.671,1486585148082
6,5,3,0.3,0,1,1,609.2378,1486585151647,-1,-1,608.7045,1486585151116
6,6,3,0.3,1,1,2,612.2712,1486585154680,612.3715,1486585154780,611.738,1486585154149
6,7,3,0.3,1,0,3,615.3048,1486585157714,-1,-1,614.7715,1486585157183
6,8,3,0.3,0,2,2,618.3717,1486585160780,619.4717,1486585161881,617.805,1486585160217
6,9,3,0.3,1,1,2,621.4385,1486585163847,622.2389,1486585164648,620.8718,1486585163283
6,10,3,0.3,1,2,2,624.4388,1486585166848,-1,-1,623.9387,1486585166350
6,11,3,0.3,1,0,1,627.5055,1486585169914,-1,-1,626.9722,1486585169385
6,12,3,0.3,1,1,2,630.5392,1486585172948,631.5057,1486585173915,630.0057,1486585172417
6,13,3,0.3,1,0,3,633.6058,1486585176015,-1,-1,633.0724,1486585175484
6,14,3,0.3,1,0,0,636.6394,1486585179048,-1,-1,636.106,1486585178517
6,15,3,0.3,1,0,0,639.6729,1486585182082,-1,-1,639.1395,1486585181551
6,16,3,0.3,0,1,3,642.7396,1486585185148,-1,-1,642.173,1486585184584
6,17,3,0.3,1,0,1,645.7404,1486585188149,-1,-1,645.2398,1486585187651
6,18,3,0.3,1,2,3,648.8068,1486585191216,-1,-1,648.2734,1486585190685
6,19,3,0.3,1,1,3,651.8735,1486585194282,652.8406,1486585195250,651.3402,1486585193753
6,20,3,0.3,1,2,3,654.9075,1486585197316,-1,-1,654.3737,1486585196785
6,21,3,0.3,1,0,2,657.9739,1486585200383,-1,-1,657.4405,1486585199852
6,22,3,0.3,1,0,2,661.0075,1486585203416,-1,-1,660.4755,1486585202887
6,23,3,0.3,0,2,2,664.0409,1486585206450,664.7743,1486585207183,663.5076,1486585205919
6,1,3,0,1,3,3,668.6245,1486585211033,-1,-1,668.0582,1486585210468
6,2,3,0,1,3,2,671.6913,1486585214100,-1,-1,671.1247,1486585213536
6,3,3,0,1,3,1,674.7248,1486585217134,-1,-1,674.1915,1486585216603
6,4,3,0,1,0,1,677.7584,1486585220167,-1,-1,677.225,1486585219637
6,5,3,0,1,1,2,680.7919,1486585223201,681.7255,1486585224134,680.2584,1486585222670
6,6,3,0,1,0,0,683.8587,1486585226267,-1,-1,683.292,1486585225704
6,7,3,0,1,0,3,686.8922,1486585229301,-1,-1,686.3593,1486585228773
6,8,3,0,1,0,3,689.9259,1486585232335,-1,-1,689.3925,1486585231804
6,9,3,0,1,0,1,693.0259,1486585235435,-1,-1,692.4601,1486585234871
6,10,3,0,1,0,1,696.0594,1486585238468,-1,-1,695.5267,1486585237938
6,11,3,0,1,0,0,699.0928,1486585241502,-1,-1,698.5597,1486585240972
6,12,3,0,1,1,1,702.1264,1486585244535,703.1603,1486585245569,701.593,1486585244004
6,13,3,0,1,0,3,705.16,1486585247569,-1,-1,704.6265,1486585247038
6,14,3,0,1,1,0,708.2269,1486585250636,708.9604,1486585251369,707.6934,1486585250105
6,15,3,0,1,1,1,711.327,1486585253736,711.9938,1486585254403,710.7602,1486585253171
6,16,3,0,1,0,2,714.3937,1486585256802,-1,-1,713.8271,1486585256238
6,17,3,0,1,0,2,717.4605,1486585259869,-1,-1,716.8939,1486585259306
6,18,3,0,1,0,3,720.4941,1486585262903,-1,-1,719.9608,1486585262373
6,19,3,0,1,1,2,723.5609,1486585265970,725.6612,1486585268070,722.9942,1486585265407
6,20,3,0,1,0,1,726.5944,1486585269003,-1,-1,726.0611,1486585268472
6,21,3,0,1,1,3,729.6285,1486585272037,730.2946,1486585272704,729.0946,1486585271506
6,22,3,0,1,0,0,732.6949,1486585275104,-1,-1,732.1614,1486585274573
6,23,3,0,1,0,0,735.7616,1486585278170,-1,-1,735.195,1486585277607
6,1,2,0.3,1,3,1,742.0287,1486585284437,-1,-1,741.4955,1486585283905
6,2,2,0.3,1,3,3,745.0955,1486585287504,-1,-1,744.5289,1486585286940
6,3,2,0.3,1,2,3,748.129,1486585290538,-1,-1,747.5956,1486585290007
6,4,2,0.3,1,0,0,751.1624,1486585293571,-1,-1,750.6291,1486585293040
6,5,2,0.3,1,0,2,754.1959,1486585296605,-1,-1,753.6626,1486585296074
6,6,2,0.3,1,0,1,757.2294,1486585299638,-1,-1,756.6961,1486585299109
6,7,2,0.3,0,2,0,760.23,1486585302639,761.1631,1486585303572,759.7296,1486585302141
6,8,2,0.3,0,2,2,763.2965,1486585305705,763.9967,1486585306406,762.7631,1486585305174
6,9,2,0.3,1,1,0,766.3633,1486585308772,767.064,1486585309473,765.7966,1486585308208
6,10,2,0.3,1,2,0,769.397,1486585311806,-1,-1,768.8635,1486585311275
6,11,2,0.3,1,1,0,772.4304,1486585314839,773.1639,1486585315573,771.8971,1486585314308
6,12,2,0.3,1,2,2,775.4639,1486585317873,-1,-1,774.9305,1486585317342
6,13,2,0.3,1,0,1,778.5306,1486585320939,-1,-1,777.9642,1486585320375
6,14,2,0.3,1,2,1,781.5975,1486585324006,-1,-1,781.0313,1486585323442
6,15,2,0.3,1,0,3,784.6311,1486585327040,-1,-1,784.0978,1486585326509
6,16,2,0.3,1,0,2,787.6646,1486585330073,-1,-1,787.1312,1486585329542
6,17,2,0.3,1,1,3,790.6981,1486585333107,791.3984,1486585333807,790.1647,1486585332578
6,18,2,0.3,1,0,1,793.7316,1486585336140,-1,-1,793.1982,1486585335610
6,19,2,0.3,1,1,3,796.765,1486585339174,797.2986,1486585339708,796.2317,1486585338644
6,20,2,0.3,1,0,2,799.7988,1486585342208,-1,-1,799.2652,1486585341676
6,21,2,0.3,1,1,3,802.8654,1486585345274,804.099,1486585346509,802.332,1486585344743
6,22,2,0.3,1,1,2,805.9325,1486585348341,806.5659,1486585348975,805.3655,1486585347778
6,1,3,0.3,1,3,2,811.9326,1486585354341,-1,-1,811.3994,1486585353809
6,2,3,0.3,1,3,0,814.9662,1486585357375,-1,-1,814.4327,1486585356844
6,3,3,0.3,1,3,1,818.033,1486585360442,-1,-1,817.4662,1486585359877
6,4,3,0.3,1,0,1,821.1,1486585363509,-1,-1,820.5331,1486585362945
6,5,3,0.3,1,0,3,824.1667,1486585366575,-1,-1,823.6332,1486585366045
6,6,3,0.3,1,1,1,827.2001,1486585369609,827.8341,1486585370243,826.6667,1486585369079
6,7,3,0.3,1,0,2,830.2014,1486585372610,-1,-1,829.7003,1486585372112
6,8,3,0.3,1,2,1,833.3004,1486585375709,-1,-1,832.7338,1486585375145
6,9,3,0.3,1,0,0,836.334,1486585378743,-1,-1,835.8006,1486585378213
6,10,3,0.3,1,1,2,839.4009,1486585381810,839.9009,1486585382310,838.8675,1486585381279
6,11,3,0.3,1,1,1,842.4678,1486585384877,842.9678,1486585385377,841.9343,1486585384344
6,12,3,0.3,1,2,2,845.5345,1486585387943,-1,-1,845.0011,1486585387412
6,13,3,0.3,1,2,1,848.568,1486585390977,-1,-1,848.0346,1486585390446
6,14,3,0.3,1,2,2,851.6014,1486585394010,-1,-1,851.0681,1486585393479
6,15,3,0.3,0,0,0,854.6683,1486585397077,855.8351,1486585398244,854.1016,1486585396513
6,16,3,0.3,1,1,1,857.735,1486585400144,858.202,1486585400611,857.1685,1486585399580
6,17,3,0.3,1,2,1,860.7687,1486585403177,-1,-1,860.2352,1486585402647
6,18,3,0.3,1,1,0,863.8355,1486585406244,864.4022,1486585406811,863.2692,1486585405681
6,19,3,0.3,0,0,2,866.8693,1486585409278,869.0358,1486585411445,866.3356,1486585408749
6,20,3,0.3,1,1,1,869.9694,1486585412379,870.4359,1486585412845,869.4025,1486585411814
6,21,3,0.3,1,0,3,873.0693,1486585415478,-1,-1,872.5027,1486585414914
6,22,3,0.3,1,0,3,876.1037,1486585418512,-1,-1,875.5699,1486585417982
6,23,3,0.3,1,2,3,879.203,1486585421612,-1,-1,878.6364,1486585421048
6,1,3,0,1,3,2,883.8033,1486585426212,-1,-1,883.2368,1486585425647
6,2,3,0,1,3,1,886.8369,1486585429246,-1,-1,886.3034,1486585428715
6,3,3,0,1,3,0,889.8705,1486585432279,-1,-1,889.337,1486585431748
6,4,3,0,1,1,2,892.9374,1486585435346,893.5706,1486585435980,892.4037,1486585434815
6,5,3,0,1,0,3,896.004,1486585438413,-1,-1,895.4706,1486585437884
6,6,3,0,1,0,3,899.0377,1486585441446,-1,-1,898.5041,1486585440915
6,7,3,0,1,0,1,902.1043,1486585444513,-1,-1,901.5377,1486585443949
6,8,3,0,1,0,1,905.1711,1486585447580,-1,-1,904.6044,1486585447016
6,9,3,0,1,0,0,908.2047,1486585450613,-1,-1,907.6714,1486585450082
6,10,3,0,1,0,0,911.2716,1486585453680,-1,-1,910.7048,1486585453116
6,11,3,0,1,0,3,914.305,1486585456714,-1,-1,913.7722,1486585456183
6,12,3,0,1,1,0,917.3718,1486585459781,917.9055,1486585460314,916.8052,1486585459216
6,13,3,0,0,1,0,920.4388,1486585462848,-1,-1,919.8722,1486585462284
6,14,3,0,1,1,3,923.5061,1486585465915,924.4393,1486585466848,922.9727,1486585465384
6,15,3,0,1,0,2,926.5725,1486585468981,-1,-1,926.039,1486585468451
6,16,3,0,1,0,1,929.6392,1486585472048,-1,-1,929.1058,1486585471518
6,17,3,0,1,0,1,932.7061,1486585475115,-1,-1,932.1727,1486585474585
6,18,3,0,0,0,0,935.7396,1486585478149,936.973,1486585479382,935.2064,1486585477618
6,19,3,0,1,0,3,938.8064,1486585481215,-1,-1,938.2397,1486585480651
6,20,3,0,1,1,1,941.8399,1486585484249,942.34,1486585484749,941.3065,1486585483718
6,21,3,0,1,1,0,944.8735,1486585487282,945.5402,1486585487949,944.34,1486585486752
6,22,3,0,1,0,2,947.9406,1486585490349,-1,-1,947.4069,1486585489818
6,23,3,0,1,0,2,951.0071,1486585493416,-1,-1,950.4737,1486585492885
6,1,2,0.3,1,3,3,956.908,1486585499317,-1,-1,956.3743,1486585498784
6,2,2,0.3,1,3,0,960.0076,1486585502416,-1,-1,959.4415,1486585501853
6,3,2,0.3,0,1,3,963.0411,1486585505450,-1,-1,962.5078,1486585504920
6,4,2,0.3,0,2,3,966.0746,1486585508483,968.2081,1486585510617,965.5411,1486585507954
6,5,2,0.3,1,1,3,969.1081,1486585511517,970.5082,1486585512917,968.5747,1486585510986
6,6,2,0.3,0,2,2,972.1416,1486585514550,973.5087,1486585515918,971.6082,1486585514020
6,7,2,0.3,1,1,3,975.1751,1486585517584,975.8087,1486585518218,974.6417,1486585517053
6,8,2,0.3,1,2,3,978.242,1486585520651,-1,-1,977.6752,1486585520087
6,9,2,0.3,1,2,2,981.2755,1486585523684,-1,-1,980.7421,1486585523153
6,10,2,0.3,1,1,3,984.309,1486585526718,985.009,1486585527418,983.7759,1486585526187
6,11,2,0.3,1,0,0,987.3758,1486585529785,-1,-1,986.8094,1486585529221
6,12,2,0.3,1,1,3,990.3762,1486585532785,991.6426,1486585534052,989.8759,1486585532287
6,13,2,0.3,0,0,2,993.4429,1486585535852,995.8431,1486585538252,992.8769,1486585535288
6,14,2,0.3,0,0,1,996.4763,1486585538885,996.843,1486585539252,995.9429,1486585538354
6,15,2,0.3,1,2,1,999.5098,1486585541919,-1,-1,998.9764,1486585541390
6,16,2,0.3,1,1,1,1002.577,1486585544986,1003.243,1486585545652,1002.01,1486585544421
6,17,2,0.3,1,0,2,1005.643,1486585548052,-1,-1,1005.11,1486585547522
6,18,2,0.3,1,2,2,1008.71,1486585551119,-1,-1,1008.144,1486585550555
6,19,2,0.3,1,0,0,1011.744,1486585554153,-1,-1,1011.211,1486585553622
6,20,2,0.3,1,0,1,1014.844,1486585557253,-1,-1,1014.278,1486585556690
6,21,2,0.3,1,0,3,1017.878,1486585560287,-1,-1,1017.344,1486585559756
6,22,2,0.3,1,0,2,1020.944,1486585563353,-1,-1,1020.379,1486585562790
6,1,2,0.3,1,3,0,1025.945,1486585568353,-1,-1,1025.378,1486585567788
6,2,2,0.3,1,3,2,1028.978,1486585571387,-1,-1,1028.445,1486585570856
6,3,2,0.3,1,0,3,1032.013,1486585574421,-1,-1,1031.479,1486585573890
6,4,2,0.3,1,2,3,1035.078,1486585577487,-1,-1,1034.545,1486585576958
6,5,2,0.3,1,1,3,1038.112,1486585580521,1038.745,1486585581155,1037.579,1486585579991
6,6,2,0.3,1,0,0,1041.146,1486585583555,-1,-1,1040.613,1486585583024
6,7,2,0.3,1,0,1,1044.212,1486585586621,-1,-1,1043.679,1486585586090
6,8,2,0.3,1,2,3,1047.279,1486585589688,-1,-1,1046.713,1486585589125
6,9,2,0.3,1,0,2,1050.346,1486585592755,-1,-1,1049.813,1486585592224
6,10,2,0.3,1,2,2,1053.413,1486585595822,-1,-1,1052.846,1486585595257
6,11,2,0.3,1,1,2,1056.446,1486585598855,1056.98,1486585599389,1055.913,1486585598324
6,12,2,0.3,1,0,0,1059.48,1486585601889,-1,-1,1058.947,1486585601358
6,13,2,0.3,1,2,0,1062.58,1486585604989,-1,-1,1062.013,1486585604425
6,14,2,0.3,1,1,0,1065.68,1486585608089,1066.314,1486585608723,1065.114,1486585607526
6,15,2,0.3,1,1,0,1068.747,1486585611156,1069.38,1486585611789,1068.181,1486585610593
6,16,2,0.3,1,0,2,1071.814,1486585614223,-1,-1,1071.281,1486585613692
6,17,2,0.3,1,0,3,1074.914,1486585617323,-1,-1,1074.348,1486585616758
6,18,2,0.3,1,2,3,1077.981,1486585620390,-1,-1,1077.448,1486585619860
6,19,2,0.3,1,1,3,1081.081,1486585623490,1081.615,1486585624023,1080.514,1486585622925
6,20,2,0.3,1,1,3,1084.148,1486585626557,1084.881,1486585627290,1083.581,1486585625994
6,21,2,0.3,1,2,2,1087.215,1486585629624,-1,-1,1086.681,1486585629093
6,22,2,0.3,1,0,1,1090.249,1486585632658,-1,-1,1089.716,1486585632127
6,1,2,0.3,1,3,3,1095.049,1486585637457,-1,-1,1094.482,1486585636891
6,2,2,0.3,1,3,1,1098.115,1486585640524,-1,-1,1097.582,1486585639994
6,3,2,0.3,1,2,1,1101.182,1486585643591,-1,-1,1100.616,1486585643027
6,4,2,0.3,1,2,2,1104.249,1486585646658,-1,-1,1103.682,1486585646095
6,5,2,0.3,1,2,2,1107.283,1486585649691,-1,-1,1106.749,1486585649160
6,6,2,0.3,1,1,2,1110.35,1486585652758,1110.85,1486585653259,1109.783,1486585652194
6,7,2,0.3,1,0,0,1113.45,1486585655858,-1,-1,1112.883,1486585655294
6,8,2,0.3,1,0,1,1116.516,1486585658925,-1,-1,1115.983,1486585658394
6,9,2,0.3,1,0,3,1119.583,1486585661992,-1,-1,1119.017,1486585661428
6,10,2,0.3,1,0,2,1122.617,1486585665026,-1,-1,1122.083,1486585664495
6,11,2,0.3,1,1,3,1125.684,1486585668092,1126.751,1486585669160,1125.15,1486585667561
6,12,2,0.3,1,2,3,1128.717,1486585671126,-1,-1,1128.184,1486585670595
6,13,2,0.3,1,0,1,1131.784,1486585674193,-1,-1,1131.217,1486585673629
6,14,2,0.3,1,2,1,1134.818,1486585677226,-1,-1,1134.284,1486585676696
6,15,2,0.3,1,0,2,1137.851,1486585680260,-1,-1,1137.318,1486585679731
6,16,2,0.3,1,2,2,1140.885,1486585683293,-1,-1,1140.351,1486585682763
6,17,2,0.3,1,1,2,1143.951,1486585686360,1144.351,1486585686760,1143.385,1486585685796
6,18,2,0.3,1,1,2,1147.018,1486585689427,1147.652,1486585690061,1146.452,1486585688862
6,19,2,0.3,1,0,0,1150.085,1486585692494,-1,-1,1149.552,1486585691963
6,20,2,0.3,1,1,2,1153.152,1486585695561,1153.752,1486585696161,1152.585,1486585694997
6,21,2,0.3,1,0,3,1156.185,1486585698594,-1,-1,1155.652,1486585698063
6,22,2,0.3,1,1,2,1159.219,1486585701628,1159.652,1486585702061,1158.686,1486585701097
6,1,2,0.3,1,3,0,1164.119,1486585706528,-1,-1,1163.586,1486585705996
6,2,2,0.3,1,3,2,1167.153,1486585709561,-1,-1,1166.619,1486585709031
6,3,2,0.3,1,1,0,1170.22,1486585712628,1170.853,1486585713262,1169.653,1486585712064
6,4,2,0.3,1,2,0,1173.32,1486585715728,-1,-1,1172.753,1486585715165
6,5,2,0.3,1,0,1,1176.353,1486585718762,-1,-1,1175.821,1486585718233
6,6,2,0.3,1,1,0,1179.42,1486585721829,1180.12,1486585722529,1178.853,1486585721264
6,7,2,0.3,1,1,1,1182.453,1486585724862,1183.02,1486585725429,1181.92,1486585724331
6,8,2,0.3,1,1,0,1185.488,1486585727897,1186.154,1486585728563,1184.954,1486585727365
6,9,2,0.3,1,0,2,1188.588,1486585730997,-1,-1,1188.021,1486585730432
6,10,2,0.3,1,0,3,1191.654,1486585734063,-1,-1,1191.121,1486585733532
6,11,2,0.3,1,2,0,1194.688,1486585737096,-1,-1,1194.154,1486585736565
6,12,2,0.3,1,1,3,1197.721,1486585740130,1198.455,1486585740863,1197.188,1486585739600
6,13,2,0.3,1,1,0,1200.821,1486585743230,1202.688,1486585745097,1200.255,1486585742666
6,14,2,0.3,1,2,0,1203.888,1486585746297,-1,-1,1203.321,1486585745733
6,15,2,0.3,1,0,1,1206.955,1486585749364,-1,-1,1206.388,1486585748801
6,16,2,0.3,1,0,3,1209.988,1486585752397,-1,-1,1209.455,1486585751866
6,17,2,0.3,1,0,2,1213.055,1486585755464,-1,-1,1212.489,1486585754900
6,18,2,0.3,1,0,0,1216.155,1486585758564,-1,-1,1215.589,1486585758000
6,19,2,0.3,1,2,3,1219.189,1486585761598,-1,-1,1218.655,1486585761066
6,20,2,0.3,1,2,2,1222.19,1486585764598,-1,-1,1221.689,1486585764101
6,21,2,0.3,1,0,1,1225.256,1486585767665,-1,-1,1224.722,1486585767134
6,22,2,0.3,1,2,3,1228.289,1486585770698,-1,-1,1227.756,1486585770167
