%Recollect Version 2.0. Scene/Level: span2_intro, Game Number: 135
%Note: All true/false values are represented as "1" and "0" respectively.
%Damage:1,Player X Position,Player Y Position,Hearts Left,Time (Relative),Time (Absolute)
%SpanCollectionOrder:6,Time (R),Time (A),Is Reversed. (Arrangement order is from bottom left to top right)
%SpanArrangementOrder:7,[Array of Span Types] (Order is from bottom left to top right). 
%SpanPlayerInput:8,beginTime,endTime,[Array of Positions in Arrangment Pressed, followed by time]
6,0.00000,1479864030681.07,0,4,1,5,6
7,5,1,6,4,7,6
6,13.17261,1479864043823.12,1,6,4,2,1
7,1,0,6,4,6,2
8,5.67261,13.17261,2,32.62061,4,33.04199,5,34.40173,1,34.80188,3,8.36707,1,8.83374,0,9.16748,2,9.50049
6,25.31250,1479864067657.91,1,1,3,6,0
7,0,7,1,6,3,6
8,17.83252,25.31250,4,19.10120,3,20.36816,5,20.76770,0,21.16772
6,37.89258,1479864080225.61,0,0,5,1,2,6
7,2,0,5,6,1,4,7
8,30.39258,37.89258,2,32.40186,4,32.93542,5,33.30188,0,33.70178
6,49.77258,1479864092127.06,1,4,6,1,3,7
7,5,1,7,7,3,4,6
8,42.27258,49.77258,1,43.96912,2,44.40247,4,44.86914,0,45.40259,3,45.70251
6,62.03259,1479864104360.41,0,2,6,4,0,7
7,2,4,6,1,7,7,0
8,54.55249,62.03259,5,56.46985,6,57.23657,1,57.60315,4,58.20325,2,58.60327
6,74.47253,1479864116827.57,1,6,1,4,2,7,5
7,5,2,6,1,4,0,6,7
8,66.97253,74.47253,0,67.87048,2,69.17053,1,69.47058,6,70.27063,5,70.63733
6,86.59253,1479864128928.52,1,1,5,2,4,7,6
7,6,6,4,5,7,2,1,0
8,79.09253,86.59253,6,81.43799,3,81.83789,4,82.23853,2,83.67163,0,84.07153,1,84.33801
6,98.75256,1479864149396.57,1,5,3,6,7,0
7,0,3,7,5,1,6,7
8,91.25256,98.75256,6,93.57202,3,94.43860,5,94.77197,4,95.27209
6,111.33250,1479864161963.6,0,6,1,4,7,0
7,0,6,5,1,4,7,7
8,103.83250,111.33250,3,106.47270,1,106.74050,5,107.20610,2,108.57300,0,108.83950
6,123.19250,1479864173830.8,0,0,3,1,7,2
7,0,3,1,6,2,7,4
8,115.71250,123.19250,1,117.54020,3,118.44010,4,119.17350,5,120.34020,0,120.54020
6,135.47250,1479864186098.44,0,5,7,6,4,1,3
7,6,0,7,3,4,1,7,5
8,127.99260,135.47250,0,129.24060,1,129.57400,2,130.00730,5,130.54090,4,130.94080
8,140.41260,147.89260,7,143.24150,6,143.60820,0,144.24160,2,144.90820,4,145.40830,5,145.70830
