%Recollect Version 2.0. Scene/Level: span1_intro, Game Number: 121
%Note: All true/false values are represented as "1" and "0" respectively.
%Damage:1,Player X Position,Player Y Position,Hearts Left,Time (Relative),Time (Absolute)
%SpanCollectionOrder:6,Time (R),Time (A),Is Reversed. (Arrangement order is from bottom left to top right)
%SpanArrangementOrder:7,[Array of Span Types] (Order is from bottom left to top right). 
%SpanPlayerInput:8,beginTime,endTime,[Array of Positions in Arrangment Pressed, followed by time]
6,0.00000,1479502505301.79,0,5,0,2,4
7,3,4,5,7,0,2
6,13.18158,1479502518431.69,0,2,1,3,5
7,1,2,0,3,7,5
8,5.68158,13.18158,2,7.75018,4,8.01685,5,8.61688,1,8.88361
6,25.32159,1479502530597.99,0,3,0,1,4
7,5,4,6,0,1,3
8,17.84155,25.32159,1,19.48419,0,19.81744,3,20.41766,5,20.65125
6,37.90155,1479502543165.28,1,4,5,0,2,3
7,5,0,1,6,2,3,4
8,30.40155,37.90155,5,32.91833,3,33.21826,4,33.85168,1,34.08502
6,49.78156,1479502555049.58,1,0,3,4,1,5
7,3,4,2,0,6,1,5
8,42.28156,49.78156,6,44.81891,0,45.51910,1,46.28571,4,46.95239,5,47.31903
6,62.04156,1479502567316.85,1,3,0,4,2,1
7,4,5,0,1,3,2,6
8,54.56158,62.04156,3,57.27032,0,57.76965,1,58.50299,5,58.96973,6,59.41785
6,74.48157,1479502579750.67,0,2,5,3,0,1
7,6,1,5,3,0,4,2
8,66.98157,74.48157,4,68.10358,0,68.53693
6,86.60156,1479502591851.45,0,5,1,0,2,4
7,0,1,7,2,3,5,4
8,79.10156,86.60156,6,81.60455,2,82.07104,3,82.60449,4,83.33777,1,83.67120
6,98.76160,1479502604019.76,0,0,3,4,1,2
7,1,0,4,3,2,6,5
8,91.26160,98.76160,5,93.07166,1,93.77161,0,94.00519,3,94.67249,6,94.90509
6,111.34160,1479502616620.6,1,0,1,5,2,4,3
7,1,0,2,5,4,7,3,0
8,103.84160,111.34160,1,105.60630,3,106.63920,2,106.93910,0,107.30580,4,107.60580
6,123.20150,1479502628453.95,1,0,5,1,4,3,2
7,0,0,2,1,6,4,5,3
8,115.72160,123.20150,1,117.40640,0,117.77320,3,118.74010,2,120.17320,4,120.43990,6,120.63990
6,135.48160,1479502640754.32,1,0,1,5,3,2,4
7,1,7,5,3,1,4,2,0
8,128.00160,135.48160,0,128.94120,6,130.20710,3,131.30710,1,132.80730
8,140.42160,147.90160,7,143.07450,4,143.87450,2,144.14120,5,145.34130,3,145.54130,6,145.70790
