%Recollect Version 2.0. Scene/Level: multi0_intro, Game Number: 146
%Note: All true/false values are represented as "1" and "0" respectively.
%Damage:1,Player X Position,Player Y Position,Hearts Left,Time (Relative),Time (Absolute)
%MultiObjectBugListChanged:5,[Array of Bug Types]
%BugPositions:3,Time (Relative),Time (Absolute),(For Each Bug:)Bug Color,Bug Position X,Bug Position Y
%MultiObjectTask:4,Matched Correctly,Was Collected,Flower Type,Reveal Time (R),Reveal Time (A),Pollenation Time (R) (-1.0 = unpollenated),Pollenation Time (A) (-1.0 = unpollenated),Death Time (R),Death Time (A)
%Possible values for "Flower Types":Blue=0,Yellow=1,Green=2,Pink=3,White=4,Gray=5,Brown=6,Purple=7,
5,3,0,2,1
3,0,1479865178007.83,3,0.125,0.4333333,0,0.275,0.5666667,2,0.725,0.7,1,0.775,0.5
3,1.000061,1479865178945.41,3,0.05426338,0.5598206,0,0.3875981,0.6879411,2,0.799882,0.7561705,1,0.6980745,0.6033389
3,2.000549,1479865179946.33,3,0.1031518,0.802659,0,0.4959806,0.7816985,2,0.9287856,0.6074502,1,0.6446968,0.725688
3,3.00061,1479865180946.49,3,0.1334507,0.7245752,0,0.443846,0.8754697,2,0.9468477,0.7881262,1,0.7163321,0.758411
3,4.033569,1479865181979.76,3,0.05608487,0.6239125,0,0.5040572,0.7861648,2,0.925715,0.7250903,1,0.7796075,0.6729941
3,5.033691,1479865182979.88,3,0.1935353,0.6409858,0,0.5708731,0.7508337,2,0.8919532,0.7850329,1,0.7556629,0.7096947
3,6.033752,1479865183980,3,0.330981,0.6095587,0,0.5240414,0.7320665,2,0.8105983,0.7919755,1,0.6958535,0.7033241
3,7.034241,1479865184980.63,3,0.2779408,0.5977368,0,0.4620657,0.7884734,2,0.7583975,0.7344911,1,0.6093127,0.7522456
4,1,1,1,4.40045,5.34045,1479865183311.76,7.78046,1479865185745.99
3,8.034943,1479865185980.87,3,0.1986381,0.7659275,0,0.3677503,0.7585824,2,0.8828821,0.7346571,1,0.5112033,0.6836327
3,9.0672,1479865187012.89,3,0.1455482,0.7434632,0,0.2952642,0.7389585,2,0.8342602,0.6752646,1,0.527247,0.7342985
3,10.06738,1479865188013.13,3,0.2562594,0.7351177,0,0.422106,0.7203295,2,0.8290701,0.8205063,1,0.6124597,0.7477775
3,11.10074,1479865189046.57,3,0.2747445,0.6436412,0,0.4432175,0.5684462,2,0.8844724,0.7107329,1,0.6894212,0.7143906
3,12.1008,1479865190046.75,3,0.2259839,0.5185698,0,0.3112004,0.7051671,2,0.8893158,0.6507223,1,0.726862,0.5961422
3,13.10089,1479865191046.83,3,0.1012986,0.5659319,0,0.1834872,0.6971783,2,0.788065,0.7369736,1,0.5949688,0.6450465
4,1,1,3,10.40045,12.32043,1479865190278.82,13.78046,1479865191745.54
3,14.13434,1479865192079.74,3,0.1100302,0.769501,0,0.3853118,0.7856309,2,0.6847785,0.7835292,1,0.4760103,0.6264095
3,15.16751,1479865193113.53,3,0.1544495,0.6508839,0,0.4900172,0.7866172,2,0.9365122,0.8160446,1,0.6765647,0.8104138
3,16.16776,1479865194114.14,3,0.05426407,0.5896567,0,0.595655,0.644094,2,0.9377923,0.7263263,1,0.7957354,0.790619
3,17.20129,1479865195147.31,3,0.1148181,0.6994825,0,0.4716544,0.6420978,2,0.9537723,0.7831736,1,0.7171052,0.7133157
3,18.20175,1479865196147.83,3,0.159261,0.7610829,0,0.4954963,0.7815019,2,0.9561234,0.7675529,1,0.5837188,0.5874949
3,19.23474,1479865197180.43,3,0.05065084,0.6567526,0,0.4375396,0.6872552,2,0.8887377,0.7740464,1,0.7548203,0.86533
4,1,1,2,16.40045,17.62045,1479865195579.01,19.78046,1479865197749.28
5,3,0,2,1,2
3,20.26773,1479865198213.41,3,0.1479354,0.6190304,0,0.4131675,0.8156875,2,0.9172788,0.6791568,1,0.7270446,0.7778499,2,-0.005291939,0.5972311
3,21.26791,1479865199214.19,3,0.1999741,0.8216531,0,0.5227513,0.7711425,2,0.8762922,0.5868569,1,0.720541,0.7035487,2,0.08538485,0.5661933
3,22.26794,1479865200213.71,3,0.155612,0.7078929,0,0.324513,0.6263992,2,1.01571,0.7972181,1,0.6823883,0.6355606,2,0.8670712,0.8270988
3,23.26807,1479865201213.34,3,0.1047492,0.7875655,0,0.2411914,0.7050187,2,0.9473572,0.7392921,1,0.4905519,0.8276367,2,0.817801,0.8389327
3,24.26819,1479865202214.16,3,0.6010695,0.2846235,0,0.3836203,0.7023371,2,0.930676,0.7746677,1,0.5492334,0.7312085,2,0.7783232,0.7809997
3,25.30145,1479865203247.55,3,0.07989216,0.7934868,0,0.364315,0.6948946,2,0.8794374,0.661301,1,0.6381183,0.6487579,2,0.7500839,0.7813199
4,1,1,3,22.40045,24.24045,1479865202212.81,25.78046,1479865203746.24
3,26.30145,1479865204247.47,3,0.03910494,0.7812088,0,0.1941571,0.7471431,2,0.8317695,0.7734826,1,0.6879382,0.5688729,2,0.6789598,0.7683867
3,27.30148,1479865205247.5,3,0.1149979,0.7549374,0,0.2991762,0.6739159,2,0.9494724,0.75173,1,0.4528623,0.8001435,2,0.7840643,0.6955869
3,28.30179,1479865206248.06,3,0.09319687,0.7979786,0,0.3778105,0.5798267,2,0.8356562,0.6733327,1,0.3900776,0.7825021,2,0.6822834,0.5821083
3,29.33517,1479865207280.92,3,0.1058483,0.757445,0,0.2965689,0.6704748,2,0.7577796,0.6228394,1,0.4299889,0.7409351,2,0.6005306,0.6457515
3,30.36856,1479865208314.4,3,0.07644606,0.622079,0,0.4678612,0.3738547,2,0.9362679,0.6407555,1,0.2995048,0.6504961,2,0.7068148,0.5921319
3,31.40195,1479865209347.61,3,0.08720779,0.6463639,0,0.2949719,0.7784829,2,0.8982949,0.7803742,1,0.3117561,0.977883,2,0.6822629,0.707656
4,1,1,0,28.40045,29.88043,1479865207846.19,31.78046,1479865209746.87
3,32.40201,1479865210348.25,3,0.1094351,0.7306418,0,0.2419853,0.7389389,2,0.7815375,0.6621905,1,0.1908536,0.9022426,2,0.6097875,0.7399362
3,33.4032,1479865211350.66,3,0.01206446,0.6847069,0,0.1604619,0.7112579,2,0.9469657,0.6216377,1,0.3721976,0.7860609,2,0.726212,0.5796649
3,34.4357,1479865212380.88,3,0.1366811,0.6206393,0,0.2934813,0.6020967,2,0.9455953,0.7502374,1,0.4570632,0.6609195,2,0.7486463,0.8087298
3,35.46863,1479865213414.51,3,0.1945281,0.6871,0,0.383532,0.5687519,2,0.8885818,0.7400834,1,0.5147796,0.7211996,2,0.735271,0.7429678
3,36.46875,1479865214415.35,3,0.3410645,0.5691275,0,0.4824271,0.6349957,2,0.9033031,0.7995985,1,0.6085596,0.7425622,2,0.7597513,0.7425452
3,37.46878,1479865215414.5,3,0.0352397,0.7728574,0,0.365026,0.7382254,2,0.9082241,0.7156484,1,0.5955076,0.6840397,2,0.7591772,0.7378086
4,1,1,2,34.40045,35.64044,1479865213613.31,37.78046,1479865215747.35
5,3,0,2,1,2,1
3,38.46884,1479865216414.69,3,0.07612228,0.7643753,0,0.3192091,0.7635235,2,0.9245825,0.6076993,1,0.4754286,0.818912,2,0.6218338,0.6112188,1,0.01052999,0.5847849
3,39.46902,1479865217415.34,3,0.05686045,0.7785351,0,0.3524809,0.6398681,2,0.8523703,0.5836266,1,0.4922161,0.7729079,2,0.6928215,0.8689553,1,0.05616331,0.5691898
3,40.46912,1479865218415.13,3,0.08936214,0.7556145,0,0.2164812,0.6500393,2,0.780158,0.6782916,1,0.4182253,0.6271194,2,0.5432262,0.8509857,1,0.2353802,0.4358536
3,41.50241,1479865219448.47,3,-0.02387333,0.7403682,0,0.1220417,0.7860451,2,0.7033176,0.6079649,1,0.3009863,0.6754072,2,0.6331139,0.8321747,1,0.5199471,0.6674593
3,42.50269,1479865220448.75,3,-0.01939392,0.7691885,0,0.1302652,0.7761875,2,0.9186354,0.7661824,1,0.125988,0.5794158,2,0.7767887,0.8919261,1,0.65382,0.7628641
3,43.50272,1479865221449.52,3,0.06500149,0.6847016,0,0.4734936,0.2542313,2,0.8645048,0.6558029,1,0.4226875,0.842912,2,0.726717,0.8046241,1,0.590456,0.6790959
5,3,2,1,2,1
4,0,1,3,40.40045,43.28046,1479865221247.09,43.78046,1479865221751.94
3,44.53586,1479865222482.09,3,0.1056213,0.5871155,2,0.7429771,0.6670754,1,0.2792187,0.7412319,2,0.6089439,0.7867977,1,0.5008898,0.5748178
3,45.53589,1479865223481.19,3,0.05631733,0.5644851,2,0.7957945,0.7661754,1,0.1687269,0.696241,2,0.5996208,0.7537567,1,0.4465675,0.6244124
3,46.53619,1479865224481.58,3,0.1147995,0.6281937,2,0.8969603,0.7067129,1,0.2689447,0.7841762,2,0.6782799,0.6914975,1,0.4017467,0.6397426
3,47.56995,1479865225515.69,3,0.1236839,0.7182431,2,0.8886948,0.7760355,1,0.2784643,0.674563,2,0.7293224,0.7468726,1,0.4990454,0.6005976
3,48.60339,1479865226550.4,3,0.1685123,0.7703807,2,0.9194889,0.7596896,1,0.6209173,0.2856416,2,0.7698517,0.7643394,1,0.538125,0.6534165
3,49.63614,1479865227581.34,3,0.08803749,0.7773066,2,0.8540354,0.6774947,1,0.3618107,0.8428373,2,0.6785355,0.6758637,1,0.5406075,0.7521913
4,1,1,1,46.40045,48.38043,1479865226347.28,49.78046,1479865227747.78
3,50.6362,1479865228581.55,3,0.09863663,0.7601439,2,0.9517298,0.8829977,1,0.5416412,0.8090381,2,0.787406,0.5867936,1,0.6395016,0.6182517
3,51.63644,1479865229581.99,3,0.2391319,0.7161838,2,0.9370461,0.7891555,1,0.5265455,0.7710794,2,0.852643,0.6089246,1,0.6833506,0.6346704
3,52.63647,1479865230582.66,3,0.1944351,0.7723718,2,0.9061241,0.7592831,1,0.4341249,0.6623858,2,0.7330513,0.8237628,1,0.5937157,0.6987682
3,53.66974,1479865231616.14,3,0.1855917,0.7796407,2,0.844245,0.6273385,1,0.3454485,0.7765166,2,0.7197523,0.7445874,1,0.5704527,0.7589704
3,54.70309,1479865232648.83,3,0.07786751,0.6914776,2,0.9356871,0.8195019,1,0.2285366,0.7147214,2,0.7370338,0.7210347,1,0.3799734,0.5998083
3,55.70334,1479865233649.38,3,0.07162666,0.7726633,2,0.8637171,0.72189,1,0.3054676,0.7474684,2,0.6711903,0.6360173,1,0.3690224,0.5666899
4,1,1,2,52.40045,53.82043,1479865231781.01,55.78046,1479865233747.83
3,56.73651,1479865234681.68,3,0.1290131,0.7648659,2,0.930584,0.5769327,1,0.3355732,0.9112708,2,0.6582451,0.8081686,1,0.4663534,0.8093849
3,57.73672,1479865235682.2,3,0.1308327,0.7539175,2,0.9363785,0.7489901,1,0.2866735,0.81547,2,0.7156715,0.7332488,1,0.4901505,0.7823806
3,58.73682,1479865236683.11,3,0.08761406,0.722635,2,0.8737354,0.8308384,1,0.2361221,0.7264485,2,0.8058052,0.6257048,1,0.6063881,0.69419
3,59.77069,1479865237716.54,3,0.1572075,0.6239809,2,0.7606106,0.9754965,1,0.3712034,0.7349593,2,0.8246498,0.7949886,1,0.5332747,0.6049183
3,60.80344,1479865238749.29,3,0.2573643,0.6363555,2,0.6379862,0.9577427,1,0.4083986,0.6789214,2,0.945715,0.8070548,1,0.5406466,0.7552014
4,1,1,1,58.40045,60.14044,1479865238114.91,61.78046,1479865239748.15
5,3,2,1,2,1,0
3,61.80356,1479865239755.54,3,0.1457052,0.8316786,2,0.7066059,0.8763005,1,0.4842091,0.5807467,2,0.8381901,0.630628,1,0.3852577,0.824559,0,-0.02899933,0.4333333
3,62.80527,1479865240750.88,3,0.1135159,0.8117499,2,0.8235245,0.7696869,1,0.5750847,0.6432239,2,0.9279833,0.6129439,1,0.3565788,0.6893957,0,0.07334614,0.5655622
3,63.83713,1479865241783.22,3,0.1146297,0.7594791,2,0.6267185,0.6586606,1,0.4614763,0.7341612,2,0.8533535,0.6162181,1,0.3370895,0.6039309,0,0.07384968,0.568249
3,64.83749,1479865242782.98,3,0.06365776,0.7818089,2,0.5564594,0.6252635,1,0.4214678,0.7682333,2,0.7801876,0.6009505,1,0.3568954,0.5686587,0,0.1237259,0.5956821
3,65.87051,1479865243816.68,3,0.0299139,0.7725944,2,0.5627613,0.7191445,1,0.326026,0.7654043,2,0.7149096,0.6685308,1,0.283452,0.5731884,0,0.1771393,0.7177965
3,66.87057,1479865244816.62,3,0.0458622,0.7101321,2,0.5004377,0.7894163,1,0.3304901,0.7753186,2,0.7477283,0.5139796,1,0.3300648,0.5756896,0,0.1947088,0.6883639
4,1,1,2,64.40045,66.42044,1479865244381.54,67.78046,1479865245748.65
3,67.90402,1479865245849.69,3,0.04710865,0.6566722,2,0.5885916,0.6869049,1,0.3577261,0.7740807,2,0.9370537,0.8710725,1,0.3700151,0.5702932,0,0.1629457,0.7834736
3,68.93723,1479865246882.44,3,0.07253838,0.5791726,2,0.6966476,0.5975623,1,0.3544674,0.7422172,2,0.9406939,0.7626302,1,0.5020523,0.7764836,0,0.190958,0.7500744
3,69.93726,1479865247882.53,3,0.06071758,0.7180493,2,0.8130856,0.8727778,1,0.3271074,0.7664846,2,0.9408722,0.7559104,1,0.6970882,0.6542087,0,0.1850433,0.8295906
3,70.93744,1479865248882.73,3,0.06743908,0.6962035,2,0.85641,0.8416138,1,0.3652296,0.7181252,2,0.9554319,0.691788,1,0.5176716,0.8022853,0,0.2147264,0.8004505
3,71.93753,1479865249882.87,3,0.1721897,0.5778387,2,0.7608261,0.7679477,1,0.6997042,0.2641965,2,0.8763599,0.6151329,1,0.6215744,0.694576,0,0.2788181,0.7355667
3,72.97073,1479865250916,3,0.0617466,0.7608369,2,0.7747087,0.763914,1,0.4755964,0.8302202,2,0.8443251,0.5871395,1,0.6291685,0.7164161,0,0.297142,0.7793371
4,1,1,1,70.40045,71.82043,1479865249781.99,73.78046,1479865251748.36
3,74.00415,1479865251948.8,3,0.1601276,0.6257965,2,0.7583485,0.7352675,1,0.4225054,0.8300807,2,0.8982697,0.6641467,1,0.5663519,0.6942627,0,0.3585854,0.6490272
3,75.00473,1479865252949.45,3,0.1746292,0.8122538,2,0.7194204,0.7314875,1,0.4069643,0.7561929,2,0.9095497,0.5854954,1,0.5760975,0.6727392,0,0.2469473,0.5714697
3,76.04034,1479865253985.14,3,0.06093597,0.8056816,2,0.7396927,0.6264575,1,0.4331741,0.7520576,2,0.8889971,0.6112044,1,0.5716648,0.6521798,0,0.1685848,0.6550021
3,77.07095,1479865255016.41,3,0.1229649,0.6271594,2,0.5771046,0.7556757,1,0.3572893,0.7194735,2,0.8801022,0.8447986,1,0.4624805,0.5773914,0,0.218564,0.8008964
3,78.07135,1479865256018.28,3,0.04880047,0.7919278,2,0.4916172,0.7812981,1,0.3382673,0.7143185,2,0.8766842,0.7463828,1,0.4944763,0.5790967,0,0.1984072,0.7856215
3,79.07141,1479865257017.67,3,0.03592587,0.7388284,2,0.5045967,0.7588553,1,0.304718,0.6080483,2,0.6792297,0.3737037,1,0.5661259,0.5711869,0,0.1840591,0.7687788
4,1,1,2,76.40045,79.04044,1479865257015.83,79.78046,1479865257749.27
5,3,2,1,2,1,0,3
3,80.10452,1479865258050.85,3,0.0968647,0.6839269,2,0.4559517,0.773142,1,0.263813,0.5889813,2,0.6264858,0.413509,1,0.5255241,0.5842268,0,0.2515278,0.7961871,3,-0.03680038,0.5740196
3,81.10477,1479865259051.25,3,0.09090614,0.7695233,2,0.4236946,0.7576314,1,0.2772465,0.6014235,2,0.66609,0.5301883,1,0.4705734,0.5679605,0,0.2679653,0.8007221,3,0.04000473,0.5811664
