%Recollect Version 2.3. Scene/Level: , Session: 7, GameNumber: 0
%Note: All true/false values are represented as "1" and "0" respectively.
%Damage:1,Player X Position,Player Y Position,Hearts Left,Time (Relative),Time (Absolute)
%LameBackObject:Algorithm Condition,Trial Number,Current N Level,Lure Rate,Is Correct,Stimulus Type,Stimulus Color,Presentation Time (R),Presentation Time (A),Response Time (R),Response Time (A),Expire Time (R),Expire Time (A)
%Possible values for "Color":Red=0,Blue=1,Green=2,Yellow=3,Purple=4,LightBlue=5,Brown=6,White=7,
%Possible values for "Type":NonTarget=0,Target=1,Lure=2,lessThanN=3,
7,1,2,0.3,1,3,2,4.753662,1486677250570,-1,-1,4.220337,1486677250037
7,2,2,0.3,1,3,1,7.787231,1486677253603,-1,-1,7.253906,1486677253072
7,3,2,0.3,1,1,2,10.82117,1486677256637,11.35486,1486677257171,10.28735,1486677256106
7,4,2,0.3,1,1,1,13.88757,1486677259704,14.38757,1486677260204,13.35425,1486677259173
7,5,2,0.3,1,2,1,16.95435,1486677262770,-1,-1,16.3877,1486677262208
7,6,2,0.3,1,0,0,19.98792,1486677265804,-1,-1,19.45447,1486677265273
7,7,2,0.3,1,2,0,23.02148,1486677268837,-1,-1,22.48804,1486677268307
7,8,2,0.3,1,1,0,26.08826,1486677271904,26.65515,1486677272471,25.55481,1486677271373
7,9,2,0.3,1,0,2,29.12183,1486677274938,-1,-1,28.58838,1486677274407
7,10,2,0.3,1,2,2,32.18848,1486677278005,-1,-1,31.65515,1486677277474
7,11,2,0.3,1,2,0,35.22217,1486677281038,-1,-1,34.68872,1486677280509
7,12,2,0.3,1,0,3,38.25562,1486677284072,-1,-1,37.72253,1486677283541
7,13,2,0.3,1,0,1,41.32263,1486677287139,-1,-1,40.78906,1486677286607
7,14,2,0.3,0,0,2,44.42261,1486677290239,45.28967,1486677291106,43.85583,1486677289674
7,15,2,0.3,0,1,1,47.48938,1486677293305,-1,-1,46.92273,1486677292741
7,16,2,0.3,1,1,2,50.55676,1486677296373,51.99023,1486677297806,49.9895,1486677295810
7,17,2,0.3,1,0,0,53.65637,1486677299472,-1,-1,53.08972,1486677298908
7,18,2,0.3,1,0,3,56.68994,1486677302506,-1,-1,56.15649,1486677301975
7,19,2,0.3,1,0,1,59.72388,1486677305540,-1,-1,59.19006,1486677305009
7,20,2,0.3,1,1,3,62.79053,1486677308607,63.4906,1486677309307,62.25708,1486677308075
7,21,2,0.3,1,2,3,65.8905,1486677311706,-1,-1,65.32385,1486677311143
7,22,2,0.3,1,2,1,68.95728,1486677314773,-1,-1,68.39063,1486677314210
7,1,2,0,1,3,3,73.25757,1486677319074,-1,-1,72.72449,1486677318542
7,2,2,0,1,3,2,76.32483,1486677322141,-1,-1,75.75769,1486677321576
7,3,2,0,1,0,0,79.42456,1486677325241,-1,-1,78.85791,1486677324676
7,4,2,0,1,0,1,82.49133,1486677328307,-1,-1,81.92468,1486677327745
7,5,2,0,1,0,3,85.5249,1486677331341,-1,-1,84.99158,1486677330810
7,6,2,0,1,1,1,88.55847,1486677334374,89.12524,1486677334941,88.02515,1486677333845
7,7,2,0,1,0,0,91.59204,1486677337408,-1,-1,91.05884,1486677336877
7,8,2,0,1,0,2,94.62537,1486677340441,-1,-1,94.09216,1486677339911
7,9,2,0,1,0,3,97.65894,1486677343475,-1,-1,97.12549,1486677342946
7,10,2,0,1,0,1,100.7257,1486677346542,-1,-1,100.1591,1486677345979
7,11,2,0,1,0,0,103.7593,1486677349575,-1,-1,103.2258,1486677349045
7,12,2,0,1,1,1,106.7927,1486677352609,108.2599,1486677354076,106.2599,1486677352079
7,13,2,0,1,1,0,109.8263,1486677355642,110.36,1486677356177,109.293,1486677355111
7,14,2,0,1,0,2,112.8931,1486677358709,-1,-1,112.3264,1486677358145
7,15,2,0,1,0,3,115.9266,1486677361743,-1,-1,115.3932,1486677361213
7,16,2,0,1,1,2,118.9601,1486677364776,120.7269,1486677366543,118.4268,1486677364245
7,17,2,0,1,0,0,122.027,1486677367843,-1,-1,121.4602,1486677367279
7,18,2,0,1,0,1,125.0938,1486677370910,-1,-1,124.5272,1486677370347
7,19,2,0,1,1,0,128.1273,1486677373943,128.8611,1486677374677,127.5942,1486677373413
7,20,2,0,1,0,2,131.1609,1486677376977,-1,-1,130.6274,1486677376446
7,21,2,0,1,0,3,134.1943,1486677380010,-1,-1,133.661,1486677379481
7,22,2,0,0,1,2,137.2611,1486677383077,-1,-1,136.6945,1486677382514
7,1,2,0.3,1,3,0,143.6287,1486677389445,-1,-1,143.0948,1486677388912
7,2,2,0.3,1,3,3,146.6951,1486677392511,-1,-1,146.1617,1486677391981
7,3,2,0.3,1,2,3,149.7285,1486677395545,-1,-1,149.1952,1486677395016
7,4,2,0.3,1,2,2,152.7953,1486677398611,-1,-1,152.2286,1486677398048
7,5,2,0.3,1,1,3,155.8295,1486677401645,156.7955,1486677402612,155.2958,1486677401114
7,6,2,0.3,1,0,0,158.8625,1486677404679,-1,-1,158.3623,1486677404181
7,7,2,0.3,1,2,2,161.9292,1486677407745,-1,-1,161.3959,1486677407214
7,8,2,0.3,1,1,0,164.996,1486677410812,165.5297,1486677411346,164.4293,1486677410250
7,9,2,0.3,1,0,1,168.0629,1486677413869,-1,-1,167.4965,1486677413308
7,10,2,0.3,0,2,2,171.1298,1486677416926,171.9634,1486677417760,170.5631,1486677416362
7,11,2,0.3,1,0,3,174.1636,1486677419959,-1,-1,173.6299,1486677419428
7,12,2,0.3,1,0,0,177.2301,1486677423026,-1,-1,176.6967,1486677422495
7,13,2,0.3,1,2,2,180.3302,1486677426126,-1,-1,179.7635,1486677425562
7,14,2,0.3,1,0,1,183.3971,1486677429193,-1,-1,182.8303,1486677428631
7,15,2,0.3,1,1,2,186.4313,1486677432227,187.064,1486677432860,185.8972,1486677431697
7,16,2,0.3,1,1,1,189.5309,1486677435327,190.1978,1486677435994,188.9646,1486677434763
7,17,2,0.3,1,0,0,192.6309,1486677438427,-1,-1,192.0642,1486677437863
7,18,2,0.3,1,1,1,195.6644,1486677441460,197.0313,1486677442827,195.1312,1486677440930
7,19,2,0.3,1,0,3,198.7313,1486677444527,-1,-1,198.1646,1486677443964
7,20,2,0.3,1,1,1,201.7981,1486677447594,202.3982,1486677448194,201.2314,1486677447030
7,21,2,0.3,1,2,1,204.8317,1486677450627,-1,-1,204.2982,1486677450097
7,22,2,0.3,1,0,2,207.8656,1486677453661,-1,-1,207.3319,1486677453130
7,1,2,0,1,3,3,215.0326,1486677460828,-1,-1,214.499,1486677460296
7,2,2,0,1,3,2,218.099,1486677463895,-1,-1,217.5662,1486677463365
7,3,2,0,1,0,0,221.1326,1486677466928,-1,-1,220.5991,1486677466398
7,4,2,0,1,0,1,224.1993,1486677469995,-1,-1,223.6327,1486677469432
7,5,2,0,1,0,3,227.2329,1486677473029,-1,-1,226.6995,1486677472498
7,6,2,0,1,0,2,230.2998,1486677476096,-1,-1,229.733,1486677475531
7,7,2,0,1,0,0,233.3666,1486677479162,-1,-1,232.8334,1486677478633
7,8,2,0,1,0,1,236.4001,1486677482196,-1,-1,235.8668,1486677481666
7,9,2,0,1,0,3,239.4669,1486677485263,-1,-1,238.9341,1486677484732
7,10,2,0,1,1,1,242.5004,1486677488296,243.134,1486677488930,241.967,1486677487765
7,11,2,0,1,0,0,245.5339,1486677491330,-1,-1,245.0006,1486677490799
7,12,2,0,1,1,1,248.5676,1486677494363,249.1676,1486677494964,248.0342,1486677493833
7,13,2,0,1,1,0,251.6348,1486677497431,252.4678,1486677498264,251.1016,1486677496901
7,14,2,0,1,0,2,254.6683,1486677500464,-1,-1,254.1677,1486677499967
7,15,2,0,1,0,3,257.7684,1486677503564,-1,-1,257.2018,1486677503000
7,16,2,0,1,0,1,260.8347,1486677506631,-1,-1,260.302,1486677506100
7,17,2,0,1,1,3,263.8683,1486677509664,264.9352,1486677510731,263.3348,1486677509134
7,18,2,0,0,0,2,266.9352,1486677512731,267.9021,1486677513698,266.3684,1486677512168
7,19,2,0,1,0,0,270.0028,1486677515799,-1,-1,269.4686,1486677515268
7,20,2,0,1,1,2,273.0688,1486677518865,273.7697,1486677519566,272.5355,1486677518334
7,21,2,0,1,1,0,276.1023,1486677521898,276.7693,1486677522565,275.5691,1486677521369
7,22,2,0,1,0,1,279.1692,1486677524965,-1,-1,278.6033,1486677524402
7,1,2,0.3,1,3,1,283.7028,1486677529499,-1,-1,283.1693,1486677528966
7,2,2,0.3,1,3,2,286.7695,1486677532565,-1,-1,286.2031,1486677532003
7,3,2,0.3,1,0,0,289.8031,1486677535599,-1,-1,289.2728,1486677535072
7,4,2,0.3,1,1,2,292.8699,1486677538666,293.6033,1486677539400,292.3367,1486677538135
7,5,2,0.3,1,2,2,295.9034,1486677541699,-1,-1,295.3708,1486677541169
7,6,2,0.3,1,0,3,298.9371,1486677544733,-1,-1,298.4039,1486677544203
7,7,2,0.3,1,1,2,301.9708,1486677547767,302.7372,1486677548533,301.4374,1486677547236
7,8,2,0.3,1,2,2,305.0042,1486677550800,-1,-1,304.5039,1486677550303
7,9,2,0.3,0,1,2,308.0376,1486677553833,-1,-1,307.5044,1486677553303
7,10,2,0.3,1,0,1,311.1042,1486677556900,-1,-1,310.5381,1486677556337
7,11,2,0.3,1,0,3,314.1379,1486677559934,-1,-1,313.6046,1486677559406
7,12,2,0.3,1,2,3,317.2046,1486677563001,-1,-1,316.6385,1486677562437
7,13,2,0.3,1,2,1,320.2382,1486677566034,-1,-1,319.7047,1486677565504
7,14,2,0.3,1,2,1,323.2719,1486677569068,-1,-1,322.7383,1486677568537
7,15,2,0.3,1,0,0,326.3058,1486677572102,-1,-1,325.7722,1486677571571
7,16,2,0.3,1,1,1,329.3724,1486677575168,330.0721,1486677575868,328.8389,1486677574638
7,17,2,0.3,1,0,2,332.4723,1486677578268,-1,-1,331.9055,1486677577707
7,18,2,0.3,1,1,1,335.5061,1486677581302,336.1056,1486677581902,334.973,1486677580771
7,19,2,0.3,1,0,3,338.6058,1486677584402,-1,-1,338.0393,1486677583838
7,20,2,0.3,1,0,0,341.6727,1486677587468,-1,-1,341.106,1486677586904
7,21,2,0.3,1,2,1,344.7061,1486677590502,-1,-1,344.1729,1486677589971
7,22,2,0.3,1,1,0,347.74,1486677593536,348.6067,1486677594403,347.2063,1486677593007
7,1,2,0,1,3,0,354.4071,1486677600203,-1,-1,353.8403,1486677599637
7,2,2,0,1,3,1,357.5068,1486677603303,-1,-1,356.9403,1486677602738
7,3,2,0,1,0,3,360.5405,1486677606336,-1,-1,360.007,1486677605805
7,4,2,0,1,0,2,363.6406,1486677609436,-1,-1,363.0739,1486677608872
7,5,2,0,1,0,0,366.6752,1486677612471,-1,-1,366.1409,1486677611941
7,6,2,0,1,0,1,369.741,1486677615537,-1,-1,369.2074,1486677615006
7,7,2,0,1,0,3,372.7416,1486677618538,-1,-1,372.2411,1486677618041
7,8,2,0,1,1,1,375.8413,1486677621637,376.7079,1486677622504,375.2745,1486677621073
7,9,2,0,1,0,2,378.8748,1486677624671,-1,-1,378.3416,1486677624140
7,10,2,0,1,0,0,381.9419,1486677627738,-1,-1,381.3755,1486677627175
7,11,2,0,1,0,3,385.0084,1486677630804,-1,-1,384.4757,1486677630275
7,12,2,0,1,1,0,388.042,1486677633838,388.9753,1486677634771,387.5087,1486677633307
7,13,2,0,1,0,1,391.0754,1486677636871,-1,-1,390.5421,1486677636341
7,14,2,0,1,0,2,394.1094,1486677639906,-1,-1,393.5757,1486677639375
7,15,2,0,0,1,1,397.1759,1486677642972,-1,-1,396.6431,1486677642442
7,16,2,0,1,0,0,400.2437,1486677646039,-1,-1,399.7092,1486677645509
7,17,2,0,1,0,3,403.3429,1486677649139,-1,-1,402.7761,1486677648576
7,18,2,0,1,0,2,406.4097,1486677652205,-1,-1,405.8762,1486677651675
7,19,2,0,1,1,3,409.4764,1486677655272,410.0433,1486677655839,408.9098,1486677654708
7,20,2,0,1,0,1,412.51,1486677658306,-1,-1,411.9766,1486677657776
7,21,2,0,1,1,3,415.5435,1486677661339,416.0436,1486677661840,415.0106,1486677660810
7,22,2,0,1,1,1,418.6102,1486677664406,420.2775,1486677666073,418.0436,1486677663842
7,1,2,0.3,1,3,0,424.744,1486677670540,-1,-1,424.2109,1486677670008
7,2,2,0.3,1,3,1,427.8112,1486677673608,-1,-1,427.2446,1486677673044
7,3,2,0.3,1,2,1,430.8777,1486677676674,-1,-1,430.3444,1486677676143
7,4,2,0.3,1,0,3,433.9117,1486677679708,-1,-1,433.3782,1486677679179
7,5,2,0.3,1,2,3,436.9785,1486677682774,-1,-1,436.4447,1486677682243
7,6,2,0.3,1,2,1,440.0448,1486677685841,-1,-1,439.5115,1486677685310
7,7,2,0.3,1,2,1,443.0784,1486677688874,-1,-1,442.545,1486677688343
7,8,2,0.3,1,1,1,446.1451,1486677691941,447.1124,1486677692908,445.5785,1486677691377
7,9,2,0.3,1,0,0,449.1787,1486677694975,-1,-1,448.6454,1486677694444
7,10,2,0.3,1,1,1,452.2122,1486677698008,453.6127,1486677699409,451.6788,1486677697478
7,11,2,0.3,1,1,0,455.2461,1486677701042,456.0459,1486677701842,454.7123,1486677700511
7,12,2,0.3,1,1,1,458.3459,1486677704142,459.0463,1486677704842,457.78,1486677703582
7,13,2,0.3,1,0,3,461.4128,1486677707209,-1,-1,460.8467,1486677706645
7,14,2,0.3,1,1,1,464.4795,1486677710275,465.1462,1486677710942,463.9135,1486677709712
7,15,2,0.3,1,1,3,467.5464,1486677713342,468.58,1486677714376,466.9796,1486677712779
7,16,2,0.3,1,0,0,470.58,1486677716376,-1,-1,470.0466,1486677715845
7,17,2,0.3,1,0,2,473.6467,1486677719443,-1,-1,473.0801,1486677718878
7,18,2,0.3,1,0,1,476.6803,1486677722476,-1,-1,476.1475,1486677721946
7,19,2,0.3,0,2,1,479.7483,1486677725544,480.8137,1486677726610,479.214,1486677725012
7,20,2,0.3,1,2,2,482.814,1486677728610,-1,-1,482.2805,1486677728079
7,21,2,0.3,1,0,0,485.8807,1486677731677,-1,-1,485.3141,1486677731114
7,22,2,0.3,1,0,3,488.9143,1486677734710,-1,-1,488.381,1486677734180
7,1,2,0,1,3,1,505.5486,1486677751344,-1,-1,505.0154,1486677750812
7,2,2,0,1,3,2,508.6487,1486677754445,-1,-1,508.0822,1486677753880
7,3,2,0,1,0,3,511.7156,1486677757511,-1,-1,511.1488,1486677756949
7,4,2,0,1,0,0,514.749,1486677760545,-1,-1,514.2157,1486677760014
7,5,2,0,1,1,3,517.7826,1486677763578,518.7159,1486677764512,517.2498,1486677763049
7,6,2,0,1,1,0,520.8492,1486677766645,522.8494,1486677768645,520.2828,1486677766081
7,7,2,0,1,1,3,523.9163,1486677769712,524.6498,1486677770446,523.3495,1486677769150
7,8,2,0,1,0,2,526.9502,1486677772746,-1,-1,526.4164,1486677772216
7,9,2,0,1,0,1,530.0166,1486677775812,-1,-1,529.4833,1486677775282
7,10,2,0,1,1,2,533.0836,1486677778880,533.8835,1486677779680,532.5168,1486677778315
7,11,2,0,1,0,0,536.1503,1486677781946,-1,-1,535.6174,1486677781416
7,12,2,0,1,0,3,539.1838,1486677784980,-1,-1,538.6505,1486677784449
7,13,2,0,1,0,1,542.2173,1486677788013,-1,-1,541.684,1486677787482
7,14,2,0,1,0,2,545.2841,1486677791080,-1,-1,544.7175,1486677790517
7,15,2,0,0,1,1,548.3176,1486677794113,-1,-1,547.7843,1486677793583
7,16,2,0,0,0,3,551.3845,1486677797180,552.3512,1486677798147,550.8177,1486677796616
7,17,2,0,1,0,0,554.418,1486677800214,-1,-1,553.8846,1486677799684
7,18,2,0,1,0,2,557.4854,1486677803281,-1,-1,556.9181,1486677802716
7,19,2,0,1,1,0,560.5516,1486677806347,561.8519,1486677807648,560.0183,1486677805818
7,20,2,0,1,0,1,563.6185,1486677809414,-1,-1,563.0851,1486677808883
7,21,2,0,1,0,3,566.6531,1486677812449,-1,-1,566.1194,1486677811918
7,22,2,0,1,0,2,569.7522,1486677815549,-1,-1,569.1868,1486677814986
7,1,2,0.3,1,3,3,588.1199,1486677833916,-1,-1,587.5864,1486677833383
7,2,2,0.3,1,3,2,591.1537,1486677836950,-1,-1,590.6201,1486677836421
7,3,2,0.3,1,0,1,594.2207,1486677840017,-1,-1,593.6868,1486677839486
7,4,2,0.3,1,2,1,597.3203,1486677843116,-1,-1,596.7537,1486677842553
7,5,2,0.3,1,0,3,600.3539,1486677846150,-1,-1,599.8206,1486677845619
7,6,2,0.3,1,2,3,603.3877,1486677849184,-1,-1,602.8541,1486677848652
7,7,2,0.3,1,1,3,606.4875,1486677852284,607.3544,1486677853150,605.9209,1486677851721
7,8,2,0.3,1,2,2,609.5544,1486677855350,-1,-1,608.9877,1486677854787
7,9,2,0.3,1,0,0,612.5879,1486677858384,-1,-1,612.0557,1486677857855
7,10,2,0.3,0,0,1,615.6547,1486677861450,617.5549,1486677863351,615.088,1486677860887
7,11,2,0.3,1,1,0,618.7216,1486677864517,619.2219,1486677865018,618.1549,1486677863953
7,12,2,0.3,1,2,0,621.7552,1486677867551,-1,-1,621.2218,1486677867020
7,13,2,0.3,1,0,3,624.7887,1486677870585,-1,-1,624.2554,1486677870055
7,14,2,0.3,1,2,3,627.8221,1486677873618,-1,-1,627.2896,1486677873088
7,15,2,0.3,1,1,3,630.8563,1486677876652,631.723,1486677877519,630.3224,1486677876121
7,16,2,0.3,1,0,2,633.9226,1486677879719,-1,-1,633.389,1486677879187
7,17,2,0.3,1,1,3,636.9893,1486677882785,638.9896,1486677884786,636.4227,1486677882221
7,18,2,0.3,1,0,1,640.0228,1486677885819,-1,-1,639.4894,1486677885289
7,19,2,0.3,1,2,2,643.0565,1486677888853,-1,-1,642.5229,1486677888322
7,20,2,0.3,1,1,1,646.0902,1486677891886,646.8566,1486677892653,645.5568,1486677891355
7,21,2,0.3,1,0,0,649.1899,1486677894986,-1,-1,648.6235,1486677894422
7,22,2,0.3,1,1,1,652.2235,1486677898019,653.0236,1486677898820,651.6901,1486677897489
7,1,2,0,1,3,3,657.1238,1486677902920,-1,-1,656.557,1486677902354
7,2,2,0,1,3,2,660.1906,1486677905986,-1,-1,659.6239,1486677905423
7,3,2,0,0,1,3,663.2242,1486677909020,-1,-1,662.6907,1486677908489
7,4,2,0,1,0,1,666.2911,1486677912087,-1,-1,665.7576,1486677911557
7,5,2,0,1,0,0,669.3245,1486677915120,-1,-1,668.7914,1486677914590
7,6,2,0,1,1,1,672.3584,1486677918154,673.0914,1486677918888,671.8246,1486677917624
7,7,2,0,1,0,2,675.4584,1486677921254,-1,-1,674.8918,1486677920690
7,8,2,0,1,0,3,678.5582,1486677924354,-1,-1,677.9916,1486677923790
7,9,2,0,1,1,2,681.5919,1486677927388,682.5922,1486677928388,681.0591,1486677926857
7,10,2,0,1,0,1,684.6586,1486677930454,-1,-1,684.092,1486677929890
7,11,2,0,1,1,2,687.6921,1486677933488,688.5261,1486677934322,687.1588,1486677932959
7,12,2,0,0,0,3,690.7256,1486677936521,692.0928,1486677937889,690.1923,1486677935991
7,13,2,0,1,1,2,693.7592,1486677939555,694.4259,1486677940222,693.2257,1486677939024
7,14,2,0,1,0,1,696.8259,1486677942622,-1,-1,696.2593,1486677942058
7,15,2,0,1,0,0,699.8595,1486677945655,-1,-1,699.3262,1486677945124
7,16,2,0,1,0,3,702.9263,1486677948722,-1,-1,702.3596,1486677948159
7,17,2,0,1,0,2,705.9598,1486677951756,-1,-1,705.4265,1486677951227
7,18,2,0,1,0,1,708.9933,1486677954789,-1,-1,708.46,1486677954258
7,19,2,0,1,1,2,712.0603,1486677957856,712.6271,1486677958423,711.4934,1486677957292
7,20,2,0,1,0,3,715.127,1486677960923,-1,-1,714.5936,1486677960393
7,21,2,0,1,0,0,718.1605,1486677963956,-1,-1,717.6272,1486677963426
7,22,2,0,1,0,1,721.1942,1486677966990,-1,-1,720.6606,1486677966460
7,1,2,0.3,1,3,2,731.6284,1486677977424,-1,-1,731.0948,1486677976891
7,2,2,0.3,1,3,0,734.6948,1486677980491,-1,-1,734.1614,1486677979961
7,3,2,0.3,1,1,2,737.7617,1486677983557,738.662,1486677984458,737.1949,1486677982993
7,4,2,0.3,1,2,2,740.8285,1486677986624,-1,-1,740.2618,1486677986061
7,5,2,0.3,1,2,0,743.8955,1486677989691,-1,-1,743.3287,1486677989127
7,6,2,0.3,1,1,2,746.9955,1486677992791,747.5621,1486677993358,746.4293,1486677992228
7,7,2,0.3,1,2,2,750.0624,1486677995858,-1,-1,749.5289,1486677995327
7,8,2,0.3,1,2,0,753.129,1486677998925,-1,-1,752.5626,1486677998361
7,9,2,0.3,1,1,2,756.1627,1486678001958,757.463,1486678003259,755.6293,1486678001428
7,10,2,0.3,1,0,3,759.2628,1486678005059,-1,-1,758.6962,1486678004496
7,11,2,0.3,1,0,1,762.3297,1486678008125,-1,-1,761.7638,1486678007563
7,12,2,0.3,1,0,0,765.3966,1486678011192,-1,-1,764.83,1486678010630
7,13,2,0.3,1,0,2,768.4303,1486678014226,-1,-1,767.8969,1486678013696
7,14,2,0.3,1,0,3,771.5302,1486678017326,-1,-1,770.9635,1486678016762
7,15,2,0.3,1,1,2,774.597,1486678020393,775.1974,1486678020993,774.0309,1486678019831
7,16,2,0.3,1,1,3,777.6639,1486678023460,778.3641,1486678024160,777.1302,1486678022929
7,17,2,0.3,0,2,3,780.7306,1486678026527,781.8978,1486678027694,780.1642,1486678025962
7,18,2,0.3,1,0,0,783.7316,1486678029527,-1,-1,783.2308,1486678029030
7,19,2,0.3,1,1,3,786.7977,1486678032594,788.0311,1486678033827,786.2643,1486678032063
7,20,2,0.3,1,0,2,789.8646,1486678035661,-1,-1,789.2982,1486678035097
7,21,2,0.3,1,0,1,792.9318,1486678038728,-1,-1,792.3649,1486678038165
7,22,2,0.3,1,2,1,795.9984,1486678041794,-1,-1,795.465,1486678041263
7,1,2,0,1,3,1,802.0653,1486678047861,-1,-1,801.5321,1486678047329
7,2,2,0,1,3,2,805.1322,1486678050928,-1,-1,804.5988,1486678050397
7,3,2,0,1,0,3,808.2323,1486678054028,-1,-1,807.6656,1486678053465
7,4,2,0,0,1,2,811.2992,1486678057095,-1,-1,810.7325,1486678056531
7,5,2,0,0,0,1,814.3993,1486678060195,815.9994,1486678061795,813.8326,1486678059631
7,6,2,0,0,0,0,817.4662,1486678063262,817.9332,1486678063729,816.8998,1486678062698
7,7,2,0,1,1,1,820.5328,1486678066329,821.3329,1486678067129,819.9669,1486678065765
7,8,2,0,0,0,2,823.5665,1486678069362,824.9667,1486678070763,823.0331,1486678068833
7,9,2,0,0,0,3,826.6669,1486678072463,827.7003,1486678073496,826.1,1486678071898
7,10,2,0,0,0,0,829.7335,1486678075529,831.2335,1486678077030,829.1671,1486678074965
7,11,2,0,0,1,3,832.8336,1486678078630,-1,-1,832.2677,1486678078066
7,12,2,0,1,1,0,835.9005,1486678081696,837.434,1486678083230,835.3339,1486678081133
7,13,2,0,1,0,1,838.934,1486678084730,-1,-1,838.4008,1486678084201
7,14,2,0,1,0,2,842.0009,1486678087797,-1,-1,841.4342,1486678087233
7,15,2,0,0,0,3,845.068,1486678090864,846.7345,1486678092531,844.5011,1486678090300
7,16,2,0,1,0,0,848.1346,1486678093930,-1,-1,847.5682,1486678093367
7,17,2,0,1,1,3,851.2015,1486678096998,852.535,1486678098331,850.6349,1486678096433
7,18,2,0,1,0,1,854.2682,1486678100064,-1,-1,853.7347,1486678099535
7,19,2,0,1,0,2,857.3351,1486678103131,-1,-1,856.7684,1486678102567
7,20,2,0,1,0,0,860.3685,1486678106165,-1,-1,859.8363,1486678105635
7,21,2,0,1,0,3,863.4354,1486678109231,-1,-1,862.8688,1486678108667
7,22,2,0,1,1,0,866.4698,1486678112266,867.7357,1486678113532,865.9357,1486678111734
7,1,2,0.3,1,3,1,874.5026,1486678120298,-1,-1,873.9359,1486678119733
7,2,2,0.3,1,3,3,877.5363,1486678123332,-1,-1,877.0028,1486678122802
7,3,2,0.3,1,1,1,880.5697,1486678126365,881.4032,1486678127199,880.0372,1486678125835
7,4,2,0.3,1,2,1,883.6364,1486678129432,-1,-1,883.0699,1486678128870
7,5,2,0.3,1,0,2,886.7032,1486678132499,-1,-1,886.1366,1486678131935
7,6,2,0.3,1,0,3,889.7369,1486678135533,-1,-1,889.2035,1486678135003
7,7,2,0.3,1,0,0,892.8038,1486678138600,-1,-1,892.2704,1486678138070
7,8,2,0.3,1,1,3,895.9037,1486678141700,896.7047,1486678142501,895.337,1486678141136
7,9,2,0.3,1,0,1,898.9379,1486678144734,-1,-1,898.4047,1486678144203
7,10,2,0.3,1,0,2,902.0045,1486678147800,-1,-1,901.4708,1486678147270
7,11,2,0.3,1,1,1,905.0712,1486678150867,905.7711,1486678151567,904.5375,1486678150336
7,12,2,0.3,1,2,1,908.1713,1486678153967,-1,-1,907.6046,1486678153405
7,13,2,0.3,1,1,1,911.2382,1486678157034,912.2394,1486678158036,910.7047,1486678156503
7,14,2,0.3,1,2,2,914.3383,1486678160134,-1,-1,913.7716,1486678159571
7,15,2,0.3,1,2,2,917.4052,1486678163201,-1,-1,916.8722,1486678162671
7,16,2,0.3,1,2,1,920.4393,1486678166235,-1,-1,919.9056,1486678165704
7,17,2,0.3,0,2,1,923.5055,1486678169301,924.8058,1486678170602,922.9725,1486678168772
7,18,2,0.3,1,1,1,926.6056,1486678172401,927.5392,1486678173335,926.0389,1486678171837
7,19,2,0.3,1,0,2,929.6722,1486678175468,-1,-1,929.1058,1486678174904
7,20,2,0.3,1,1,1,932.7391,1486678178535,933.8395,1486678179635,932.1727,1486678177971
7,21,2,0.3,1,0,3,935.806,1486678181602,-1,-1,935.2394,1486678181038
7,22,2,0.3,1,0,0,938.8729,1486678184669,-1,-1,938.3063,1486678184105
7,1,2,0,1,3,1,943.8732,1486678189669,-1,-1,943.3065,1486678189103
7,2,2,0,1,3,2,946.9069,1486678192703,-1,-1,946.3737,1486678192173
7,3,2,0,1,0,3,950.007,1486678195803,-1,-1,949.4403,1486678195239
7,4,2,0,1,0,1,953.0739,1486678198870,-1,-1,952.5404,1486678198339
7,5,2,0,1,1,3,956.1742,1486678201970,957.6407,1486678203437,955.6073,1486678201406
7,6,2,0,1,0,0,959.2408,1486678205037,-1,-1,958.7074,1486678204508
7,7,2,0,1,0,2,962.3075,1486678208103,-1,-1,961.7411,1486678207540
7,8,2,0,1,0,1,965.3744,1486678211170,-1,-1,964.8077,1486678210607
7,9,2,0,1,0,3,968.4081,1486678214204,-1,-1,967.8746,1486678213674
7,10,2,0,1,1,1,971.5082,1486678217304,972.4755,1486678218272,970.942,1486678216741
7,11,2,0,1,1,3,974.5421,1486678220338,975.2418,1486678221038,974.0089,1486678219809
7,12,2,0,1,1,1,977.6088,1486678223405,978.4432,1486678224239,977.0751,1486678222873
7,13,2,0,1,0,2,980.7086,1486678226504,-1,-1,980.142,1486678225940
7,14,2,0,1,0,0,983.7423,1486678229538,-1,-1,983.2089,1486678229007
7,15,2,0,1,0,3,986.8424,1486678232638,-1,-1,986.2755,1486678232074
7,16,2,0,1,0,1,989.9425,1486678235738,-1,-1,989.3759,1486678235174
7,17,2,0,1,0,2,993.0426,1486678238838,-1,-1,992.476,1486678238275
7,18,2,0,1,0,0,996.0768,1486678241873,-1,-1,995.5428,1486678241341
7,19,2,0,0,1,2,999.1432,1486678244939,-1,-1,998.6097,1486678244408
7,20,2,0,1,0,3,1002.244,1486678248039,-1,-1,1001.677,1486678247476
7,21,2,0,1,1,2,1005.31,1486678251106,1006.177,1486678251973,1004.777,1486678250576
7,22,2,0,1,0,0,1008.41,1486678254206,-1,-1,1007.844,1486678253643
7,1,2,0.3,1,3,3,1025.678,1486678271474,-1,-1,1025.111,1486678270908
7,2,2,0.3,1,3,1,1028.745,1486678274540,-1,-1,1028.211,1486678274010
7,3,2,0.3,1,0,2,1031.812,1486678277608,-1,-1,1031.245,1486678277044
7,4,2,0.3,1,1,1,1034.912,1486678280707,1035.645,1486678281441,1034.345,1486678280145
7,5,2,0.3,0,0,3,1037.979,1486678283775,1038.646,1486678284442,1037.445,1486678283243
7,6,2,0.3,1,0,0,1041.012,1486678286808,-1,-1,1040.479,1486678286277
7,7,2,0.3,0,2,1,1044.112,1486678289908,1044.679,1486678290475,1043.546,1486678289344
7,8,2,0.3,1,1,0,1047.179,1486678292975,1048.213,1486678294009,1046.646,1486678292444
7,9,2,0.3,1,2,0,1050.246,1486678296042,-1,-1,1049.713,1486678295512
7,10,2,0.3,0,2,1,1053.313,1486678299108,1054.146,1486678299942,1052.779,1486678298578
7,11,2,0.3,0,2,1,1056.346,1486678302142,1057.013,1486678302809,1055.813,1486678301611
7,12,2,0.3,1,1,1,1059.446,1486678305242,1060.18,1486678305976,1058.88,1486678304677
7,13,2,0.3,0,2,0,1062.481,1486678308276,1063.014,1486678308810,1061.947,1486678307745
7,14,2,0.3,0,0,2,1065.547,1486678311342,1066.38,1486678312176,1065.013,1486678310811
7,15,2,0.3,1,0,3,1068.614,1486678314409,-1,-1,1068.047,1486678313848
7,16,2,0.3,0,0,1,1071.681,1486678317477,1072.38,1486678318177,1071.114,1486678316913
7,17,2,0.3,1,1,3,1074.781,1486678320577,1075.615,1486678321411,1074.215,1486678320015
7,18,2,0.3,1,2,3,1077.849,1486678323644,-1,-1,1077.281,1486678323079
7,19,2,0.3,1,1,3,1080.915,1486678326711,1081.848,1486678327644,1080.381,1486678326180
7,20,2,0.3,1,0,1,1083.981,1486678329777,-1,-1,1083.448,1486678329248
7,21,2,0.3,1,0,0,1087.048,1486678332844,-1,-1,1086.482,1486678332280
7,22,2,0.3,1,1,1,1090.148,1486678335944,1090.848,1486678336644,1089.582,1486678335381
7,1,2,0,1,3,0,1108.549,1486678354345,-1,-1,1107.983,1486678353779
7,2,2,0,1,3,2,1111.616,1486678357412,-1,-1,1111.083,1486678356882
7,3,2,0,1,0,3,1114.683,1486678360479,-1,-1,1114.15,1486678359948
7,4,2,0,1,0,0,1117.75,1486678363546,-1,-1,1117.216,1486678363014
7,5,2,0,1,0,1,1120.817,1486678366612,-1,-1,1120.283,1486678366081
7,6,2,0,1,0,2,1123.883,1486678369680,-1,-1,1123.317,1486678369116
7,7,2,0,1,0,3,1126.95,1486678372746,-1,-1,1126.384,1486678372183
7,8,2,0,1,1,2,1130.05,1486678375846,1130.717,1486678376513,1129.484,1486678375282
7,9,2,0,1,1,3,1133.117,1486678378913,1133.651,1486678379448,1132.551,1486678378349
7,10,2,0,1,0,1,1136.184,1486678381980,-1,-1,1135.651,1486678381449
7,11,2,0,1,0,0,1139.251,1486678385047,-1,-1,1138.717,1486678384516
7,12,2,0,1,1,1,1142.351,1486678388147,1144.051,1486678389847,1141.784,1486678387583
7,13,2,0,1,0,3,1145.385,1486678391180,-1,-1,1144.851,1486678390651
7,14,2,0,1,0,2,1148.452,1486678394247,-1,-1,1147.918,1486678393716
7,15,2,0,1,0,0,1151.552,1486678397347,-1,-1,1150.985,1486678396783
7,16,2,0,1,0,1,1154.619,1486678400415,-1,-1,1154.052,1486678399851
7,17,2,0,1,0,3,1157.719,1486678403514,-1,-1,1157.152,1486678402950
7,18,2,0,1,1,1,1160.786,1486678406581,1161.586,1486678407382,1160.252,1486678406052
7,19,2,0,1,1,3,1163.886,1486678409681,1164.619,1486678410415,1163.319,1486678409118
7,20,2,0,1,1,1,1166.953,1486678412748,1167.652,1486678413449,1166.419,1486678412217
7,21,2,0,1,0,0,1170.019,1486678415815,-1,-1,1169.453,1486678415251
7,22,2,0,1,0,2,1173.087,1486678418882,-1,-1,1172.553,1486678418351
7,1,2,0.3,1,3,1,1178.72,1486678424516,-1,-1,1178.153,1486678423950
7,2,2,0.3,1,3,2,1181.787,1486678427583,-1,-1,1181.253,1486678427052
7,3,2,0.3,1,1,1,1184.887,1486678430683,1185.82,1486678431616,1184.32,1486678430119
7,4,2,0.3,1,2,1,1187.953,1486678433749,-1,-1,1187.387,1486678433185
7,5,2,0.3,1,0,3,1191.02,1486678436816,-1,-1,1190.454,1486678436252
7,6,2,0.3,1,0,0,1194.087,1486678439883,-1,-1,1193.521,1486678439320
7,7,2,0.3,1,2,0,1197.154,1486678442950,-1,-1,1196.588,1486678442386
7,8,2,0.3,1,1,0,1200.222,1486678446017,1201.255,1486678447051,1199.688,1486678445486
7,9,2,0.3,1,0,3,1203.288,1486678449084,-1,-1,1202.754,1486678448553
7,10,2,0.3,1,0,1,1206.355,1486678452151,-1,-1,1205.788,1486678451588
7,11,2,0.3,1,2,1,1209.422,1486678455217,-1,-1,1208.855,1486678454654
7,12,2,0.3,1,0,2,1212.488,1486678458284,-1,-1,1211.955,1486678457753
7,13,2,0.3,1,1,1,1215.555,1486678461351,1216.422,1486678462218,1215.022,1486678460820
7,14,2,0.3,1,0,3,1218.622,1486678464418,-1,-1,1218.089,1486678463887
7,15,2,0.3,1,1,1,1221.722,1486678467518,1222.456,1486678468252,1221.155,1486678466954
7,16,2,0.3,1,0,2,1224.822,1486678470618,-1,-1,1224.256,1486678470054
7,17,2,0.3,1,0,0,1227.889,1486678473685,-1,-1,1227.323,1486678473123
7,18,2,0.3,1,1,2,1230.989,1486678476785,1231.657,1486678477453,1230.423,1486678476222
7,19,2,0.3,1,2,2,1234.024,1486678479819,-1,-1,1233.49,1486678479289
7,20,2,0.3,1,1,2,1237.09,1486678482886,1237.857,1486678483653,1236.556,1486678482355
7,21,2,0.3,1,2,3,1240.19,1486678485986,-1,-1,1239.623,1486678485422
7,22,2,0.3,1,2,3,1243.224,1486678489019,-1,-1,1242.69,1486678488491
