%Recollect Version 2.3. Scene/Level: , Game Number: 007
%NearTransferObject:GameNumber,BlockNumber,TrialNumber,CurrentNLevel,IsCorrect,StimulusType,Image,PresentationTime,ResponseTime,ExpireTime
%Possible values for "Image":Bear=0,Sheep=1,Duck=2,Elephant=3,Turtle=4,Owl=5,Goat=6,Seal=7,Blank=8,
%Possible values for "Type":NonTarget=0,Target=1,Lure=2,lessThanN=3,
7,0,1,1,0,3,7,1487024989923,-1,1487024989390
7,0,2,1,1,1,7,1487024992990,1487024994657,1487024992459
7,0,3,1,1,0,3,1487024996056,-1,1487024995526
7,0,4,1,1,1,3,1487024999090,1487024999857,1487024998559
7,0,5,1,0,1,3,1487025002123,-1,1487025001592
7,0,6,1,1,0,5,1487025005190,-1,1487025004663
7,0,7,1,1,0,6,1487025008224,-1,1487025007693
7,0,8,1,1,0,3,1487025011257,-1,1487025010760
7,0,9,1,1,0,2,1487025014324,-1,1487025013793
7,0,10,1,0,0,5,1487025017391,1487025018091,1487025016862
7,0,11,1,1,0,4,1487025020425,-1,1487025019894
7,1,1,1,1,3,3,1487025028025,-1,1487025027492
7,1,2,1,1,0,1,1487025031058,-1,1487025030529
7,1,3,1,1,0,2,1487025034125,-1,1487025033596
7,1,4,1,1,1,2,1487025037192,1487025038059,1487025036661
7,1,5,1,1,0,3,1487025040259,-1,1487025039728
7,1,6,1,1,0,6,1487025043326,-1,1487025042795
7,1,7,1,1,1,6,1487025046359,1487025047059,1487025045829
7,1,8,1,1,0,0,1487025049393,-1,1487025048862
7,1,9,1,1,0,5,1487025052459,-1,1487025051929
7,1,10,1,1,1,5,1487025055493,1487025056260,1487025054962
7,1,11,1,1,0,3,1487025058526,-1,1487025057996
7,1,12,1,1,1,3,1487025061560,1487025062195,1487025061029
7,1,13,1,1,0,7,1487025064593,-1,1487025064064
7,1,14,1,1,1,7,1487025067627,1487025068661,1487025067097
7,1,15,1,1,0,2,1487025070660,-1,1487025070130
7,1,16,1,1,0,3,1487025073694,-1,1487025073164
7,1,17,1,1,0,7,1487025076727,-1,1487025076197
7,1,18,1,1,0,0,1487025079761,-1,1487025079231
7,1,19,1,1,0,2,1487025082795,-1,1487025082264
7,1,20,1,1,0,6,1487025085828,-1,1487025085331
7,1,21,1,1,1,6,1487025088895,1487025089596,1487025088364
7,2,1,2,1,3,2,1487025118630,-1,1487025118098
7,2,2,2,1,3,7,1487025121663,-1,1487025121133
7,2,3,2,1,1,2,1487025124730,1487025125297,1487025124200
7,2,4,2,1,0,3,1487025127764,-1,1487025127234
7,2,5,2,0,1,2,1487025130797,-1,1487025130300
7,2,6,2,0,1,3,1487025133832,-1,1487025133334
7,2,7,2,1,0,0,1487025136897,-1,1487025136370
7,2,8,2,1,0,5,1487025139964,-1,1487025139435
7,2,9,2,1,0,7,1487025142998,-1,1487025142467
7,2,10,2,1,0,4,1487025146065,-1,1487025145534
7,2,11,2,1,0,0,1487025149131,-1,1487025148601
7,2,12,2,0,0,2,1487025152165,1487025153232,1487025151634
7,3,1,2,0,3,5,1487025156832,-1,1487025156299
7,3,2,2,0,3,2,1487025159866,-1,1487025159335
7,3,3,2,1,0,1,1487025162932,-1,1487025162402
7,3,4,2,1,0,0,1487025165966,-1,1487025165436
7,3,5,2,1,0,7,1487025169033,-1,1487025168502
7,3,6,2,1,1,0,1487025172033,1487025173001,1487025171535
7,3,7,2,1,0,6,1487025175066,-1,1487025174536
7,3,8,2,0,0,2,1487025178068,1487025178734,1487025177570
7,3,9,2,1,0,1,1487025181100,-1,1487025180603
7,3,10,2,1,1,2,1487025184133,1487025185134,1487025183636
7,3,11,2,1,0,7,1487025187201,-1,1487025186670
7,3,12,2,1,1,2,1487025190234,1487025191301,1487025189704
7,3,13,2,1,0,5,1487025193301,-1,1487025192771
7,3,14,2,1,0,6,1487025196334,-1,1487025195837
7,3,15,2,1,0,4,1487025199401,-1,1487025198871
7,3,16,2,1,1,6,1487025202435,1487025203268,1487025201904
7,3,17,2,1,0,3,1487025205501,-1,1487025204971
7,3,18,2,1,0,1,1487025208535,-1,1487025208004
7,3,19,2,1,0,5,1487025211569,-1,1487025211038
7,3,20,2,1,0,4,1487025214635,-1,1487025214104
7,3,21,2,1,1,5,1487025217669,1487025218870,1487025217139
7,3,22,2,1,1,4,1487025220736,1487025221769,1487025220205
7,4,1,3,1,3,3,1487025236070,-1,1487025235537
7,4,2,3,1,3,0,1487025239103,-1,1487025238573
7,4,3,3,1,3,5,1487025242170,-1,1487025241640
7,4,4,3,1,1,3,1487025245204,1487025246204,1487025244674
7,4,5,3,1,0,6,1487025248270,-1,1487025247740
7,4,6,3,1,0,4,1487025251304,-1,1487025250774
7,4,7,3,1,0,1,1487025254371,-1,1487025253841
7,4,8,3,1,0,7,1487025257404,-1,1487025256874
7,4,9,3,1,1,4,1487025260438,1487025261405,1487025259942
7,4,10,3,0,1,1,1487025263505,-1,1487025262974
7,4,11,3,1,0,3,1487025266539,-1,1487025266041
7,4,12,3,1,0,0,1487025269605,-1,1487025269075
7,4,13,3,1,0,0,1487025272638,-1,1487025272109
7,5,1,3,1,3,3,1487025277639,-1,1487025277140
7,5,2,3,1,3,2,1487025280706,-1,1487025280175
7,5,3,3,1,3,4,1487025283773,-1,1487025283242
7,5,4,3,1,1,3,1487025286839,1487025288540,1487025286309
7,5,5,3,1,0,7,1487025289873,-1,1487025289342
7,5,6,3,1,0,1,1487025292940,-1,1487025292409
7,5,7,3,1,0,5,1487025295973,-1,1487025295442
7,5,8,3,0,0,4,1487025299040,1487025300807,1487025298509
7,5,9,3,1,1,1,1487025302107,1487025302974,1487025301576
7,5,10,3,1,0,6,1487025305107,-1,1487025304610
7,5,11,3,1,0,6,1487025308174,-1,1487025307643
7,5,12,3,1,0,2,1487025311241,-1,1487025310710
7,5,13,3,0,1,6,1487025314275,-1,1487025313777
7,5,14,3,0,1,6,1487025317342,-1,1487025316811
7,5,15,3,1,0,3,1487025320374,-1,1487025319844
7,5,16,3,1,0,1,1487025323441,-1,1487025322911
7,5,17,3,1,0,7,1487025326475,-1,1487025325944
7,5,18,3,1,0,7,1487025329508,-1,1487025328978
7,5,19,3,1,0,5,1487025332542,-1,1487025332011
7,5,20,3,1,1,7,1487025335575,1487025336309,1487025335045
7,5,21,3,0,1,7,1487025338576,-1,1487025338080
7,5,22,3,1,0,1,1487025341642,-1,1487025341112
7,5,23,3,1,0,0,1487025344676,-1,1487025344147
7,6,1,1,1,3,5,1487025363244,-1,1487025362744
7,6,2,1,1,0,0,1487025366310,-1,1487025365781
7,6,3,1,1,0,7,1487025369344,-1,1487025368813
7,6,4,1,0,1,7,1487025372377,-1,1487025371847
7,6,5,1,1,1,7,1487025375411,1487025377612,1487025374880
7,6,6,1,0,0,5,1487025378478,1487025380578,1487025377947
7,6,7,1,1,1,5,1487025381512,1487025382778,1487025381014
7,6,8,1,1,0,1,1487025384578,-1,1487025384048
7,6,9,1,1,0,4,1487025387612,-1,1487025387081
7,6,10,1,1,0,7,1487025390645,-1,1487025390148
7,6,11,1,1,0,3,1487025393679,-1,1487025393182
7,6,12,1,1,0,5,1487025396746,-1,1487025396215
7,6,13,1,1,0,1,1487025399812,-1,1487025399282
7,6,14,1,1,0,7,1487025402879,-1,1487025402348
7,6,15,1,1,0,5,1487025405913,-1,1487025405382
7,6,16,1,1,0,4,1487025408947,-1,1487025408415
7,6,17,1,1,1,4,1487025412013,1487025412681,1487025411482
7,6,18,1,1,0,1,1487025415047,-1,1487025414549
7,6,19,1,1,1,1,1487025418113,1487025418714,1487025417583
7,6,20,1,0,1,1,1487025421147,-1,1487025420616
7,6,21,1,1,0,6,1487025424180,-1,1487025423651
7,7,1,2,1,3,1,1487025438248,-1,1487025437715
7,7,2,2,1,3,2,1487025441315,-1,1487025440786
7,7,3,2,1,0,0,1487025444382,-1,1487025443851
7,7,4,2,1,0,1,1487025447415,-1,1487025446884
7,7,5,2,1,2,1,1487025450482,-1,1487025449952
7,7,6,2,1,0,7,1487025453549,-1,1487025453018
7,7,7,2,1,0,3,1487025456582,-1,1487025456052
7,7,8,2,0,0,2,1487025459616,1487025461016,1487025459085
7,7,9,2,1,2,2,1487025462649,-1,1487025462119
7,7,10,2,1,1,2,1487025465716,1487025466450,1487025465186
7,7,11,2,1,1,2,1487025468749,1487025470151,1487025468219
7,7,12,2,1,0,3,1487025471817,-1,1487025471285
7,7,13,2,1,1,2,1487025474850,1487025476617,1487025474353
7,7,14,2,0,2,2,1487025477917,1487025480150,1487025477387
7,7,15,2,0,2,3,1487025480951,1487025481550,1487025480453
7,7,16,2,1,0,4,1487025484017,-1,1487025483488
7,7,17,2,1,1,3,1487025487051,1487025487952,1487025486554
7,7,18,2,0,2,3,1487025490117,1487025491685,1487025489586
7,7,19,2,0,2,4,1487025493151,1487025493884,1487025492653
7,7,20,2,1,1,3,1487025496218,1487025497551,1487025495688
7,7,21,2,1,1,4,1487025499252,1487025499918,1487025498720
7,7,22,2,1,0,5,1487025502318,-1,1487025501787
7,8,1,3,1,3,5,1487025507752,-1,1487025507219
7,8,2,3,1,3,7,1487025510819,-1,1487025510288
7,8,3,3,1,3,2,1487025513885,-1,1487025513356
7,8,4,3,0,0,3,1487025516919,1487025518719,1487025516388
7,8,5,3,1,0,5,1487025519986,-1,1487025519455
7,8,6,3,1,1,2,1487025523019,1487025524153,1487025522489
7,8,7,3,1,1,3,1487025526086,1487025527553,1487025525555
7,8,8,3,1,2,3,1487025529120,-1,1487025528622
7,8,9,3,0,2,5,1487025532187,1487025532987,1487025531656
7,8,10,3,1,0,6,1487025535220,-1,1487025534722
7,8,11,3,1,2,5,1487025538253,-1,1487025537723
7,8,12,3,1,1,5,1487025541320,1487025542020,1487025540790
7,8,13,3,1,0,0,1487025544387,-1,1487025543857
7,8,14,3,1,0,4,1487025547421,-1,1487025546890
7,8,15,3,1,2,0,1487025550454,-1,1487025549923
7,8,16,3,1,0,2,1487025553488,-1,1487025552991
7,8,17,3,1,0,6,1487025556522,-1,1487025556023
7,8,18,3,1,1,0,1487025559588,1487025560622,1487025559057
7,8,19,3,1,1,2,1487025562622,1487025563722,1487025562091
7,8,20,3,1,0,5,1487025565655,-1,1487025565157
7,8,21,3,1,2,2,1487025568688,-1,1487025568158
7,8,22,3,1,2,0,1487025571722,-1,1487025571191
7,8,23,3,0,1,5,1487025574756,-1,1487025574225
7,9,1,4,0,3,0,1487025579289,-1,1487025578757
7,9,2,4,0,3,3,1487025582356,-1,1487025581825
7,9,3,4,0,3,6,1487025585390,-1,1487025584892
7,9,4,4,0,3,7,1487025588423,-1,1487025587925
7,9,5,4,1,0,5,1487025591456,-1,1487025590959
7,9,6,4,0,1,3,1487025594523,-1,1487025593993
7,9,7,4,0,0,5,1487025597557,1487025598490,1487025597026
7,9,8,4,1,1,7,1487025600624,1487025601791,1487025600092
7,9,9,4,1,2,7,1487025603657,-1,1487025603127
7,9,10,4,1,2,5,1487025606724,-1,1487025606193
7,9,11,4,1,2,7,1487025609757,-1,1487025609227
7,9,12,4,1,2,5,1487025612791,-1,1487025612260
7,9,13,4,1,1,7,1487025615858,1487025617225,1487025615327
7,9,14,4,1,0,2,1487025618891,-1,1487025618360
7,9,15,4,1,0,1,1487025621958,-1,1487025621428
7,9,16,4,0,1,5,1487025624992,-1,1487025624461
7,9,17,4,1,1,7,1487025628058,1487025629059,1487025627528
7,9,18,4,1,2,7,1487025631092,-1,1487025630561
7,9,19,4,1,0,6,1487025634159,-1,1487025633628
7,9,20,4,0,1,5,1487025637192,-1,1487025636661
7,9,21,4,1,0,2,1487025640226,-1,1487025639696
7,9,22,4,1,0,5,1487025643259,-1,1487025642729
7,9,23,4,1,0,4,1487025646293,-1,1487025645762
7,9,24,4,1,2,6,1487025649326,-1,1487025648796
