%Recollect Version 2.3. Scene/Level: , Session: 21, GameNumber: 0
%Note: All true/false values are represented as "1" and "0" respectively.
%Damage:1,Player X Position,Player Y Position,Hearts Left,Time (Relative),Time (Absolute)
%LameBackObject:Algorithm Condition,Trial Number,Current N Level,Lure Rate,Is Correct,Stimulus Type,Stimulus Color,Presentation Time (R),Presentation Time (A),Response Time (R),Response Time (A),Expire Time (R),Expire Time (A)
%Possible values for "Color":Red=0,Blue=1,Green=2,Yellow=3,Purple=4,LightBlue=5,Brown=6,White=7,
%Possible values for "Type":NonTarget=0,Target=1,Lure=2,lessThanN=3,
8,1,2,0.3,1,3,1,15.55493,1487715551636,-1,-1,15.02112,1487715551103
8,2,2,0.3,1,3,0,18.6217,1487715554703,-1,-1,18.08801,1487715554172
8,3,2,0.3,1,2,0,21.68872,1487715557770,-1,-1,21.15479,1487715557239
8,4,2,0.3,1,2,2,24.75525,1487715560837,-1,-1,24.22156,1487715560306
8,5,2,0.3,1,0,3,27.8551,1487715563937,-1,-1,27.28845,1487715563374
8,6,2,0.3,1,0,1,30.88867,1487715566970,-1,-1,30.35583,1487715566440
8,7,2,0.3,1,1,3,33.95544,1487715570037,34.45581,1487715570537,33.38928,1487715569474
8,8,2,0.3,1,2,3,36.98901,1487715573070,-1,-1,36.45557,1487715572539
8,9,2,0.3,1,0,0,40.02246,1487715576104,-1,-1,39.48914,1487715575573
8,10,2,0.3,1,1,3,43.08936,1487715579171,43.65686,1487715579739,42.52258,1487715578608
8,11,2,0.3,1,2,3,46.15613,1487715582238,-1,-1,45.6228,1487715581708
8,12,2,0.3,1,0,1,49.1897,1487715585271,-1,-1,48.65625,1487715584741
8,13,2,0.3,1,0,2,52.22375,1487715588305,-1,-1,51.68982,1487715587774
8,14,2,0.3,1,2,2,55.29004,1487715591371,-1,-1,54.75659,1487715590841
8,15,2,0.3,1,0,0,58.35681,1487715594438,-1,-1,57.79028,1487715593876
8,16,2,0.3,1,2,0,61.42371,1487715597505,-1,-1,60.85693,1487715596943
8,17,2,0.3,1,1,0,64.45789,1487715600539,64.9574,1487715601039,63.92676,1487715600011
8,18,2,0.3,1,1,0,67.52478,1487715603606,69.15771,1487715605239,66.99072,1487715603075
8,19,2,0.3,1,0,3,70.59094,1487715606672,-1,-1,70.05762,1487715606142
8,20,2,0.3,1,0,2,73.62439,1487715609706,-1,-1,73.09167,1487715609175
8,21,2,0.3,1,1,3,76.65796,1487715612739,77.22485,1487715613307,76.12451,1487715612210
8,22,2,0.3,1,1,2,79.75806,1487715615839,80.19141,1487715616273,79.19128,1487715615276
8,1,2,0.3,1,3,2,98.09241,1487715634174,-1,-1,97.59277,1487715633675
8,2,2,0.3,1,3,3,100.8593,1487715636941,-1,-1,100.3593,1487715636443
8,3,2,0.3,1,2,3,103.6261,1487715639708,-1,-1,103.126,1487715639211
8,4,2,0.3,1,2,0,106.3934,1487715642475,-1,-1,105.8928,1487715641979
8,5,2,0.3,1,0,2,109.1597,1487715645241,-1,-1,108.6598,1487715644744
8,6,2,0.3,1,0,1,111.9272,1487715648009,-1,-1,111.4265,1487715647512
8,7,2,0.3,1,1,2,114.6938,1487715650775,115.1599,1487715651242,114.1934,1487715650278
8,8,2,0.3,1,1,1,117.4602,1487715653542,117.927,1487715654009,116.9601,1487715653044
8,9,2,0.3,1,2,1,120.2269,1487715656308,-1,-1,119.7269,1487715655813
8,10,2,0.3,1,0,0,122.9939,1487715659075,-1,-1,122.4941,1487715658579
8,11,2,0.3,1,1,1,125.761,1487715661842,126.2279,1487715662310,125.2606,1487715661344
8,12,2,0.3,1,1,0,128.5276,1487715664609,129.0278,1487715665110,128.0281,1487715664112
8,13,2,0.3,1,1,1,131.2943,1487715667376,131.8611,1487715667943,130.7942,1487715666879
8,14,2,0.3,1,0,2,134.0612,1487715670143,-1,-1,133.561,1487715669645
8,15,2,0.3,1,0,3,136.8279,1487715672909,-1,-1,136.328,1487715672413
8,16,2,0.3,1,0,0,139.5946,1487715675676,-1,-1,139.0947,1487715675179
8,17,2,0.3,1,0,1,142.3616,1487715678443,-1,-1,141.8616,1487715677945
8,18,2,0.3,1,2,1,145.1285,1487715681211,-1,-1,144.6284,1487715680713
8,19,2,0.3,1,2,0,147.8951,1487715683977,-1,-1,147.3951,1487715683479
8,20,2,0.3,1,0,2,150.662,1487715686744,-1,-1,150.1628,1487715686249
8,21,2,0.3,1,2,2,153.4288,1487715689510,-1,-1,152.9293,1487715689013
8,22,2,0.3,1,1,2,156.1957,1487715692277,156.6624,1487715692744,155.6957,1487715691780
8,1,2,0.3,1,3,3,174.1967,1487715710278,-1,-1,173.7633,1487715709845
8,2,2,0.3,1,3,0,176.6635,1487715712745,-1,-1,176.2303,1487715712315
8,3,2,0.3,1,0,2,179.1304,1487715715212,-1,-1,178.6969,1487715714783
8,4,2,0.3,1,1,0,181.5972,1487715717679,182.097,1487715718179,181.1637,1487715717248
8,5,2,0.3,1,2,0,184.0638,1487715720145,-1,-1,183.6306,1487715719715
8,6,2,0.3,1,0,1,186.5309,1487715722612,-1,-1,186.0974,1487715722182
8,7,2,0.3,1,0,3,188.9977,1487715725079,-1,-1,188.5642,1487715724648
8,8,2,0.3,1,1,1,191.4644,1487715727546,191.998,1487715728080,191.031,1487715727116
8,9,2,0.3,1,0,2,193.9312,1487715730013,-1,-1,193.4979,1487715729582
8,10,2,0.3,1,1,1,196.3981,1487715732480,197.1316,1487715733213,195.9646,1487715732048
8,11,2,0.3,1,2,1,198.8649,1487715734946,-1,-1,198.4314,1487715734515
8,12,2,0.3,1,1,1,201.3315,1487715737413,201.8987,1487715737981,200.8983,1487715736982
8,13,2,0.3,1,0,2,203.7983,1487715739880,-1,-1,203.3649,1487715739449
8,14,2,0.3,1,0,0,206.2651,1487715742347,-1,-1,205.8318,1487715741917
8,15,2,0.3,1,2,0,208.7319,1487715744813,-1,-1,208.2987,1487715744383
8,16,2,0.3,1,2,2,211.1989,1487715747280,-1,-1,210.7654,1487715746850
8,17,2,0.3,1,0,1,213.6655,1487715749747,-1,-1,213.2322,1487715749316
8,18,2,0.3,1,2,0,216.1326,1487715752214,-1,-1,215.6991,1487715751783
8,19,2,0.3,1,1,1,218.5992,1487715754681,219.066,1487715755148,218.1658,1487715754251
8,20,2,0.3,1,2,1,221.066,1487715757148,-1,-1,220.6327,1487715756718
8,21,2,0.3,1,1,1,223.5328,1487715759614,224.1005,1487715760182,223.0995,1487715759184
8,22,2,0.3,1,0,0,225.9996,1487715762081,-1,-1,225.5664,1487715761650
8,1,2,0.3,1,3,1,243.701,1487715779783,-1,-1,243.3005,1487715779382
8,2,2,0.3,1,3,2,245.934,1487715782015,-1,-1,245.5341,1487715781620
8,3,2,0.3,1,0,0,248.1675,1487715784249,-1,-1,247.7676,1487715783852
8,4,2,0.3,1,2,0,250.4011,1487715786483,-1,-1,250.0009,1487715786085
8,5,2,0.3,1,0,1,252.6345,1487715788716,-1,-1,252.2344,1487715788319
8,6,2,0.3,1,2,1,254.868,1487715790949,-1,-1,254.468,1487715790552
8,7,2,0.3,1,1,1,257.1013,1487715793183,257.6019,1487715793684,256.7013,1487715792787
8,8,2,0.3,1,1,1,259.3348,1487715795416,259.9348,1487715796017,258.9348,1487715795019
8,9,2,0.3,1,1,1,261.5684,1487715797650,262.035,1487715798117,261.1683,1487715797253
8,10,2,0.3,1,1,1,263.8018,1487715799883,264.3018,1487715800383,263.4017,1487715799486
8,11,2,0.3,1,2,3,266.0352,1487715802117,-1,-1,265.6353,1487715801719
8,12,2,0.3,1,0,2,268.2688,1487715804350,-1,-1,267.8687,1487715803953
8,13,2,0.3,1,0,0,270.5021,1487715806584,-1,-1,270.1021,1487715806188
8,14,2,0.3,1,0,1,272.7355,1487715808817,-1,-1,272.3356,1487715808420
8,15,2,0.3,1,2,2,274.9697,1487715811051,-1,-1,274.569,1487715810653
8,16,2,0.3,1,1,1,277.2025,1487715813284,277.6361,1487715813718,276.8024,1487715812887
8,17,2,0.3,1,2,1,279.4359,1487715815517,-1,-1,279.0359,1487715815121
8,18,2,0.3,1,0,0,281.6694,1487715817751,-1,-1,281.2693,1487715817355
8,19,2,0.3,1,2,0,283.903,1487715819984,-1,-1,283.5028,1487715819587
8,20,2,0.3,1,1,0,286.1362,1487715822218,286.7034,1487715822786,285.7363,1487715821820
8,21,2,0.3,1,0,3,288.37,1487715824452,-1,-1,287.9701,1487715824054
8,22,2,0.3,1,0,2,290.6035,1487715826685,-1,-1,290.2035,1487715826287
8,1,2,0.3,1,3,1,308.0043,1487715844086,-1,-1,307.6709,1487715843753
8,2,2,0.3,1,3,2,310.0045,1487715846086,-1,-1,309.671,1487715845755
8,3,2,0.3,1,2,2,312.0045,1487715848087,-1,-1,311.6711,1487715847755
8,4,2,0.3,1,2,1,314.0045,1487715850086,-1,-1,313.6713,1487715849755
8,5,2,0.3,1,0,3,316.0046,1487715852086,-1,-1,315.6715,1487715851756
8,6,2,0.3,1,1,1,318.0048,1487715854086,318.5385,1487715854620,317.6714,1487715853758
8,7,2,0.3,1,1,3,320.0049,1487715856086,320.4385,1487715856520,319.6715,1487715855756
8,8,2,0.3,1,2,3,322.005,1487715858086,-1,-1,321.6721,1487715857756
8,9,2,0.3,1,1,3,324.0051,1487715860087,324.472,1487715860554,323.6718,1487715859756
8,10,2,0.3,1,0,2,326.0052,1487715862087,-1,-1,325.6719,1487715861756
8,11,2,0.3,1,1,3,328.0054,1487715864087,328.5056,1487715864587,327.672,1487715863757
8,12,2,0.3,1,2,3,330.0055,1487715866087,-1,-1,329.6721,1487715865758
8,13,2,0.3,1,1,3,332.0056,1487715868087,332.5059,1487715868588,331.6729,1487715867757
8,14,2,0.3,1,0,0,334.0057,1487715870088,-1,-1,333.6724,1487715869757
8,15,2,0.3,1,2,0,336.0059,1487715872087,-1,-1,335.6725,1487715871756
8,16,2,0.3,1,0,2,338.0059,1487715874087,-1,-1,337.6726,1487715873757
8,17,2,0.3,1,0,3,340.006,1487715876088,-1,-1,339.6727,1487715875758
8,18,2,0.3,1,0,1,342.0062,1487715878088,-1,-1,341.6727,1487715877757
8,19,2,0.3,1,0,0,344.0062,1487715880088,-1,-1,343.6729,1487715879757
8,20,2,0.3,1,1,1,346.0063,1487715882088,346.4734,1487715882555,345.673,1487715881757
8,21,2,0.3,1,0,3,348.0065,1487715884088,-1,-1,347.6731,1487715883758
8,22,2,0.3,1,2,0,350.0071,1487715886089,-1,-1,349.6732,1487715885758
8,1,2,0.3,1,3,3,367.2076,1487715903289,-1,-1,366.8744,1487715902956
8,2,2,0.3,1,3,1,369.0411,1487715905123,-1,-1,368.7076,1487715904792
8,3,2,0.3,1,0,2,370.8744,1487715906956,-1,-1,370.5411,1487715906626
8,4,2,0.3,1,1,1,372.708,1487715908789,373.2755,1487715909357,372.3745,1487715908459
8,5,2,0.3,1,0,3,374.5413,1487715910623,-1,-1,374.208,1487715910294
8,6,2,0.3,1,0,0,376.3748,1487715912456,-1,-1,376.0414,1487715912126
8,7,2,0.3,1,0,2,378.2081,1487715914290,-1,-1,377.8748,1487715913959
8,8,2,0.3,1,0,1,380.0416,1487715916123,-1,-1,379.7083,1487715915792
8,9,2,0.3,1,2,0,381.875,1487715917956,-1,-1,381.5417,1487715917626
8,10,2,0.3,1,1,1,383.7086,1487715919790,384.1753,1487715920257,383.375,1487715919460
8,11,2,0.3,1,2,1,385.5419,1487715921623,-1,-1,385.2085,1487715921293
8,12,2,0.3,1,2,0,387.3754,1487715923457,-1,-1,387.042,1487715923126
8,13,2,0.3,1,1,1,389.2091,1487715925291,389.7422,1487715925824,388.8755,1487715924959
8,14,2,0.3,1,2,1,391.0422,1487715927124,-1,-1,390.7089,1487715926793
8,15,2,0.3,1,2,0,392.8756,1487715928957,-1,-1,392.5424,1487715928628
8,16,2,0.3,1,2,0,394.7095,1487715930791,-1,-1,394.3757,1487715930460
8,17,2,0.3,1,1,0,396.5425,1487715932624,397.2097,1487715933291,396.2092,1487715932294
8,18,2,0.3,1,1,0,398.376,1487715934457,399.0763,1487715935158,398.0426,1487715934127
8,19,2,0.3,1,0,3,400.2095,1487715936291,-1,-1,399.8761,1487715935960
8,20,2,0.3,1,1,0,402.043,1487715938124,402.4762,1487715938558,401.7094,1487715937793
8,21,2,0.3,1,0,1,403.8762,1487715939958,-1,-1,403.543,1487715939629
8,22,2,0.3,1,0,2,405.7098,1487715941791,-1,-1,405.3763,1487715941460
8,1,2,0.3,1,3,2,422.7107,1487715958792,-1,-1,422.4106,1487715958493
8,2,2,0.3,1,3,3,424.3441,1487715960426,-1,-1,424.0441,1487715960127
8,3,2,0.3,1,0,1,425.9777,1487715962059,-1,-1,425.6782,1487715961762
8,4,2,0.3,0,0,2,427.6112,1487715963693,428.6115,1487715964693,427.3109,1487715963396
8,5,2,0.3,1,1,1,429.2444,1487715965326,429.8112,1487715965893,428.9443,1487715965028
8,6,2,0.3,1,1,2,430.8779,1487715966959,431.5114,1487715967593,430.5779,1487715966662
8,7,2,0.3,1,0,3,432.5112,1487715968593,-1,-1,432.2113,1487715968295
8,8,2,0.3,1,2,3,434.1447,1487715970226,-1,-1,433.8447,1487715969929
8,9,2,0.3,1,2,2,435.7781,1487715971860,-1,-1,435.4781,1487715971563
8,10,2,0.3,1,2,2,437.4115,1487715973493,-1,-1,437.1115,1487715973196
8,11,2,0.3,1,2,3,439.0448,1487715975126,-1,-1,438.7449,1487715974829
8,12,2,0.3,1,0,1,440.6787,1487715976760,-1,-1,440.3784,1487715976462
8,13,2,0.3,1,0,0,442.3118,1487715978393,-1,-1,442.0117,1487715978096
8,14,2,0.3,1,1,1,443.9458,1487715980027,444.4452,1487715980527,443.6451,1487715979730
8,15,2,0.3,1,2,1,445.5787,1487715981660,-1,-1,445.2786,1487715981364
8,16,2,0.3,1,2,0,447.212,1487715983294,-1,-1,446.912,1487715982997
8,17,2,0.3,1,1,1,448.8455,1487715984927,449.3121,1487715985394,448.5455,1487715984630
8,18,2,0.3,1,0,2,450.4789,1487715986560,-1,-1,450.1791,1487715986263
8,19,2,0.3,1,1,1,452.1124,1487715988194,452.5464,1487715988628,451.8129,1487715987897
8,20,2,0.3,1,1,2,453.7457,1487715989827,454.1459,1487715990228,453.4458,1487715989531
8,21,2,0.3,1,0,0,455.3792,1487715991461,-1,-1,455.0792,1487715991164
8,22,2,0.3,1,0,3,457.0126,1487715993094,-1,-1,456.7125,1487715992797
8,1,2,0.3,1,3,3,473.7803,1487716009862,-1,-1,473.5135,1487716009595
8,2,2,0.3,1,3,0,475.2471,1487716011328,-1,-1,474.9803,1487716011065
8,3,2,0.3,1,0,1,476.7145,1487716012796,-1,-1,476.447,1487716012533
8,4,2,0.3,1,2,1,478.1804,1487716014262,-1,-1,477.9138,1487716013999
8,5,2,0.3,1,0,2,479.6472,1487716015729,-1,-1,479.3806,1487716015466
8,6,2,0.3,1,1,1,481.114,1487716017196,481.6145,1487716017696,480.8473,1487716016931
8,7,2,0.3,1,1,2,482.5807,1487716018662,483.0476,1487716019130,482.3141,1487716018398
8,8,2,0.3,1,2,2,484.0474,1487716020130,-1,-1,483.7808,1487716019867
8,9,2,0.3,1,1,2,485.5143,1487716021596,486.0144,1487716022097,485.2474,1487716021332
8,10,2,0.3,1,0,0,486.9811,1487716023063,-1,-1,486.7144,1487716022798
8,11,2,0.3,1,2,0,488.4478,1487716024529,-1,-1,488.181,1487716024265
8,12,2,0.3,1,2,2,489.9155,1487716025997,-1,-1,489.6479,1487716025733
8,13,2,0.3,1,2,2,491.3812,1487716027463,-1,-1,491.1145,1487716027199
8,14,2,0.3,1,2,0,492.8483,1487716028930,-1,-1,492.5813,1487716028666
8,15,2,0.3,1,1,2,494.3147,1487716030396,494.7483,1487716030830,494.048,1487716030133
8,16,2,0.3,1,0,3,495.7815,1487716031863,-1,-1,495.5148,1487716031599
8,17,2,0.3,1,0,1,497.2485,1487716033330,-1,-1,496.9817,1487716033066
8,18,2,0.3,1,1,3,498.715,1487716034796,499.182,1487716035264,498.4484,1487716034532
8,19,2,0.3,1,1,1,500.1818,1487716036263,500.7153,1487716036797,499.9149,1487716036000
8,20,2,0.3,1,0,2,501.6486,1487716037730,-1,-1,501.3818,1487716037466
8,21,2,0.3,1,0,0,503.1152,1487716039197,-1,-1,502.8486,1487716038934
8,22,2,0.3,0,0,3,504.5819,1487716040663,505.2489,1487716041331,504.3152,1487716040399
8,1,2,0.3,1,3,2,521.1829,1487716057264,-1,-1,520.9496,1487716057031
8,2,2,0.3,1,3,3,522.5164,1487716058598,-1,-1,522.283,1487716058369
8,3,2,0.3,1,2,3,523.8497,1487716059931,-1,-1,523.6163,1487716059701
8,4,2,0.3,1,1,3,525.1831,1487716061265,525.7498,1487716061832,524.9498,1487716061034
8,5,2,0.3,1,1,3,526.5165,1487716062598,527.3167,1487716063398,526.2832,1487716062367
8,6,2,0.3,1,2,0,527.85,1487716063931,-1,-1,527.6166,1487716063701
8,7,2,0.3,1,2,0,529.1833,1487716065265,-1,-1,528.95,1487716065036
8,8,2,0.3,1,0,1,530.5167,1487716066598,-1,-1,530.2838,1487716066368
8,9,2,0.3,1,0,2,531.8501,1487716067932,-1,-1,531.6168,1487716067701
8,10,2,0.3,1,2,0,533.1836,1487716069265,-1,-1,532.9502,1487716069034
8,11,2,0.3,1,1,2,534.517,1487716070598,534.9504,1487716071032,534.2836,1487716070368
8,12,2,0.3,1,1,0,535.8503,1487716071932,536.384,1487716072466,535.6171,1487716071701
8,13,2,0.3,1,0,3,537.1838,1487716073265,-1,-1,536.9504,1487716073036
8,14,2,0.3,1,0,1,538.5172,1487716074599,-1,-1,538.2843,1487716074368
8,15,2,0.3,1,0,2,539.8506,1487716075932,-1,-1,539.6173,1487716075702
8,16,2,0.3,1,1,1,541.184,1487716077265,541.6514,1487716077733,540.9507,1487716077035
8,17,2,0.3,1,0,0,542.5176,1487716078599,-1,-1,542.2841,1487716078368
8,18,2,0.3,1,1,1,543.8507,1487716079932,544.5176,1487716080599,543.6174,1487716079703
8,19,2,0.3,1,2,1,545.1843,1487716081266,-1,-1,544.9514,1487716081035
8,20,2,0.3,1,0,3,546.5178,1487716082599,-1,-1,546.2843,1487716082368
8,21,2,0.3,1,0,2,547.8511,1487716083933,-1,-1,547.6182,1487716083702
8,22,2,0.3,1,2,2,549.1844,1487716085266,-1,-1,548.9512,1487716085035
8,1,2,0.3,1,3,3,565.6521,1487716101734,-1,-1,565.4187,1487716101501
8,2,2,0.3,1,3,1,566.8854,1487716102967,-1,-1,566.6521,1487716102736
8,3,2,0.3,1,2,1,568.1188,1487716104200,-1,-1,567.8855,1487716103970
8,4,2,0.3,1,0,2,569.3522,1487716105434,-1,-1,569.1189,1487716105203
8,5,2,0.3,1,1,1,570.5857,1487716106667,571.0192,1487716107101,570.3523,1487716106437
8,6,2,0.3,1,0,0,571.8191,1487716107901,-1,-1,571.5857,1487716107672
8,7,2,0.3,1,2,2,573.0525,1487716109134,-1,-1,572.8191,1487716108903
8,8,2,0.3,1,1,0,574.286,1487716110367,574.8527,1487716110934,574.0525,1487716110137
8,9,2,0.3,1,2,0,575.5194,1487716111601,-1,-1,575.2859,1487716111370
8,10,2,0.3,1,0,3,576.7527,1487716112834,-1,-1,576.5199,1487716112604
8,11,2,0.3,1,0,1,577.9861,1487716114068,-1,-1,577.7528,1487716113839
8,12,2,0.3,1,2,1,579.2196,1487716115301,-1,-1,578.9861,1487716115071
8,13,2,0.3,1,0,0,580.4529,1487716116534,-1,-1,580.2195,1487716116303
8,14,2,0.3,1,2,0,581.6863,1487716117768,-1,-1,581.4529,1487716117537
8,15,2,0.3,1,2,1,582.9197,1487716119001,-1,-1,582.6864,1487716118770
8,16,2,0.3,1,0,3,584.1531,1487716120235,-1,-1,583.9199,1487716120004
8,17,2,0.3,1,0,2,585.3865,1487716121468,-1,-1,585.1532,1487716121238
8,18,2,0.3,1,0,0,586.6199,1487716122701,-1,-1,586.3866,1487716122471
8,19,2,0.3,1,1,2,587.8533,1487716123935,588.3535,1487716124435,587.62,1487716123704
8,20,2,0.3,1,1,0,589.087,1487716125168,589.6202,1487716125702,588.8534,1487716124937
8,21,2,0.3,1,1,2,590.3201,1487716126402,590.8202,1487716126902,590.0868,1487716126172
8,22,2,0.3,1,1,0,591.5536,1487716127635,592.0205,1487716128102,591.3202,1487716127405
8,1,2,0.3,1,3,0,607.9214,1487716144003,-1,-1,607.6884,1487716143770
8,2,2,0.3,1,3,3,609.0547,1487716145136,-1,-1,608.8212,1487716144905
8,3,2,0.3,1,2,3,610.1881,1487716146270,-1,-1,609.9545,1487716146038
8,4,2,0.3,1,1,3,611.3212,1487716147403,611.9214,1487716148003,611.088,1487716147172
8,5,2,0.3,1,0,0,612.4546,1487716148536,-1,-1,612.2213,1487716148307
8,6,2,0.3,1,1,3,613.5881,1487716149670,614.0551,1487716150137,613.3547,1487716149439
8,7,2,0.3,1,1,0,614.7214,1487716150803,615.1216,1487716151203,614.4883,1487716150572
8,8,2,0.3,1,2,0,615.8549,1487716151936,-1,-1,615.6216,1487716151706
8,9,2,0.3,1,2,3,616.9882,1487716153070,-1,-1,616.755,1487716152840
8,10,2,0.3,1,0,2,618.1217,1487716154203,-1,-1,617.8883,1487716153974
8,11,2,0.3,1,2,2,619.2551,1487716155337,-1,-1,619.0217,1487716155106
8,12,2,0.3,1,0,1,620.3888,1487716156470,-1,-1,620.1552,1487716156240
8,13,2,0.3,1,0,3,621.5221,1487716157604,-1,-1,621.2886,1487716157373
8,14,2,0.3,1,2,3,622.6553,1487716158737,-1,-1,622.4225,1487716158506
8,15,2,0.3,1,0,0,623.7887,1487716159870,-1,-1,623.5553,1487716159641
8,16,2,0.3,1,2,0,624.9224,1487716161004,-1,-1,624.6888,1487716160773
8,17,2,0.3,1,1,0,626.0562,1487716162138,626.6224,1487716162704,625.8221,1487716161907
8,18,2,0.3,1,0,1,627.1888,1487716163270,-1,-1,626.9554,1487716163040
8,19,2,0.3,1,0,2,628.3221,1487716164404,-1,-1,628.089,1487716164173
8,20,2,0.3,1,1,1,629.4559,1487716165537,629.923,1487716166005,629.2223,1487716165306
8,21,2,0.3,1,1,2,630.5892,1487716166671,631.0892,1487716167171,630.3556,1487716166441
8,22,2,0.3,1,0,0,631.7225,1487716167804,-1,-1,631.4891,1487716167573
8,1,2,0.3,1,3,0,647.924,1487716184005,-1,-1,647.7567,1487716183838
8,2,2,0.3,1,3,1,648.89,1487716184972,-1,-1,648.7233,1487716184807
8,3,2,0.3,1,0,3,649.8568,1487716185938,-1,-1,649.6901,1487716185774
8,4,2,0.3,1,0,2,650.8236,1487716186905,-1,-1,650.6566,1487716186742
8,5,2,0.3,1,0,0,651.7902,1487716187872,-1,-1,651.6237,1487716187708
8,6,2,0.3,1,2,3,652.7572,1487716188839,-1,-1,652.5902,1487716188674
8,7,2,0.3,1,0,1,653.7238,1487716189805,-1,-1,653.557,1487716189642
8,8,2,0.3,1,0,2,654.691,1487716190772,-1,-1,654.5238,1487716190608
8,9,2,0.3,1,1,1,655.6571,1487716191739,656.2574,1487716192339,655.4904,1487716191576
8,10,2,0.3,1,1,2,656.6239,1487716192705,657.0573,1487716193139,656.4572,1487716192542
8,11,2,0.3,1,0,3,657.5907,1487716193672,-1,-1,657.424,1487716193509
8,12,2,0.3,1,1,2,658.558,1487716194639,659.0248,1487716195106,658.3905,1487716194475
8,13,2,0.3,1,0,0,659.524,1487716195606,-1,-1,659.3573,1487716195442
8,14,2,0.3,1,2,0,660.4906,1487716196573,-1,-1,660.3241,1487716196409
8,15,2,0.3,1,0,1,661.4574,1487716197539,-1,-1,661.2906,1487716197377
8,16,2,0.3,1,1,0,662.4242,1487716198506,662.9242,1487716199006,662.2577,1487716198342
8,17,2,0.3,1,1,1,663.391,1487716199472,663.9261,1487716200008,663.2247,1487716199310
8,18,2,0.3,1,2,1,664.3578,1487716200439,-1,-1,664.191,1487716200275
8,19,2,0.3,1,1,1,665.3243,1487716201406,665.8585,1487716201940,665.1583,1487716201242
8,20,2,0.3,1,2,2,666.2911,1487716202373,-1,-1,666.1249,1487716202211
8,21,2,0.3,1,2,2,667.2577,1487716203339,-1,-1,667.0912,1487716203175
8,22,2,0.3,1,2,1,668.225,1487716204306,-1,-1,668.058,1487716204142
8,1,2,0.3,1,3,3,684.2921,1487716220374,-1,-1,684.1256,1487716220207
8,2,2,0.3,1,3,1,685.192,1487716221274,-1,-1,685.0255,1487716221109
8,3,2,0.3,1,2,1,686.0922,1487716222174,-1,-1,685.9254,1487716222011
8,4,2,0.3,1,0,2,686.9921,1487716223074,-1,-1,686.8256,1487716222910
8,5,2,0.3,1,0,3,687.8927,1487716223974,-1,-1,687.7257,1487716223811
8,6,2,0.3,1,2,1,688.7926,1487716224874,-1,-1,688.6256,1487716224710
8,7,2,0.3,1,2,1,689.6923,1487716225774,-1,-1,689.5258,1487716225611
8,8,2,0.3,1,2,3,690.5924,1487716226674,-1,-1,690.4257,1487716226511
8,9,2,0.3,1,1,1,691.4933,1487716227575,691.9594,1487716228041,691.3258,1487716227411
8,10,2,0.3,1,1,3,692.3925,1487716228474,692.8263,1487716228908,692.2257,1487716228310
8,11,2,0.3,1,1,1,693.2926,1487716229374,693.726,1487716229808,693.1263,1487716229210
8,12,2,0.3,1,0,0,694.1927,1487716230274,-1,-1,694.026,1487716230110
8,13,2,0.3,1,0,2,695.0927,1487716231174,-1,-1,694.9264,1487716231011
8,14,2,0.3,1,1,0,695.9938,1487716232075,696.5267,1487716232608,695.826,1487716231912
8,15,2,0.3,1,1,2,696.8929,1487716232974,697.36,1487716233442,696.726,1487716232810
8,16,2,0.3,1,2,2,697.7928,1487716233874,-1,-1,697.6261,1487716233710
8,17,2,0.3,1,2,0,698.693,1487716234775,-1,-1,698.5262,1487716234610
8,18,2,0.3,1,0,1,699.5931,1487716235675,-1,-1,699.4261,1487716235510
8,19,2,0.3,1,1,0,700.4938,1487716236575,700.9264,1487716237008,700.3263,1487716236411
8,20,2,0.3,1,0,2,701.3929,1487716237475,-1,-1,701.2264,1487716237311
8,21,2,0.3,1,0,3,702.2931,1487716238375,-1,-1,702.1263,1487716238211
8,22,2,0.3,1,0,1,703.1932,1487716239275,-1,-1,703.0265,1487716239111
8,1,2,0.3,1,3,0,719.1945,1487716255276,-1,-1,719.028,1487716255110
8,2,2,0.3,1,3,2,720.0275,1487716256109,-1,-1,719.8612,1487716255947
8,3,2,0.3,0,1,0,720.8607,1487716256942,-1,-1,720.6942,1487716256778
8,4,2,0.3,1,2,0,721.6942,1487716257776,-1,-1,721.5275,1487716257612
8,5,2,0.3,1,0,1,722.5275,1487716258609,-1,-1,722.361,1487716258445
8,6,2,0.3,1,0,3,723.3617,1487716259443,-1,-1,723.1942,1487716259278
8,7,2,0.3,1,2,0,724.1942,1487716260276,-1,-1,724.0282,1487716260112
8,8,2,0.3,1,2,0,725.0277,1487716261109,-1,-1,724.8612,1487716260945
8,9,2,0.3,1,1,0,725.8617,1487716261943,726.3612,1487716262443,725.6945,1487716261778
8,10,2,0.3,1,0,3,726.6945,1487716262776,-1,-1,726.5282,1487716262612
8,11,2,0.3,1,2,3,727.528,1487716263609,-1,-1,727.3617,1487716263446
8,12,2,0.3,1,1,3,728.3612,1487716264443,728.8282,1487716264910,728.1945,1487716264279
8,13,2,0.3,1,1,3,729.1947,1487716265276,729.8282,1487716265910,729.0284,1487716265113
8,14,2,0.3,1,2,0,730.028,1487716266109,-1,-1,729.8612,1487716265945
8,15,2,0.3,1,0,1,730.8612,1487716266943,-1,-1,730.6947,1487716266779
8,16,2,0.3,1,0,2,731.6947,1487716267776,-1,-1,731.5282,1487716267613
8,17,2,0.3,1,1,1,732.5282,1487716268610,733.0284,1487716269111,732.3615,1487716268446
8,18,2,0.3,1,2,1,733.3619,1487716269443,-1,-1,733.1947,1487716269280
8,19,2,0.3,1,1,1,734.1949,1487716270277,734.7286,1487716270811,734.0282,1487716270112
8,20,2,0.3,1,0,0,735.0282,1487716271110,-1,-1,734.8619,1487716270947
8,21,2,0.3,1,0,2,735.8617,1487716271944,-1,-1,735.6949,1487716271779
8,22,2,0.3,1,0,3,736.6952,1487716272777,-1,-1,736.5284,1487716272612
8,1,2,0.3,1,3,1,752.6293,1487716288711,-1,-1,752.4625,1487716288544
8,2,2,0.3,1,3,0,753.3959,1487716289477,-1,-1,753.2294,1487716289314
8,3,2,0.3,1,0,2,754.1627,1487716290244,-1,-1,753.996,1487716290081
8,4,2,0.3,1,0,1,754.9293,1487716291011,-1,-1,754.7633,1487716290847
8,5,2,0.3,1,0,3,755.6962,1487716291778,-1,-1,755.5302,1487716291614
8,6,2,0.3,1,2,3,756.4628,1487716292544,-1,-1,756.296,1487716292381
8,7,2,0.3,1,0,2,757.2301,1487716293312,-1,-1,757.0629,1487716293147
8,8,2,0.3,1,1,3,757.9962,1487716294078,758.4633,1487716294545,757.8295,1487716293913
8,9,2,0.3,1,1,2,758.7631,1487716294844,759.1632,1487716295245,758.5963,1487716294681
8,10,2,0.3,1,2,2,759.5297,1487716295611,-1,-1,759.3629,1487716295447
8,11,2,0.3,1,0,1,760.2963,1487716296378,-1,-1,760.1298,1487716296216
8,12,2,0.3,1,1,2,761.0631,1487716297145,761.4969,1487716297579,760.8964,1487716296981
8,13,2,0.3,1,2,2,761.83,1487716297911,-1,-1,761.6632,1487716297748
8,14,2,0.3,1,1,2,762.5966,1487716298678,763.0304,1487716299112,762.4308,1487716298514
8,15,2,0.3,1,2,0,763.3632,1487716299445,-1,-1,763.1967,1487716299280
8,16,2,0.3,1,2,0,764.13,1487716300212,-1,-1,763.9633,1487716300047
8,17,2,0.3,1,1,0,764.8969,1487716300978,765.4967,1487716301578,764.7303,1487716300815
8,18,2,0.3,1,1,0,765.6635,1487716301745,766.2303,1487716302312,765.4967,1487716301581
8,19,2,0.3,1,0,1,766.4301,1487716302512,-1,-1,766.2635,1487716302348
8,20,2,0.3,1,0,2,767.1967,1487716303278,-1,-1,767.0302,1487716303114
8,21,2,0.3,1,2,0,767.9635,1487716304045,-1,-1,767.7968,1487716303881
8,22,2,0.3,1,0,3,768.7303,1487716304812,-1,-1,768.5636,1487716304650
8,1,2,0.3,1,3,1,784.5643,1487716320646,-1,-1,784.431,1487716320513
8,2,2,0.3,1,3,0,785.2311,1487716321313,-1,-1,785.098,1487716321182
8,3,2,0.3,1,1,1,785.8978,1487716321979,786.3646,1487716322447,785.765,1487716321849
8,4,2,0.3,1,2,1,786.5646,1487716322646,-1,-1,786.4313,1487716322515
8,5,2,0.3,0,1,1,787.2313,1487716323313,-1,-1,787.0983,1487716323183
8,6,2,0.3,1,0,2,787.8986,1487716323980,-1,-1,787.7648,1487716323851
8,7,2,0.3,1,0,0,788.5646,1487716324646,-1,-1,788.4313,1487716324516
8,8,2,0.3,1,2,0,789.2313,1487716325313,-1,-1,789.098,1487716325182
8,9,2,0.3,1,2,2,789.8978,1487716325979,-1,-1,789.7648,1487716325849
8,10,2,0.3,1,0,1,790.5648,1487716326646,-1,-1,790.4313,1487716326516
8,11,2,0.3,1,2,1,791.2313,1487716327313,-1,-1,791.098,1487716327182
8,12,2,0.3,1,0,3,791.8983,1487716327980,-1,-1,791.7648,1487716327849
8,13,2,0.3,1,0,2,792.5658,1487716328647,-1,-1,792.4315,1487716328516
8,14,2,0.3,1,0,0,793.2316,1487716329313,-1,-1,793.0985,1487716329183
8,15,2,0.3,1,2,0,793.8983,1487716329980,-1,-1,793.765,1487716329850
8,16,2,0.3,0,1,0,794.5651,1487716330647,-1,-1,794.4315,1487716330516
8,17,2,0.3,1,0,2,795.2316,1487716331313,-1,-1,795.099,1487716331187
8,18,2,0.3,1,1,0,795.8983,1487716331980,796.399,1487716332481,795.765,1487716331849
8,19,2,0.3,1,1,2,796.5651,1487716332647,796.8986,1487716332980,796.4325,1487716332516
8,20,2,0.3,1,2,2,797.2318,1487716333313,-1,-1,797.0988,1487716333183
8,21,2,0.3,1,1,2,797.8986,1487716333980,798.3322,1487716334414,797.765,1487716333851
8,22,2,0.3,1,0,0,798.5653,1487716334647,-1,-1,798.4318,1487716334516
8,1,2,0.3,1,3,0,814.2994,1487716350381,-1,-1,814.1659,1487716350248
8,2,2,0.3,1,3,3,814.8995,1487716350981,-1,-1,814.766,1487716350850
8,3,2,0.3,1,1,0,815.4994,1487716351581,815.9332,1487716352015,815.3661,1487716351451
8,4,2,0.3,1,1,3,816.0995,1487716352181,816.5331,1487716352615,815.9662,1487716352052
8,5,2,0.3,1,2,3,816.6996,1487716352781,-1,-1,816.5663,1487716352651
8,6,2,0.3,1,2,0,817.3004,1487716353382,-1,-1,817.1661,1487716353250
8,7,2,0.3,1,0,2,817.8995,1487716353981,-1,-1,817.7662,1487716353851
8,8,2,0.3,1,2,2,818.4996,1487716354581,-1,-1,818.3663,1487716354450
8,9,2,0.3,1,0,3,819.1002,1487716355182,-1,-1,818.9669,1487716355052
8,10,2,0.3,1,0,0,819.6998,1487716355781,-1,-1,819.567,1487716355651
8,11,2,0.3,1,0,1,820.2997,1487716356381,-1,-1,820.1664,1487716356251
8,12,2,0.3,1,0,2,820.8998,1487716356981,-1,-1,820.7665,1487716356850
8,13,2,0.3,1,0,3,821.4999,1487716357581,-1,-1,821.3666,1487716357451
8,14,2,0.3,1,0,0,822.0997,1487716358181,-1,-1,821.9664,1487716358050
8,15,2,0.3,1,2,2,822.6998,1487716358781,-1,-1,822.5665,1487716358652
8,16,2,0.3,1,2,2,823.2999,1487716359381,-1,-1,823.1666,1487716359251
8,17,2,0.3,1,0,3,823.8998,1487716359981,-1,-1,823.7665,1487716359851
8,18,2,0.3,0,1,2,824.4999,1487716360581,-1,-1,824.3666,1487716360451
8,19,2,0.3,0,1,3,825.1,1487716361181,-1,-1,824.9677,1487716361054
8,20,2,0.3,0,1,2,825.7013,1487716361783,-1,-1,825.5668,1487716361653
8,21,2,0.3,0,1,3,826.3002,1487716362382,-1,-1,826.1666,1487716362251
8,22,2,0.3,1,2,3,826.9,1487716362982,-1,-1,826.7667,1487716362852
8,1,2,0.3,1,3,3,842.5677,1487716378649,-1,-1,842.4342,1487716378516
8,2,2,0.3,1,3,2,843.1676,1487716379249,-1,-1,843.0343,1487716379120
8,3,2,0.3,1,1,3,843.7677,1487716379849,844.1678,1487716380250,843.6346,1487716379720
8,4,2,0.3,1,2,3,844.3678,1487716380449,-1,-1,844.2345,1487716380319
8,5,2,0.3,1,0,0,844.9679,1487716381049,-1,-1,844.8344,1487716380919
8,6,2,0.3,1,2,0,845.5677,1487716381649,-1,-1,845.4344,1487716381519
8,7,2,0.3,1,1,0,846.1678,1487716382249,846.6349,1487716382716,846.0345,1487716382119
8,8,2,0.3,1,2,1,846.7679,1487716382849,-1,-1,846.6349,1487716382721
8,9,2,0.3,1,2,1,847.368,1487716383449,-1,-1,847.2345,1487716383319
8,10,2,0.3,1,0,3,847.9694,1487716384051,-1,-1,847.8346,1487716383918
8,11,2,0.3,1,0,2,848.568,1487716384649,-1,-1,848.4347,1487716384519
8,12,2,0.3,0,1,3,849.1681,1487716385250,-1,-1,849.0348,1487716385119
8,13,2,0.3,1,0,1,849.7687,1487716385850,-1,-1,849.6346,1487716385719
8,14,2,0.3,1,0,0,850.368,1487716386450,-1,-1,850.2347,1487716386320
8,15,2,0.3,1,1,1,850.9681,1487716387050,851.4015,1487716387483,850.8348,1487716386919
8,16,2,0.3,1,2,1,851.5682,1487716387650,-1,-1,851.4349,1487716387519
8,17,2,0.3,1,1,1,852.1681,1487716388250,852.6017,1487716388683,852.0348,1487716388119
8,18,2,0.3,0,1,1,852.7682,1487716388850,-1,-1,852.6349,1487716388719
8,19,2,0.3,1,0,3,853.3683,1487716389450,-1,-1,853.235,1487716389321
8,20,2,0.3,1,0,0,853.9684,1487716390050,-1,-1,853.8348,1487716389919
8,21,2,0.3,1,2,0,854.5685,1487716390650,-1,-1,854.4349,1487716390519
8,22,2,0.3,1,0,1,855.1683,1487716391250,-1,-1,855.035,1487716391119
8,1,2,0.3,1,3,0,870.8358,1487716406918,-1,-1,870.7032,1487716406785
8,2,2,0.3,1,3,2,871.4039,1487716407485,-1,-1,871.2694,1487716407355
8,3,2,0.3,1,1,0,871.9694,1487716408051,872.3361,1487716408418,871.8361,1487716407921
8,4,2,0.3,1,2,0,872.5363,1487716408618,-1,-1,872.4027,1487716408487
8,5,2,0.3,1,2,2,873.0699,1487716409151,-1,-1,872.9694,1487716409053
8,6,2,0.3,1,0,3,873.6361,1487716409718,-1,-1,873.5028,1487716409587
8,7,2,0.3,1,0,1,874.2028,1487716410284,-1,-1,874.0695,1487716410155
8,8,2,0.3,1,0,0,874.7694,1487716410851,-1,-1,874.6361,1487716410720
8,9,2,0.3,1,0,2,875.3361,1487716411418,-1,-1,875.2035,1487716411288
8,10,2,0.3,1,2,1,875.903,1487716411984,-1,-1,875.7697,1487716411854
8,11,2,0.3,1,0,3,876.4696,1487716412551,-1,-1,876.3363,1487716412420
8,12,2,0.3,0,1,1,877.0365,1487716413118,-1,-1,876.9034,1487716412988
8,13,2,0.3,1,0,0,877.6029,1487716413684,-1,-1,877.4701,1487716413559
8,14,2,0.3,1,2,3,878.1696,1487716414251,-1,-1,878.0363,1487716414121
8,15,2,0.3,1,0,2,878.7365,1487716414818,-1,-1,878.6029,1487716414688
8,16,2,0.3,0,1,3,879.3031,1487716415385,-1,-1,879.1698,1487716415254
8,17,2,0.3,0,1,2,879.8698,1487716415951,-1,-1,879.7365,1487716415821
8,18,2,0.3,0,1,3,880.4364,1487716416518,-1,-1,880.3031,1487716416388
8,19,2,0.3,1,2,3,881.0033,1487716417085,-1,-1,880.8698,1487716416955
8,20,2,0.3,1,0,1,881.5699,1487716417651,-1,-1,881.4364,1487716417521
8,21,2,0.3,1,2,1,882.1366,1487716418218,-1,-1,882.0033,1487716418088
8,22,2,0.3,0,1,1,882.7037,1487716418785,-1,-1,882.5699,1487716418655
8,1,2,0.3,1,3,1,898.3375,1487716434419,-1,-1,898.2042,1487716434286
8,2,2,0.3,1,3,2,898.9042,1487716434986,-1,-1,898.7709,1487716434855
8,3,2,0.3,1,0,3,899.4708,1487716435552,-1,-1,899.3375,1487716435422
8,4,2,0.3,0,1,2,900.0048,1487716436086,-1,-1,899.9042,1487716435988
8,5,2,0.3,1,0,0,900.5382,1487716436620,-1,-1,900.4379,1487716436523
8,6,2,0.3,1,0,1,901.1041,1487716437186,-1,-1,900.9708,1487716437056
8,7,2,0.3,0,1,0,901.671,1487716437752,-1,-1,901.5377,1487716437622
8,8,2,0.3,0,1,1,902.2379,1487716438319,-1,-1,902.1044,1487716438189
8,9,2,0.3,1,0,2,902.8043,1487716438886,-1,-1,902.6713,1487716438756
8,10,2,0.3,1,2,0,903.3712,1487716439453,-1,-1,903.2377,1487716439322
8,11,2,0.3,0,1,2,903.9391,1487716440021,-1,-1,903.8043,1487716439890
8,12,2,0.3,0,1,0,904.5052,1487716440587,-1,-1,904.3712,1487716440455
8,13,2,0.3,1,0,1,905.0719,1487716441153,-1,-1,904.9379,1487716441023
8,14,2,0.3,1,0,3,905.6381,1487716441720,-1,-1,905.5045,1487716441590
8,15,2,0.3,1,2,0,906.2047,1487716442286,-1,-1,906.0712,1487716442155
8,16,2,0.3,1,0,2,906.7384,1487716442820,-1,-1,906.6381,1487716442723
8,17,2,0.3,1,2,3,907.3046,1487716443386,-1,-1,907.1713,1487716443256
8,18,2,0.3,1,0,1,907.8712,1487716443953,-1,-1,907.7379,1487716443822
8,19,2,0.3,1,2,2,908.4381,1487716444520,-1,-1,908.3048,1487716444389
8,20,2,0.3,1,2,2,909.0048,1487716445086,-1,-1,908.8715,1487716444956
8,21,2,0.3,1,2,1,909.5719,1487716445653,-1,-1,909.4381,1487716445523
8,22,2,0.3,0,1,2,910.1051,1487716446186,-1,-1,910.0048,1487716446090
8,1,2,0.3,1,3,2,925.7389,1487716461820,-1,-1,925.6056,1487716461687
8,2,2,0.3,1,3,1,926.3395,1487716462421,-1,-1,926.2057,1487716462290
8,3,2,0.3,1,0,0,926.9396,1487716463021,-1,-1,926.8058,1487716462889
8,4,2,0.3,1,0,2,927.5392,1487716463621,-1,-1,927.4059,1487716463490
8,5,2,0.3,1,0,3,928.139,1487716464221,-1,-1,928.0057,1487716464092
8,6,2,0.3,1,1,2,928.7391,1487716464821,929.1727,1487716465254,928.6058,1487716464690
8,7,2,0.3,1,2,2,929.339,1487716465421,-1,-1,929.2057,1487716465290
8,8,2,0.3,1,0,1,929.9398,1487716466021,-1,-1,929.806,1487716465890
8,9,2,0.3,1,1,2,930.5392,1487716466621,931.006,1487716467088,930.4059,1487716466490
8,10,2,0.3,1,2,2,931.1398,1487716467221,-1,-1,931.006,1487716467092
8,11,2,0.3,1,1,2,931.7394,1487716467821,932.2062,1487716468288,931.6073,1487716467691
8,12,2,0.3,1,2,3,932.3395,1487716468421,-1,-1,932.2062,1487716468291
8,13,2,0.3,1,2,3,932.9393,1487716469021,-1,-1,932.806,1487716468891
8,14,2,0.3,1,0,1,933.5394,1487716469621,-1,-1,933.4061,1487716469490
8,15,2,0.3,1,1,3,934.1395,1487716470221,934.6061,1487716470688,934.0062,1487716470090
8,16,2,0.3,1,0,2,934.7396,1487716470821,-1,-1,934.6061,1487716470691
8,17,2,0.3,1,0,0,935.3395,1487716471421,-1,-1,935.2062,1487716471290
8,18,2,0.3,0,1,2,935.9401,1487716472022,-1,-1,935.8063,1487716471891
8,19,2,0.3,1,2,2,936.5399,1487716472621,-1,-1,936.4071,1487716472491
8,20,2,0.3,0,2,0,937.1395,1487716473221,937.5731,1487716473656,937.0062,1487716473090
8,21,2,0.3,0,1,2,937.7396,1487716473821,-1,-1,937.6063,1487716473692
8,22,2,0.3,1,0,3,938.3397,1487716474421,-1,-1,938.2067,1487716474291
8,1,2,0.3,1,3,1,954.0072,1487716490089,-1,-1,953.8744,1487716489956
8,2,2,0.3,1,3,0,954.6073,1487716490689,-1,-1,954.474,1487716490558
8,3,2,0.3,0,1,1,955.2074,1487716491289,-1,-1,955.0739,1487716491158
8,4,2,0.3,0,1,0,955.8077,1487716491890,-1,-1,955.674,1487716491761
8,5,2,0.3,1,2,0,956.4073,1487716492489,-1,-1,956.274,1487716492359
8,6,2,0.3,1,0,2,957.0077,1487716493089,-1,-1,956.8741,1487716492958
8,7,2,0.3,0,1,0,957.6075,1487716493689,-1,-1,957.474,1487716493558
8,8,2,0.3,1,2,0,958.2074,1487716494289,-1,-1,958.0765,1487716494162
8,9,2,0.3,1,0,3,958.8077,1487716494890,-1,-1,958.6742,1487716494760
8,10,2,0.3,1,2,3,959.4076,1487716495489,-1,-1,959.2743,1487716495359
8,11,2,0.3,1,2,0,960.0079,1487716496089,-1,-1,959.8741,1487716495958
8,12,2,0.3,1,0,2,960.6083,1487716496690,-1,-1,960.4742,1487716496558
8,13,2,0.3,0,1,0,961.2076,1487716497289,-1,-1,961.0743,1487716497158
8,14,2,0.3,1,2,0,961.808,1487716497889,-1,-1,961.6783,1487716497763
8,15,2,0.3,1,2,2,962.4078,1487716498489,-1,-1,962.2743,1487716498360
8,16,2,0.3,1,0,3,963.0077,1487716499089,-1,-1,962.8744,1487716498958
8,17,2,0.3,1,0,1,963.6083,1487716499690,-1,-1,963.4745,1487716499558
8,18,2,0.3,1,1,3,964.2079,1487716500289,964.6747,1487716500756,964.0751,1487716500159
8,19,2,0.3,1,0,0,964.8087,1487716500890,-1,-1,964.6747,1487716500760
8,20,2,0.3,0,1,3,965.4081,1487716501489,-1,-1,965.2745,1487716501360
8,21,2,0.3,1,0,1,966.0082,1487716502090,-1,-1,965.8746,1487716501959
8,22,2,0.3,1,0,2,966.608,1487716502690,-1,-1,966.4745,1487716502559
8,1,2,0.3,1,3,0,982.2755,1487716518357,-1,-1,982.1422,1487716518224
8,2,2,0.3,1,3,2,982.8756,1487716518958,-1,-1,982.7423,1487716518826
8,3,2,0.3,1,2,2,983.4757,1487716519557,-1,-1,983.3422,1487716519428
8,4,2,0.3,1,2,1,984.0756,1487716520157,-1,-1,983.9423,1487716520027
8,5,2,0.3,1,2,1,984.6757,1487716520757,-1,-1,984.5424,1487716520626
8,6,2,0.3,1,0,3,985.2755,1487716521357,-1,-1,985.1427,1487716521226
8,7,2,0.3,1,1,1,985.8756,1487716521957,986.3427,1487716522424,985.7423,1487716521826
8,8,2,0.3,1,0,2,986.4762,1487716522558,-1,-1,986.3427,1487716522428
8,9,2,0.3,1,0,0,987.0758,1487716523157,-1,-1,986.9425,1487716523026
8,10,2,0.3,1,0,3,987.6759,1487716523757,-1,-1,987.5426,1487716523627
8,11,2,0.3,1,0,1,988.2758,1487716524357,-1,-1,988.1425,1487716524227
8,12,2,0.3,1,2,1,988.8759,1487716524957,-1,-1,988.7426,1487716524827
8,13,2,0.3,1,2,3,989.476,1487716525557,-1,-1,989.3427,1487716525427
8,14,2,0.3,1,0,0,990.076,1487716526158,-1,-1,989.943,1487716526028
8,15,2,0.3,1,2,0,990.6759,1487716526757,-1,-1,990.5426,1487716526627
8,16,2,0.3,1,1,0,991.276,1487716527358,991.7094,1487716527791,991.1429,1487716527227
8,17,2,0.3,1,0,3,991.8761,1487716527958,-1,-1,991.7428,1487716527827
8,18,2,0.3,1,0,1,992.4762,1487716528558,-1,-1,992.3427,1487716528427
8,19,2,0.3,1,1,3,993.076,1487716529158,993.5094,1487716529591,992.9427,1487716529028
8,20,2,0.3,0,1,1,993.6761,1487716529758,-1,-1,993.5428,1487716529627
8,21,2,0.3,0,1,3,994.2784,1487716530360,-1,-1,994.1429,1487716530227
8,22,2,0.3,0,1,1,994.8763,1487716530958,-1,-1,994.7428,1487716530827
8,1,2,0.3,1,3,3,1010.544,1487716546625,-1,-1,1010.411,1487716546492
8,2,2,0.3,1,3,2,1011.144,1487716547225,-1,-1,1011.01,1487716547096
8,3,2,0.3,1,1,3,1011.744,1487716547825,1012.111,1487716548192,1011.61,1487716547695
8,4,2,0.3,1,1,2,1012.344,1487716548425,1012.81,1487716548892,1012.211,1487716548294
8,5,2,0.3,1,2,2,1012.944,1487716549026,-1,-1,1012.81,1487716548895
8,6,2,0.3,1,1,2,1013.544,1487716549625,1014.011,1487716550092,1013.411,1487716549494
8,7,2,0.3,1,1,2,1014.144,1487716550225,1014.577,1487716550659,1014.011,1487716550096
8,8,2,0.3,1,2,3,1014.744,1487716550825,-1,-1,1014.611,1487716550695
8,9,2,0.3,1,2,3,1015.344,1487716551425,-1,-1,1015.211,1487716551294
8,10,2,0.3,1,2,2,1015.944,1487716552026,-1,-1,1015.811,1487716551894
8,11,2,0.3,1,0,1,1016.544,1487716552626,-1,-1,1016.411,1487716552495
8,12,2,0.3,1,0,0,1017.144,1487716553226,-1,-1,1017.011,1487716553095
8,13,2,0.3,1,0,3,1017.744,1487716553826,-1,-1,1017.611,1487716553697
8,14,2,0.3,1,0,2,1018.344,1487716554426,-1,-1,1018.211,1487716554295
8,15,2,0.3,1,0,1,1018.944,1487716555026,-1,-1,1018.811,1487716554895
8,16,2,0.3,1,0,0,1019.544,1487716555626,-1,-1,1019.411,1487716555496
8,17,2,0.3,0,1,1,1020.145,1487716556226,-1,-1,1020.011,1487716556095
8,18,2,0.3,0,1,0,1020.744,1487716556826,-1,-1,1020.611,1487716556697
8,19,2,0.3,1,2,0,1021.344,1487716557426,-1,-1,1021.212,1487716557299
8,20,2,0.3,1,2,1,1021.945,1487716558026,-1,-1,1021.811,1487716557895
8,21,2,0.3,1,0,3,1022.545,1487716558626,-1,-1,1022.411,1487716558495
8,22,2,0.3,1,0,2,1023.144,1487716559226,-1,-1,1023.011,1487716559095
8,1,2,0.3,1,3,2,1038.812,1487716574894,-1,-1,1038.679,1487716574761
8,2,2,0.3,1,3,1,1039.379,1487716575460,-1,-1,1039.245,1487716575330
8,3,2,0.3,1,0,0,1039.945,1487716576027,-1,-1,1039.812,1487716575896
8,4,2,0.3,0,1,1,1040.512,1487716576594,-1,-1,1040.379,1487716576463
8,5,2,0.3,1,0,3,1041.079,1487716577161,-1,-1,1040.945,1487716577030
8,6,2,0.3,1,2,0,1041.646,1487716577727,-1,-1,1041.512,1487716577597
8,7,2,0.3,1,0,2,1042.212,1487716578294,-1,-1,1042.079,1487716578163
8,8,2,0.3,0,1,0,1042.779,1487716578860,-1,-1,1042.645,1487716578729
8,9,2,0.3,0,1,2,1043.346,1487716579427,-1,-1,1043.213,1487716579297
8,10,2,0.3,1,0,1,1043.912,1487716579994,-1,-1,1043.779,1487716579864
8,11,2,0.3,1,2,0,1044.479,1487716580561,-1,-1,1044.346,1487716580431
8,12,2,0.3,0,1,1,1045.013,1487716581095,-1,-1,1044.912,1487716580997
8,13,2,0.3,0,0,2,1045.547,1487716581629,1045.846,1487716581927,1045.446,1487716581530
8,14,2,0.3,1,0,3,1046.112,1487716582194,-1,-1,1045.979,1487716582063
8,15,2,0.3,0,1,2,1046.679,1487716582761,-1,-1,1046.546,1487716582630
8,16,2,0.3,1,2,2,1047.246,1487716583327,-1,-1,1047.113,1487716583197
8,17,2,0.3,1,2,3,1047.813,1487716583894,-1,-1,1047.679,1487716583765
8,18,2,0.3,1,2,3,1048.38,1487716584462,-1,-1,1048.246,1487716584330
8,19,2,0.3,1,0,1,1048.946,1487716585028,-1,-1,1048.813,1487716584897
8,20,2,0.3,1,2,1,1049.513,1487716585594,-1,-1,1049.379,1487716585465
8,21,2,0.3,1,0,2,1050.047,1487716586128,-1,-1,1049.946,1487716586030
8,22,2,0.3,0,1,1,1050.613,1487716586694,-1,-1,1050.48,1487716586565
8,1,2,0.3,1,3,3,1066.247,1487716602328,-1,-1,1066.114,1487716602196
8,2,2,0.3,1,3,1,1066.847,1487716602928,-1,-1,1066.714,1487716602798
8,3,2,0.3,1,0,2,1067.447,1487716603528,-1,-1,1067.314,1487716603398
8,4,2,0.3,0,1,1,1068.047,1487716604129,-1,-1,1067.914,1487716603998
8,5,2,0.3,1,0,0,1068.647,1487716604729,-1,-1,1068.514,1487716604599
8,6,2,0.3,1,2,2,1069.247,1487716605328,-1,-1,1069.114,1487716605199
8,7,2,0.3,1,1,0,1069.847,1487716605929,1070.314,1487716606396,1069.714,1487716605798
8,8,2,0.3,1,1,2,1070.447,1487716606529,1070.848,1487716606930,1070.314,1487716606398
8,9,2,0.3,1,1,0,1071.047,1487716607129,1071.481,1487716607562,1070.914,1487716606999
8,10,2,0.3,1,2,0,1071.647,1487716607729,-1,-1,1071.514,1487716607599
8,11,2,0.3,1,0,3,1072.247,1487716608329,-1,-1,1072.114,1487716608198
8,12,2,0.3,1,0,1,1072.847,1487716608929,-1,-1,1072.714,1487716608798
8,13,2,0.3,1,0,2,1073.447,1487716609529,-1,-1,1073.314,1487716609398
8,14,2,0.3,1,2,2,1074.048,1487716610130,-1,-1,1073.914,1487716609999
8,15,2,0.3,1,0,0,1074.648,1487716610729,-1,-1,1074.514,1487716610599
8,16,2,0.3,0,1,2,1075.248,1487716611329,-1,-1,1075.114,1487716611198
8,17,2,0.3,1,2,2,1075.848,1487716611929,-1,-1,1075.714,1487716611799
8,18,2,0.3,0,1,2,1076.447,1487716612529,-1,-1,1076.314,1487716612398
8,19,2,0.3,0,0,0,1077.049,1487716613130,1077.114,1487716613196,1076.915,1487716613000
8,20,2,0.3,1,2,0,1077.648,1487716613729,-1,-1,1077.514,1487716613598
8,21,2,0.3,1,2,2,1078.248,1487716614329,-1,-1,1078.114,1487716614199
8,22,2,0.3,1,0,1,1078.848,1487716614929,-1,-1,1078.714,1487716614798
8,1,2,0.3,1,3,3,1094.515,1487716630597,-1,-1,1094.382,1487716630464
8,2,2,0.3,1,3,2,1095.115,1487716631197,-1,-1,1094.982,1487716631067
8,3,2,0.3,1,2,2,1095.715,1487716631797,-1,-1,1095.582,1487716631666
8,4,2,0.3,1,0,0,1096.315,1487716632397,-1,-1,1096.182,1487716632267
8,5,2,0.3,1,0,3,1096.915,1487716632997,-1,-1,1096.782,1487716632866
8,6,2,0.3,1,2,3,1097.515,1487716633598,-1,-1,1097.382,1487716633466
8,7,2,0.3,1,0,2,1098.115,1487716634197,-1,-1,1097.982,1487716634066
8,8,2,0.3,1,0,1,1098.715,1487716634797,-1,-1,1098.582,1487716634666
8,9,2,0.3,1,2,3,1099.316,1487716635395,-1,-1,1099.182,1487716635266
8,10,2,0.3,0,1,1,1099.915,1487716635992,-1,-1,1099.782,1487716635862
8,11,2,0.3,0,1,3,1100.516,1487716636590,-1,-1,1100.382,1487716636460
8,12,2,0.3,1,0,2,1101.116,1487716637187,-1,-1,1100.982,1487716637058
8,13,2,0.3,0,1,3,1101.716,1487716637786,-1,-1,1101.582,1487716637655
8,14,2,0.3,1,0,1,1102.316,1487716638383,-1,-1,1102.182,1487716638252
8,15,2,0.3,1,2,1,1102.916,1487716638980,-1,-1,1102.782,1487716638852
8,16,2,0.3,0,1,1,1103.516,1487716639578,-1,-1,1103.382,1487716639448
8,17,2,0.3,1,2,0,1104.116,1487716640177,-1,-1,1103.983,1487716640046
8,18,2,0.3,1,1,1,1104.716,1487716640777,1105.182,1487716641244,1104.582,1487716640646
8,19,2,0.3,1,1,0,1105.316,1487716641377,1105.749,1487716641810,1105.182,1487716641247
8,20,2,0.3,1,0,3,1105.916,1487716641977,-1,-1,1105.783,1487716641847
8,21,2,0.3,1,0,2,1106.516,1487716642577,-1,-1,1106.382,1487716642448
8,22,2,0.3,1,2,2,1107.116,1487716643177,-1,-1,1106.983,1487716643046
8,1,2,0.3,1,3,0,1122.783,1487716658845,-1,-1,1122.65,1487716658712
8,2,2,0.3,1,3,2,1123.383,1487716659445,-1,-1,1123.25,1487716659314
8,3,2,0.3,1,1,0,1123.984,1487716660045,1124.35,1487716660412,1123.85,1487716659915
8,4,2,0.3,1,2,0,1124.583,1487716660645,-1,-1,1124.45,1487716660514
8,5,2,0.3,1,1,0,1125.183,1487716661245,1125.55,1487716661612,1125.05,1487716661115
8,6,2,0.3,1,0,1,1125.784,1487716661845,-1,-1,1125.65,1487716661714
8,7,2,0.3,1,2,1,1126.384,1487716662446,-1,-1,1126.25,1487716662314
8,8,2,0.3,1,1,1,1126.984,1487716663045,1127.451,1487716663512,1126.85,1487716662915
8,9,2,0.3,1,0,3,1127.584,1487716663645,-1,-1,1127.451,1487716663515
8,10,2,0.3,1,0,2,1128.184,1487716664245,-1,-1,1128.05,1487716664114
8,11,2,0.3,1,0,0,1128.784,1487716664845,-1,-1,1128.651,1487716664715
8,12,2,0.3,1,2,0,1129.384,1487716665445,-1,-1,1129.251,1487716665314
8,13,2,0.3,1,1,0,1129.984,1487716666045,1130.451,1487716666512,1129.85,1487716665914
8,14,2,0.3,1,1,0,1130.584,1487716666645,1131.017,1487716667079,1130.451,1487716666516
8,15,2,0.3,1,2,3,1131.184,1487716667245,-1,-1,1131.051,1487716667114
8,16,2,0.3,1,0,2,1131.784,1487716667845,-1,-1,1131.651,1487716667714
8,17,2,0.3,1,0,1,1132.384,1487716668445,-1,-1,1132.251,1487716668314
8,18,2,0.3,1,2,1,1132.984,1487716669045,-1,-1,1132.851,1487716668914
8,19,2,0.3,1,0,3,1133.584,1487716669645,-1,-1,1133.451,1487716669515
8,20,2,0.3,1,2,3,1134.184,1487716670245,-1,-1,1134.051,1487716670114
8,21,2,0.3,1,1,3,1134.784,1487716670845,1135.184,1487716671246,1134.651,1487716670715
8,22,2,0.3,1,0,0,1135.384,1487716671445,-1,-1,1135.251,1487716671315
8,1,2,0.3,1,3,3,1151.052,1487716687113,-1,-1,1150.919,1487716686980
8,2,2,0.3,1,3,1,1151.619,1487716687680,-1,-1,1151.485,1487716687550
8,3,2,0.3,1,0,2,1152.185,1487716688246,-1,-1,1152.052,1487716688115
8,4,2,0.3,1,1,1,1152.752,1487716688813,1153.185,1487716689247,1152.619,1487716688683
8,5,2,0.3,0,1,2,1153.286,1487716689347,-1,-1,1153.185,1487716689249
8,6,2,0.3,1,0,0,1153.819,1487716689880,-1,-1,1153.719,1487716689783
8,7,2,0.3,1,2,0,1154.385,1487716690446,-1,-1,1154.252,1487716690318
8,8,2,0.3,1,0,1,1154.919,1487716690980,-1,-1,1154.818,1487716690883
8,9,2,0.3,1,2,1,1155.485,1487716691546,-1,-1,1155.352,1487716691417
8,10,2,0.3,1,2,0,1156.052,1487716692113,-1,-1,1155.919,1487716691982
8,11,2,0.3,1,1,1,1156.619,1487716692680,1157.052,1487716693114,1156.485,1487716692549
8,12,2,0.3,1,0,2,1157.185,1487716693246,-1,-1,1157.052,1487716693116
8,13,2,0.3,1,0,3,1157.752,1487716693813,-1,-1,1157.619,1487716693684
8,14,2,0.3,0,1,2,1158.319,1487716694380,-1,-1,1158.185,1487716694250
8,15,2,0.3,1,0,0,1158.885,1487716694947,-1,-1,1158.752,1487716694816
8,16,2,0.3,1,2,0,1159.452,1487716695513,-1,-1,1159.319,1487716695383
8,17,2,0.3,1,2,2,1160.019,1487716696080,-1,-1,1159.886,1487716695949
8,18,2,0.3,1,1,0,1160.586,1487716696647,1160.952,1487716697014,1160.452,1487716696517
8,19,2,0.3,1,0,1,1161.152,1487716697213,-1,-1,1161.019,1487716697083
8,20,2,0.3,1,0,3,1161.719,1487716697780,-1,-1,1161.586,1487716697649
8,21,2,0.3,1,2,0,1162.286,1487716698347,-1,-1,1162.152,1487716698217
8,22,2,0.3,0,1,3,1162.852,1487716698913,-1,-1,1162.719,1487716698783
8,1,2,0.3,1,3,1,1178.487,1487716714548,-1,-1,1178.353,1487716714415
8,2,2,0.3,1,3,2,1179.054,1487716715115,-1,-1,1178.92,1487716714984
8,3,2,0.3,1,0,3,1179.62,1487716715682,-1,-1,1179.487,1487716715550
8,4,2,0.3,1,0,0,1180.154,1487716716215,-1,-1,1180.053,1487716716117
8,5,2,0.3,1,0,1,1180.687,1487716716748,-1,-1,1180.587,1487716716650
8,6,2,0.3,1,2,3,1181.253,1487716717315,-1,-1,1181.12,1487716717184
8,7,2,0.3,1,0,2,1181.787,1487716717848,-1,-1,1181.687,1487716717751
8,8,2,0.3,0,1,3,1182.353,1487716718415,-1,-1,1182.22,1487716718284
8,9,2,0.3,1,2,3,1182.92,1487716718981,-1,-1,1182.787,1487716718851
8,10,2,0.3,1,0,1,1183.487,1487716719548,-1,-1,1183.353,1487716719417
8,11,2,0.3,0,1,3,1184.054,1487716720115,-1,-1,1183.92,1487716719986
8,12,2,0.3,1,0,2,1184.62,1487716720682,-1,-1,1184.487,1487716720551
8,13,2,0.3,1,2,2,1185.154,1487716721215,-1,-1,1185.054,1487716721117
8,14,2,0.3,1,0,0,1185.72,1487716721781,-1,-1,1185.587,1487716721651
8,15,2,0.3,1,0,3,1186.287,1487716722348,-1,-1,1186.154,1487716722218
8,16,2,0.3,1,2,3,1186.854,1487716722915,-1,-1,1186.72,1487716722784
8,17,2,0.3,1,2,0,1187.42,1487716723482,-1,-1,1187.287,1487716723352
8,18,2,0.3,1,1,3,1187.987,1487716724049,1188.421,1487716724482,1187.854,1487716723917
8,19,2,0.3,1,1,0,1188.554,1487716724615,1188.921,1487716724982,1188.421,1487716724485
8,20,2,0.3,0,1,3,1189.121,1487716725182,-1,-1,1188.987,1487716725051
8,21,2,0.3,1,2,3,1189.688,1487716725749,-1,-1,1189.554,1487716725618
8,22,2,0.3,0,1,3,1190.254,1487716726315,-1,-1,1190.12,1487716726186
8,1,2,0.3,1,3,1,1205.888,1487716741949,-1,-1,1205.755,1487716741816
8,2,2,0.3,1,3,3,1206.455,1487716742516,-1,-1,1206.322,1487716742385
8,3,2,0.3,1,2,3,1207.022,1487716743083,-1,-1,1206.888,1487716742952
8,4,2,0.3,0,1,3,1207.588,1487716743649,-1,-1,1207.455,1487716743519
8,5,2,0.3,0,2,0,1208.124,1487716744186,1208.155,1487716744216,1208.022,1487716744087
8,6,2,0.3,1,0,1,1208.688,1487716744749,-1,-1,1208.555,1487716744619
8,7,2,0.3,1,0,2,1209.255,1487716745316,-1,-1,1209.122,1487716745186
8,8,2,0.3,1,2,2,1209.822,1487716745883,-1,-1,1209.689,1487716745752
8,9,2,0.3,1,0,3,1210.389,1487716746450,-1,-1,1210.255,1487716746319
8,10,2,0.3,1,2,3,1210.955,1487716747016,-1,-1,1210.822,1487716746887
8,11,2,0.3,1,0,1,1211.522,1487716747584,-1,-1,1211.389,1487716747453
8,12,2,0.3,1,1,3,1212.089,1487716748150,1212.522,1487716748583,1211.955,1487716748019
8,13,2,0.3,1,0,2,1212.655,1487716748716,-1,-1,1212.522,1487716748586
8,14,2,0.3,1,0,0,1213.222,1487716749283,-1,-1,1213.089,1487716749152
8,15,2,0.3,1,2,3,1213.788,1487716749850,-1,-1,1213.655,1487716749720
8,16,2,0.3,0,1,0,1214.355,1487716750416,-1,-1,1214.224,1487716750288
8,17,2,0.3,0,1,3,1214.889,1487716750950,-1,-1,1214.789,1487716750852
8,18,2,0.3,1,0,1,1215.455,1487716751516,-1,-1,1215.322,1487716751386
8,19,2,0.3,1,0,2,1216.023,1487716752084,-1,-1,1215.889,1487716751953
8,20,2,0.3,0,1,1,1216.589,1487716752650,-1,-1,1216.455,1487716752519
8,21,2,0.3,0,1,2,1217.155,1487716753217,-1,-1,1217.022,1487716753088
8,22,2,0.3,1,2,2,1217.723,1487716753784,-1,-1,1217.589,1487716753653
