%Recollect Version 2.3. Scene/Level: , Session: 14, GameNumber: 0
%Note: All true/false values are represented as "1" and "0" respectively.
%Damage:1,Player X Position,Player Y Position,Hearts Left,Time (Relative),Time (Absolute)
%LameBackObject:Algorithm Condition,Trial Number,Current N Level,Lure Rate,Is Correct,Stimulus Type,Stimulus Color,Presentation Time (R),Presentation Time (A),Response Time (R),Response Time (A),Expire Time (R),Expire Time (A)
%Possible values for "Color":Red=0,Blue=1,Green=2,Yellow=3,Purple=4,LightBlue=5,Brown=6,White=7,
%Possible values for "Type":NonTarget=0,Target=1,Lure=2,lessThanN=3,
8,1,2,0.3,1,3,1,15.52183,1487204444850,-1,-1,15.02103,1487204444349
8,2,2,0.3,1,3,3,18.55457,1487204447882,-1,-1,18.05453,1487204447385
8,3,2,0.3,1,1,1,21.5881,1487204450916,22.42146,1487204451750,21.05536,1487204450388
8,4,2,0.3,1,0,0,24.62157,1487204453949,-1,-1,24.08822,1487204453419
8,5,2,0.3,1,1,1,27.65508,1487204456983,28.48856,1487204457817,27.12171,1487204456452
8,6,2,0.3,1,0,3,30.65524,1487204459983,-1,-1,30.15523,1487204459486
8,7,2,0.3,1,1,1,33.72204,1487204463050,34.92225,1487204464250,33.15547,1487204462486
8,8,2,0.3,1,2,1,36.75547,1487204466083,-1,-1,36.22217,1487204465552
8,9,2,0.3,1,0,0,39.756,1487204469084,-1,-1,39.25568,1487204468586
8,10,2,0.3,1,2,0,42.82258,1487204472150,-1,-1,42.28922,1487204471620
8,11,2,0.3,1,1,0,45.85711,1487204475185,46.38981,1487204475719,45.32273,1487204474653
8,12,2,0.3,1,0,1,48.92295,1487204478251,-1,-1,48.38978,1487204477720
8,13,2,0.3,1,0,2,51.92307,1487204481251,-1,-1,51.42304,1487204480753
8,14,2,0.3,1,0,3,54.95664,1487204484284,-1,-1,54.42326,1487204483754
8,15,2,0.3,1,1,2,58.02349,1487204487351,58.52349,1487204487852,57.45737,1487204486789
8,16,2,0.3,1,2,2,61.05704,1487204490385,-1,-1,60.52406,1487204489856
8,17,2,0.3,1,0,0,64.1238,1487204493452,-1,-1,63.5572,1487204492888
8,18,2,0.3,1,2,0,67.19064,1487204496518,-1,-1,66.62411,1487204495955
8,19,2,0.3,1,2,2,70.22424,1487204499552,-1,-1,69.69068,1487204499021
8,20,2,0.3,1,1,0,73.25777,1487204502586,73.7243,1487204503053,72.72437,1487204502055
8,21,2,0.3,1,2,0,76.29115,1487204505619,-1,-1,75.75852,1487204505090
8,22,2,0.3,1,0,1,79.32465,1487204508653,-1,-1,78.7913,1487204508122
8,1,2,0.3,1,3,1,97.64227,1487204526970,-1,-1,97.14233,1487204526470
8,2,2,0.3,1,3,0,100.4092,1487204529737,-1,-1,99.90923,1487204529240
8,3,2,0.3,1,2,0,103.176,1487204532504,-1,-1,102.676,1487204532008
8,4,2,0.3,1,0,2,105.9428,1487204535271,-1,-1,105.4428,1487204534775
8,5,2,0.3,1,0,1,108.7098,1487204538038,-1,-1,108.2097,1487204537541
8,6,2,0.3,1,1,2,111.4766,1487204540804,111.9767,1487204541305,110.9764,1487204540307
8,7,2,0.3,1,1,1,114.2432,1487204543571,114.6767,1487204544005,113.7432,1487204543076
8,8,2,0.3,1,0,0,117.0101,1487204546338,-1,-1,116.5101,1487204545840
8,9,2,0.3,1,0,3,119.777,1487204549105,-1,-1,119.277,1487204548608
8,10,2,0.3,1,0,2,122.5438,1487204551872,-1,-1,122.0439,1487204551374
8,11,2,0.3,1,1,3,125.3105,1487204554638,125.8772,1487204555205,124.8106,1487204554142
8,12,2,0.3,1,1,2,128.0775,1487204557405,129.7779,1487204559106,127.5773,1487204556907
8,13,2,0.3,1,2,2,130.8442,1487204560172,-1,-1,130.3442,1487204559674
8,14,2,0.3,1,0,1,133.6117,1487204562940,-1,-1,133.1109,1487204562441
8,15,2,0.3,1,1,2,136.3779,1487204565706,137.0449,1487204566373,135.8778,1487204565208
8,16,2,0.3,1,1,1,139.1447,1487204568472,139.8447,1487204569173,138.645,1487204567976
8,17,2,0.3,1,0,3,141.9115,1487204571239,-1,-1,141.4115,1487204570742
8,18,2,0.3,1,2,3,144.6783,1487204574006,-1,-1,144.1784,1487204573509
8,19,2,0.3,1,0,2,147.4452,1487204576774,-1,-1,146.9451,1487204576277
8,20,2,0.3,1,2,2,150.2121,1487204579540,-1,-1,149.712,1487204579043
8,21,2,0.3,1,2,3,152.9788,1487204582307,-1,-1,152.4788,1487204581809
8,22,2,0.3,1,2,3,155.7456,1487204585073,-1,-1,155.2456,1487204584576
8,1,2,0.3,1,3,2,173.7469,1487204603075,-1,-1,173.3135,1487204602642
8,2,2,0.3,1,3,1,176.2139,1487204605542,-1,-1,175.7802,1487204605111
8,3,2,0.3,1,2,1,178.6803,1487204608008,-1,-1,178.247,1487204607577
8,4,2,0.3,1,2,2,181.1471,1487204610475,-1,-1,180.7142,1487204610047
8,5,2,0.3,1,0,0,183.6139,1487204612942,-1,-1,183.1804,1487204612511
8,6,2,0.3,1,2,1,186.0807,1487204615409,-1,-1,185.6473,1487204614978
8,7,2,0.3,1,0,3,188.5475,1487204617875,-1,-1,188.1141,1487204617444
8,8,2,0.3,1,0,2,191.0143,1487204620342,-1,-1,190.5809,1487204619911
8,9,2,0.3,1,0,0,193.4811,1487204622809,-1,-1,193.0477,1487204622378
8,10,2,0.3,1,0,1,195.948,1487204625276,-1,-1,195.5149,1487204624845
8,11,2,0.3,1,1,0,198.4147,1487204627743,198.8813,1487204628209,197.9814,1487204627312
8,12,2,0.3,1,0,2,200.8815,1487204630209,-1,-1,200.4481,1487204629779
8,13,2,0.3,1,1,0,203.3483,1487204632676,203.815,1487204633143,202.9149,1487204632245
8,14,2,0.3,1,0,3,205.8151,1487204635143,-1,-1,205.3818,1487204634712
8,15,2,0.3,1,2,2,208.2819,1487204637610,-1,-1,207.8486,1487204637181
8,16,2,0.3,1,2,0,210.7489,1487204640077,-1,-1,210.3154,1487204639648
8,17,2,0.3,1,1,2,213.2155,1487204642543,213.7492,1487204643078,212.7822,1487204642113
8,18,2,0.3,1,2,2,215.6823,1487204645010,-1,-1,215.249,1487204644579
8,19,2,0.3,1,1,2,218.1491,1487204647477,218.716,1487204648044,217.7159,1487204647046
8,20,2,0.3,1,1,2,220.616,1487204649944,221.1496,1487204650478,220.1831,1487204649514
8,21,2,0.3,1,0,1,223.0828,1487204652411,-1,-1,222.6494,1487204651980
8,22,2,0.3,1,1,2,225.5496,1487204654877,226.1165,1487204655445,225.1165,1487204654447
8,1,2,0.3,1,3,0,243.2505,1487204672578,-1,-1,242.8505,1487204672179
8,2,2,0.3,1,3,1,245.4847,1487204674813,-1,-1,245.084,1487204674416
8,3,2,0.3,1,0,3,247.7176,1487204677045,-1,-1,247.3174,1487204676648
8,4,2,0.3,1,1,1,249.9509,1487204679279,250.518,1487204679846,249.5509,1487204678881
8,5,2,0.3,1,1,3,252.1844,1487204681512,252.6847,1487204682013,251.7844,1487204681115
8,6,2,0.3,1,2,3,254.4179,1487204683746,-1,-1,254.0178,1487204683348
8,7,2,0.3,1,0,0,256.6512,1487204685979,-1,-1,256.2515,1487204685582
8,8,2,0.3,1,1,3,258.8848,1487204688213,259.3516,1487204688680,258.4847,1487204687816
8,9,2,0.3,1,0,1,261.1183,1487204690446,-1,-1,260.7185,1487204690049
8,10,2,0.3,1,0,2,263.3517,1487204692680,-1,-1,262.9517,1487204692282
8,11,2,0.3,1,1,1,265.5851,1487204694913,266.3521,1487204695680,265.1851,1487204694516
8,12,2,0.3,1,0,3,267.8186,1487204697146,-1,-1,267.4186,1487204696749
8,13,2,0.3,1,2,3,270.0521,1487204699380,-1,-1,269.6522,1487204698984
8,14,2,0.3,1,0,2,272.2855,1487204701613,-1,-1,271.8855,1487204701216
8,15,2,0.3,1,2,2,274.519,1487204703847,-1,-1,274.119,1487204703449
8,16,2,0.3,1,0,1,276.7523,1487204706080,-1,-1,276.353,1487204705683
8,17,2,0.3,1,0,3,278.9859,1487204708314,-1,-1,278.5859,1487204707916
8,18,2,0.3,1,2,3,281.2194,1487204710547,-1,-1,280.8195,1487204710150
8,19,2,0.3,1,1,3,283.4535,1487204712781,284.0866,1487204713415,283.0528,1487204712384
8,20,2,0.3,1,1,3,285.6864,1487204715014,286.1868,1487204715515,285.2863,1487204714617
8,21,2,0.3,1,2,1,287.9197,1487204717248,-1,-1,287.5197,1487204716850
8,22,2,0.3,1,2,1,290.1533,1487204719481,-1,-1,289.7534,1487204719084
8,1,2,0.3,1,3,1,307.5541,1487204736882,-1,-1,307.2208,1487204736549
8,2,2,0.3,1,3,2,309.5543,1487204738882,-1,-1,309.2209,1487204738551
8,3,2,0.3,1,0,0,311.5544,1487204740882,-1,-1,311.2212,1487204740552
8,4,2,0.3,1,1,2,313.5545,1487204742882,314.0547,1487204743383,313.2212,1487204742552
8,5,2,0.3,1,1,0,315.5546,1487204744882,316.0214,1487204745349,315.2212,1487204744552
8,6,2,0.3,1,0,3,317.5547,1487204746883,-1,-1,317.2214,1487204746552
8,7,2,0.3,1,0,1,319.5549,1487204748883,-1,-1,319.2214,1487204748552
8,8,2,0.3,1,2,1,321.555,1487204750883,-1,-1,321.2216,1487204750552
8,9,2,0.3,1,1,1,323.5551,1487204752883,324.0551,1487204753383,323.2225,1487204752553
8,10,2,0.3,1,2,2,325.5552,1487204754883,-1,-1,325.2218,1487204754553
8,11,2,0.3,1,1,1,327.5553,1487204756883,328.0889,1487204757417,327.222,1487204756552
8,12,2,0.3,1,2,1,329.5553,1487204758883,-1,-1,329.2221,1487204758552
8,13,2,0.3,1,0,3,331.5554,1487204760883,-1,-1,331.2222,1487204760553
8,14,2,0.3,1,1,1,333.556,1487204762884,334.0224,1487204763350,333.2223,1487204762553
8,15,2,0.3,1,1,3,335.5558,1487204764884,336.0891,1487204765417,335.2225,1487204764553
8,16,2,0.3,1,2,3,337.5559,1487204766884,-1,-1,337.2225,1487204766553
8,17,2,0.3,1,2,1,339.556,1487204768884,-1,-1,339.2231,1487204768554
8,18,2,0.3,1,0,2,341.5561,1487204770884,-1,-1,341.2227,1487204770553
8,19,2,0.3,1,2,2,343.5563,1487204772884,-1,-1,343.2236,1487204772554
8,20,2,0.3,1,0,0,345.5563,1487204774884,-1,-1,345.2229,1487204774553
8,21,2,0.3,1,0,1,347.5564,1487204776884,-1,-1,347.2231,1487204776553
8,22,2,0.3,1,0,3,349.5566,1487204778884,-1,-1,349.2231,1487204778554
8,1,2,0.3,1,3,0,366.7576,1487204796085,-1,-1,366.4242,1487204795752
8,2,2,0.3,1,3,2,368.5911,1487204797919,-1,-1,368.2577,1487204797588
8,3,2,0.3,1,0,1,370.4244,1487204799752,-1,-1,370.0911,1487204799422
8,4,2,0.3,1,2,1,372.2583,1487204801586,-1,-1,371.9245,1487204801255
8,5,2,0.3,1,0,3,374.0913,1487204803419,-1,-1,373.7579,1487204803088
8,6,2,0.3,1,0,0,375.9247,1487204805253,-1,-1,375.5913,1487204804922
8,7,2,0.3,1,1,3,377.7581,1487204807086,378.2249,1487204807553,377.4248,1487204806757
8,8,2,0.3,1,0,1,379.5915,1487204808919,-1,-1,379.2582,1487204808589
8,9,2,0.3,1,0,2,381.425,1487204810753,-1,-1,381.0916,1487204810422
8,10,2,0.3,1,1,1,383.2585,1487204812586,383.7253,1487204813053,382.9251,1487204812256
8,11,2,0.3,1,1,2,385.0919,1487204814420,385.559,1487204814887,384.7586,1487204814089
8,12,2,0.3,1,2,2,386.9253,1487204816253,-1,-1,386.592,1487204815922
8,13,2,0.3,1,1,2,388.7592,1487204818087,389.2255,1487204818554,388.4255,1487204817756
8,14,2,0.3,1,2,0,390.5922,1487204819920,-1,-1,390.2589,1487204819592
8,15,2,0.3,1,0,1,392.4258,1487204821754,-1,-1,392.0923,1487204821423
8,16,2,0.3,1,2,1,394.2591,1487204823587,-1,-1,393.9258,1487204823256
8,17,2,0.3,1,1,1,396.0925,1487204825420,396.5592,1487204825887,395.7592,1487204825089
8,18,2,0.3,1,0,0,397.9259,1487204827254,-1,-1,397.5925,1487204826923
8,19,2,0.3,1,2,0,399.7594,1487204829087,-1,-1,399.426,1487204828757
8,20,2,0.3,1,2,1,401.5928,1487204830921,-1,-1,401.2594,1487204830590
8,21,2,0.3,1,1,0,403.4262,1487204832754,403.8932,1487204833221,403.0929,1487204832424
8,22,2,0.3,1,0,2,405.2597,1487204834588,-1,-1,404.9264,1487204834257
8,1,2,0.3,1,3,0,422.2607,1487204851588,-1,-1,421.9606,1487204851289
8,2,2,0.3,1,3,2,423.894,1487204853222,-1,-1,423.5941,1487204852925
8,3,2,0.3,1,2,2,425.5276,1487204854855,-1,-1,425.2283,1487204854558
8,4,2,0.3,1,2,3,427.1609,1487204856489,-1,-1,426.8609,1487204856191
8,5,2,0.3,1,0,1,428.7943,1487204858122,-1,-1,428.4944,1487204857825
8,6,2,0.3,1,1,3,430.4279,1487204859756,430.8611,1487204860189,430.1278,1487204859458
8,7,2,0.3,1,0,2,432.0612,1487204861389,-1,-1,431.7612,1487204861091
8,8,2,0.3,1,0,0,433.6946,1487204863022,-1,-1,433.3951,1487204862725
8,9,2,0.3,1,1,2,435.328,1487204864656,435.8616,1487204865190,435.0281,1487204864359
8,10,2,0.3,1,0,3,436.9615,1487204866289,-1,-1,436.6614,1487204865992
8,11,2,0.3,1,1,2,438.5949,1487204867923,439.0283,1487204868356,438.2948,1487204867626
8,12,2,0.3,1,2,2,440.2284,1487204869556,-1,-1,439.9284,1487204869260
8,13,2,0.3,1,2,3,441.8617,1487204871190,-1,-1,441.5623,1487204870892
8,14,2,0.3,1,0,0,443.4952,1487204872823,-1,-1,443.1951,1487204872525
8,15,2,0.3,1,0,1,445.1286,1487204874456,-1,-1,444.8286,1487204874158
8,16,2,0.3,1,2,1,446.762,1487204876090,-1,-1,446.462,1487204875792
8,17,2,0.3,1,1,1,448.3957,1487204877724,448.8963,1487204878224,448.0954,1487204877426
8,18,2,0.3,1,0,0,450.0288,1487204879357,-1,-1,449.7295,1487204879061
8,19,2,0.3,1,1,1,451.6624,1487204880990,452.1627,1487204881491,451.3622,1487204880693
8,20,2,0.3,1,1,0,453.2957,1487204882624,453.8292,1487204883157,452.9957,1487204882327
8,21,2,0.3,1,0,2,454.9291,1487204884257,-1,-1,454.6292,1487204883959
8,22,2,0.3,1,2,2,456.5626,1487204885890,-1,-1,456.2625,1487204885593
8,1,2,0.3,1,3,1,473.3301,1487204902658,-1,-1,473.0635,1487204902392
8,2,2,0.3,1,3,2,474.797,1487204904125,-1,-1,474.5303,1487204903861
8,3,2,0.3,1,1,1,476.2636,1487204905591,476.6973,1487204906025,475.9969,1487204905327
8,4,2,0.3,1,0,0,477.7304,1487204907058,-1,-1,477.4637,1487204906795
8,5,2,0.3,1,2,0,479.1973,1487204908525,-1,-1,478.9305,1487204908261
8,6,2,0.3,1,2,1,480.6644,1487204909992,-1,-1,480.3972,1487204909728
8,7,2,0.3,1,0,3,482.1307,1487204911459,-1,-1,481.864,1487204911195
8,8,2,0.3,1,0,2,483.5981,1487204912926,-1,-1,483.3306,1487204912662
8,9,2,0.3,1,2,1,485.0641,1487204914392,-1,-1,484.7981,1487204914128
8,10,2,0.3,1,1,2,486.5309,1487204915859,486.9645,1487204916293,486.2641,1487204915595
8,11,2,0.3,1,0,0,487.9977,1487204917326,-1,-1,487.731,1487204917061
8,12,2,0.3,1,1,2,489.4644,1487204918792,489.8978,1487204919226,489.1978,1487204918529
8,13,2,0.3,1,1,0,490.9312,1487204920259,491.3979,1487204920726,490.6645,1487204919995
8,14,2,0.3,1,0,1,492.3979,1487204921726,-1,-1,492.1318,1487204921462
8,15,2,0.3,1,0,3,493.8646,1487204923192,-1,-1,493.5981,1487204922929
8,16,2,0.3,1,0,2,495.3316,1487204924659,-1,-1,495.0648,1487204924395
8,17,2,0.3,1,0,0,496.7982,1487204926126,-1,-1,496.5315,1487204925863
8,18,2,0.3,1,2,3,498.2649,1487204927593,-1,-1,497.9982,1487204927329
8,19,2,0.3,1,2,2,499.7317,1487204929060,-1,-1,499.4655,1487204928796
8,20,2,0.3,1,2,2,501.1984,1487204930526,-1,-1,500.9317,1487204930263
8,21,2,0.3,1,1,2,502.6652,1487204931993,503.1321,1487204932460,502.3985,1487204931729
8,22,2,0.3,1,1,2,504.1318,1487204933460,504.5992,1487204933927,503.8652,1487204933196
8,1,2,0.3,1,3,3,520.7328,1487204950061,-1,-1,520.4995,1487204949828
8,2,2,0.3,1,3,1,522.0663,1487204951394,-1,-1,521.8329,1487204951163
8,3,2,0.3,1,2,1,523.4001,1487204952729,-1,-1,523.1664,1487204952496
8,4,2,0.3,1,2,0,524.7332,1487204954061,-1,-1,524.4997,1487204953830
8,5,2,0.3,1,2,0,526.0666,1487204955394,-1,-1,525.8331,1487204955165
8,6,2,0.3,1,0,2,527.4,1487204956728,-1,-1,527.1665,1487204956498
8,7,2,0.3,1,1,0,528.7333,1487204958061,529.1669,1487204958495,528.4999,1487204957830
8,8,2,0.3,1,1,2,530.0668,1487204959395,530.5002,1487204959828,529.8334,1487204959164
8,9,2,0.3,1,0,1,531.4001,1487204960728,-1,-1,531.1667,1487204960497
8,10,2,0.3,1,2,0,532.7335,1487204962061,-1,-1,532.5002,1487204961831
8,11,2,0.3,1,1,1,534.067,1487204963395,534.5336,1487204963862,533.8336,1487204963164
8,12,2,0.3,1,0,2,535.4007,1487204964729,-1,-1,535.1673,1487204964497
8,13,2,0.3,1,0,3,536.7338,1487204966062,-1,-1,536.5004,1487204965831
8,14,2,0.3,1,0,0,538.0673,1487204967395,-1,-1,537.8338,1487204967165
8,15,2,0.3,1,0,1,539.4006,1487204968728,-1,-1,539.1673,1487204968498
8,16,2,0.3,1,1,0,540.7339,1487204970062,541.2348,1487204970563,540.5006,1487204969832
8,17,2,0.3,1,1,1,542.0674,1487204971395,542.5341,1487204971862,541.834,1487204971165
8,18,2,0.3,1,0,2,543.4008,1487204972729,-1,-1,543.1675,1487204972498
8,19,2,0.3,1,1,1,544.7344,1487204974062,545.2011,1487204974529,544.5009,1487204973831
8,20,2,0.3,1,2,1,546.0676,1487204975395,-1,-1,545.8343,1487204975164
8,21,2,0.3,1,0,3,547.4009,1487204976729,-1,-1,547.1678,1487204976498
8,22,2,0.3,1,2,3,548.735,1487204978063,-1,-1,548.5011,1487204977832
8,1,2,0.3,1,3,0,565.202,1487204994530,-1,-1,564.9686,1487204994297
8,2,2,0.3,1,3,3,566.4354,1487204995763,-1,-1,566.2021,1487204995534
8,3,2,0.3,1,0,1,567.6692,1487204996997,-1,-1,567.4354,1487204996766
8,4,2,0.3,1,1,3,568.9022,1487204998230,569.3358,1487204998664,568.6689,1487204997999
8,5,2,0.3,1,2,3,570.1356,1487204999463,-1,-1,569.9023,1487204999234
8,6,2,0.3,1,2,1,571.3692,1487205000697,-1,-1,571.1357,1487205000466
8,7,2,0.3,1,2,1,572.6025,1487205001930,-1,-1,572.3694,1487205001700
8,8,2,0.3,1,0,0,573.8358,1487205003164,-1,-1,573.6025,1487205002933
8,9,2,0.3,1,0,2,575.0692,1487205004397,-1,-1,574.8359,1487205004166
8,10,2,0.3,1,1,0,576.3026,1487205005630,576.736,1487205006064,576.0693,1487205005400
8,11,2,0.3,1,0,1,577.5361,1487205006864,-1,-1,577.3026,1487205006633
8,12,2,0.3,1,1,0,578.7695,1487205008097,579.2031,1487205008531,578.536,1487205007867
8,13,2,0.3,1,0,3,580.0029,1487205009331,-1,-1,579.7695,1487205009100
8,14,2,0.3,1,1,0,581.2364,1487205010564,581.7031,1487205011031,581.0029,1487205010335
8,15,2,0.3,1,1,3,582.4698,1487205011798,583.104,1487205012432,582.2364,1487205011567
8,16,2,0.3,1,0,1,583.7032,1487205013031,-1,-1,583.4697,1487205012800
8,17,2,0.3,1,2,1,584.9365,1487205014264,-1,-1,584.7033,1487205014034
8,18,2,0.3,1,0,2,586.1698,1487205015498,-1,-1,585.9365,1487205015267
8,19,2,0.3,1,0,3,587.4033,1487205016731,-1,-1,587.1699,1487205016501
8,20,2,0.3,1,1,2,588.6367,1487205017965,589.1036,1487205018432,588.4033,1487205017734
8,21,2,0.3,1,2,2,589.8701,1487205019198,-1,-1,589.6373,1487205018969
8,22,2,0.3,1,2,3,591.1035,1487205020431,-1,-1,590.8705,1487205020201
8,1,2,0.3,1,3,2,607.4711,1487205036800,-1,-1,607.2378,1487205036566
8,2,2,0.3,1,3,0,608.6047,1487205037933,-1,-1,608.3711,1487205037702
8,3,2,0.3,1,0,3,609.738,1487205039066,-1,-1,609.5045,1487205038835
8,4,2,0.3,1,0,1,610.8713,1487205040199,-1,-1,610.6381,1487205039968
8,5,2,0.3,1,0,2,612.0046,1487205041333,-1,-1,611.7713,1487205041102
8,6,2,0.3,1,0,0,613.1381,1487205042466,-1,-1,612.9047,1487205042237
8,7,2,0.3,1,2,0,614.2715,1487205043599,-1,-1,614.0381,1487205043370
8,8,2,0.3,1,2,2,615.4049,1487205044733,-1,-1,615.1716,1487205044502
8,9,2,0.3,1,1,0,616.5382,1487205045866,616.9052,1487205046233,616.3049,1487205045635
8,10,2,0.3,1,0,3,617.6716,1487205046999,-1,-1,617.4384,1487205046769
8,11,2,0.3,1,1,0,618.805,1487205048133,619.2384,1487205048566,618.5718,1487205047903
8,12,2,0.3,1,1,3,619.9385,1487205049266,620.4053,1487205049733,619.7051,1487205049036
8,13,2,0.3,1,0,1,621.0718,1487205050400,-1,-1,620.8385,1487205050169
8,14,2,0.3,1,1,3,622.2051,1487205051533,622.6053,1487205051933,621.9719,1487205051302
8,15,2,0.3,1,2,3,623.3387,1487205052667,-1,-1,623.1052,1487205052435
8,16,2,0.3,1,0,0,624.472,1487205053800,-1,-1,624.2386,1487205053569
8,17,2,0.3,1,2,0,625.6054,1487205054933,-1,-1,625.3721,1487205054702
8,18,2,0.3,1,2,3,626.739,1487205056067,-1,-1,626.5055,1487205055837
8,19,2,0.3,1,2,3,627.8722,1487205057200,-1,-1,627.6389,1487205056969
8,20,2,0.3,1,0,2,629.0056,1487205058333,-1,-1,628.7723,1487205058103
8,21,2,0.3,1,1,3,630.139,1487205059467,630.639,1487205059967,629.9056,1487205059237
8,22,2,0.3,1,1,2,631.2723,1487205060600,631.7058,1487205061034,631.039,1487205060369
8,1,2,0.3,1,3,2,647.49,1487205076818,-1,-1,647.3233,1487205076651
8,2,2,0.3,1,3,3,648.4568,1487205077785,-1,-1,648.29,1487205077620
8,3,2,0.3,1,2,3,649.4234,1487205078751,-1,-1,649.2568,1487205078588
8,4,2,0.3,1,0,2,650.3901,1487205079718,-1,-1,650.2239,1487205079554
8,5,2,0.3,1,2,2,651.3569,1487205080685,-1,-1,651.1902,1487205080521
8,6,2,0.3,1,0,0,652.3235,1487205081651,-1,-1,652.157,1487205081487
8,7,2,0.3,1,2,0,653.2903,1487205082618,-1,-1,653.1237,1487205082455
8,8,2,0.3,1,0,1,654.257,1487205083585,-1,-1,654.0903,1487205083422
8,9,2,0.3,1,1,0,655.2238,1487205084552,655.7907,1487205085119,655.0571,1487205084388
8,10,2,0.3,1,2,0,656.1905,1487205085518,-1,-1,656.0237,1487205085355
8,11,2,0.3,1,0,2,657.1572,1487205086485,-1,-1,656.9905,1487205086321
8,12,2,0.3,1,0,3,658.1242,1487205087452,-1,-1,657.9572,1487205087288
8,13,2,0.3,1,1,2,659.0906,1487205088418,659.5243,1487205088853,658.9243,1487205088255
8,14,2,0.3,1,1,3,660.0574,1487205089385,660.5243,1487205089852,659.8907,1487205089222
8,15,2,0.3,1,0,0,661.024,1487205090352,-1,-1,660.8573,1487205090188
8,16,2,0.3,1,2,2,661.9908,1487205091319,-1,-1,661.8241,1487205091155
8,17,2,0.3,1,0,1,662.9575,1487205092285,-1,-1,662.7911,1487205092122
8,18,2,0.3,1,1,2,663.9243,1487205093252,664.3575,1487205093686,663.7575,1487205093088
8,19,2,0.3,1,1,1,664.8909,1487205094219,665.291,1487205094619,664.7243,1487205094055
8,20,2,0.3,1,0,3,665.8578,1487205095186,-1,-1,665.6911,1487205095023
8,21,2,0.3,1,1,1,666.8244,1487205096152,667.2245,1487205096553,666.6581,1487205095989
8,22,2,0.3,1,2,1,667.7911,1487205097119,-1,-1,667.6245,1487205096955
8,1,2,0.3,1,3,2,683.8587,1487205113187,-1,-1,683.692,1487205113020
8,2,2,0.3,1,3,1,684.7587,1487205114087,-1,-1,684.592,1487205113922
8,3,2,0.3,1,2,1,685.6589,1487205114987,-1,-1,685.4921,1487205114823
8,4,2,0.3,1,0,0,686.5592,1487205115887,-1,-1,686.3925,1487205115723
8,5,2,0.3,1,2,0,687.459,1487205116787,-1,-1,687.2922,1487205116624
8,6,2,0.3,1,2,1,688.3589,1487205117687,-1,-1,688.1923,1487205117523
8,7,2,0.3,1,0,3,689.2589,1487205118587,-1,-1,689.0923,1487205118423
8,8,2,0.3,1,2,3,690.1591,1487205119487,-1,-1,689.9924,1487205119324
8,9,2,0.3,0,1,3,691.059,1487205120387,-1,-1,690.8924,1487205120222
8,10,2,0.3,1,1,3,691.962,1487205121290,691.9935,1487205121322,691.7925,1487205121123
8,11,2,0.3,1,1,3,692.8593,1487205122187,693.2592,1487205122587,692.6925,1487205122023
8,12,2,0.3,1,1,3,693.7594,1487205123087,694.1928,1487205123521,693.5931,1487205122923
8,13,2,0.3,1,0,2,694.6594,1487205123987,-1,-1,694.4926,1487205123823
8,14,2,0.3,1,0,1,695.5593,1487205124887,-1,-1,695.3927,1487205124723
8,15,2,0.3,1,0,0,696.4594,1487205125787,-1,-1,696.2927,1487205125624
8,16,2,0.3,1,2,2,697.3595,1487205126687,-1,-1,697.1927,1487205126524
8,17,2,0.3,1,0,3,698.2595,1487205127587,-1,-1,698.0928,1487205127424
8,18,2,0.3,1,2,3,699.1595,1487205128488,-1,-1,698.9929,1487205128323
8,19,2,0.3,1,1,3,700.0596,1487205129387,700.4929,1487205129821,699.8929,1487205129223
8,20,2,0.3,1,1,3,700.9597,1487205130288,701.3932,1487205130721,700.793,1487205130123
8,21,2,0.3,1,0,1,701.8599,1487205131188,-1,-1,701.6931,1487205131023
8,22,2,0.3,1,0,2,702.7601,1487205132088,-1,-1,702.5931,1487205131923
8,1,2,0.3,1,3,1,718.7607,1487205148089,-1,-1,718.594,1487205147922
8,2,2,0.3,1,3,0,719.5941,1487205148922,-1,-1,719.4275,1487205148759
8,3,2,0.3,1,1,1,720.4277,1487205149756,720.8944,1487205150222,720.2614,1487205149592
8,4,2,0.3,1,0,2,721.2609,1487205150589,-1,-1,721.0941,1487205150425
8,5,2,0.3,1,0,3,722.0942,1487205151422,-1,-1,721.9275,1487205151258
8,6,2,0.3,1,1,2,722.9277,1487205152256,723.3613,1487205152689,722.7609,1487205152092
8,7,2,0.3,1,1,3,723.7611,1487205153089,724.1279,1487205153456,723.5942,1487205152925
8,8,2,0.3,1,2,3,724.5943,1487205153922,-1,-1,724.4279,1487205153758
8,9,2,0.3,1,0,1,725.4279,1487205154756,-1,-1,725.261,1487205154591
8,10,2,0.3,1,0,2,726.2615,1487205155589,-1,-1,726.0944,1487205155425
8,11,2,0.3,1,2,3,727.0945,1487205156422,-1,-1,726.9277,1487205156258
8,12,2,0.3,1,2,1,727.9279,1487205157256,-1,-1,727.7612,1487205157091
8,13,2,0.3,1,0,0,728.7612,1487205158089,-1,-1,728.5945,1487205157926
8,14,2,0.3,1,2,0,729.5946,1487205158922,-1,-1,729.428,1487205158760
8,15,2,0.3,1,0,3,730.428,1487205159756,-1,-1,730.2613,1487205159593
8,16,2,0.3,1,0,1,731.2614,1487205160589,-1,-1,731.0947,1487205160425
8,17,2,0.3,1,1,3,732.0948,1487205161423,732.5281,1487205161856,731.9281,1487205161258
8,18,2,0.3,1,2,3,732.9281,1487205162256,-1,-1,732.7615,1487205162092
8,19,2,0.3,1,1,3,733.7614,1487205163090,734.162,1487205163490,733.5948,1487205162925
8,20,2,0.3,1,2,2,734.5949,1487205163923,-1,-1,734.4283,1487205163759
8,21,2,0.3,1,0,1,735.4283,1487205164756,-1,-1,735.2616,1487205164592
8,22,2,0.3,1,1,2,736.2617,1487205165589,736.6953,1487205166023,736.095,1487205165426
8,1,2,0.3,1,3,2,752.1959,1487205181524,-1,-1,752.0298,1487205181358
8,2,2,0.3,1,3,1,752.9631,1487205182291,-1,-1,752.7959,1487205182126
8,3,2,0.3,1,0,3,753.7299,1487205183058,-1,-1,753.5626,1487205182893
8,4,2,0.3,1,0,0,754.496,1487205183824,-1,-1,754.3293,1487205183660
8,5,2,0.3,1,2,1,755.2627,1487205184591,-1,-1,755.0961,1487205184426
8,6,2,0.3,1,1,0,756.0294,1487205185357,756.4628,1487205185791,755.8627,1487205185194
8,7,2,0.3,1,1,1,756.7961,1487205186124,757.3298,1487205186658,756.6309,1487205185961
8,8,2,0.3,1,0,2,757.5628,1487205186891,-1,-1,757.3961,1487205186726
8,9,2,0.3,1,2,0,758.3297,1487205187657,-1,-1,758.163,1487205187494
8,10,2,0.3,1,0,3,759.0964,1487205188424,-1,-1,758.9296,1487205188260
8,11,2,0.3,1,0,1,759.863,1487205189191,-1,-1,759.6962,1487205189028
8,12,2,0.3,1,1,3,760.6298,1487205189958,761.1633,1487205190492,760.463,1487205189794
8,13,2,0.3,1,1,1,761.3965,1487205190724,761.7965,1487205191125,761.2297,1487205190560
8,14,2,0.3,1,0,0,762.1631,1487205191491,-1,-1,761.9965,1487205191327
8,15,2,0.3,0,1,1,762.9298,1487205192258,-1,-1,762.7631,1487205192094
8,16,2,0.3,1,2,1,763.6966,1487205193024,-1,-1,763.5298,1487205192860
8,17,2,0.3,1,0,2,764.4633,1487205193791,-1,-1,764.2966,1487205193627
8,18,2,0.3,1,2,2,765.2299,1487205194558,-1,-1,765.0633,1487205194394
8,19,2,0.3,1,2,1,765.9966,1487205195324,-1,-1,765.83,1487205195160
8,20,2,0.3,1,1,2,766.7634,1487205196091,767.1634,1487205196491,766.5967,1487205195927
8,21,2,0.3,1,0,3,767.5301,1487205196858,-1,-1,767.3634,1487205196694
8,22,2,0.3,1,2,1,768.2969,1487205197625,-1,-1,768.1301,1487205197460
8,1,2,0.3,1,3,3,784.131,1487205213459,-1,-1,783.9977,1487205213326
8,2,2,0.3,1,3,0,784.7979,1487205214126,-1,-1,784.6643,1487205213995
8,3,2,0.3,1,2,0,785.4644,1487205214792,-1,-1,785.3311,1487205214661
8,4,2,0.3,1,1,0,786.1311,1487205215459,786.5646,1487205215893,785.9978,1487205215328
8,5,2,0.3,1,2,3,786.7979,1487205216126,-1,-1,786.6646,1487205215996
8,6,2,0.3,1,1,0,787.4645,1487205216792,787.898,1487205217226,787.3313,1487205216662
8,7,2,0.3,1,0,2,788.1313,1487205217459,-1,-1,787.998,1487205217329
8,8,2,0.3,1,0,1,788.798,1487205218126,-1,-1,788.6646,1487205217997
8,9,2,0.3,1,0,3,789.4647,1487205218792,-1,-1,789.3313,1487205218662
8,10,2,0.3,1,1,1,790.1313,1487205219459,790.5647,1487205219893,789.9981,1487205219329
8,11,2,0.3,1,1,3,790.798,1487205220126,791.3315,1487205220660,790.6649,1487205219995
8,12,2,0.3,1,0,0,791.4647,1487205220793,-1,-1,791.3315,1487205220662
8,13,2,0.3,1,1,3,792.1315,1487205221459,792.599,1487205221927,791.9982,1487205221329
8,14,2,0.3,0,2,3,792.7982,1487205222126,793.2651,1487205222593,792.6648,1487205221996
8,15,2,0.3,1,0,1,793.4648,1487205222793,-1,-1,793.3315,1487205222662
8,16,2,0.3,1,2,1,794.132,1487205223460,-1,-1,793.9982,1487205223329
8,17,2,0.3,1,2,3,794.7983,1487205224126,-1,-1,794.6649,1487205223996
8,18,2,0.3,1,1,1,795.465,1487205224793,795.8652,1487205225193,795.3317,1487205224662
8,19,2,0.3,1,0,0,796.1317,1487205225460,-1,-1,795.9983,1487205225329
8,20,2,0.3,1,0,2,796.7984,1487205226126,-1,-1,796.6656,1487205225996
8,21,2,0.3,1,2,1,797.4651,1487205226793,-1,-1,797.3318,1487205226663
8,22,2,0.3,1,0,3,798.1318,1487205227460,-1,-1,797.9985,1487205227329
8,1,2,0.3,1,3,0,813.866,1487205243194,-1,-1,813.7328,1487205243061
8,2,2,0.3,1,3,3,814.4661,1487205243794,-1,-1,814.3327,1487205243663
8,3,2,0.3,1,1,0,815.066,1487205244394,815.4663,1487205244794,814.9327,1487205244263
8,4,2,0.3,1,2,0,815.6661,1487205244994,-1,-1,815.5328,1487205244863
8,5,2,0.3,1,2,3,816.2662,1487205245594,-1,-1,816.1329,1487205245464
8,6,2,0.3,0,1,0,816.8663,1487205246194,-1,-1,816.7328,1487205246064
8,7,2,0.3,1,2,0,817.4662,1487205246794,-1,-1,817.3329,1487205246663
8,8,2,0.3,1,0,1,818.0662,1487205247394,-1,-1,817.9329,1487205247263
8,9,2,0.3,1,0,2,818.6664,1487205247994,-1,-1,818.533,1487205247863
8,10,2,0.3,0,1,1,819.2663,1487205248594,-1,-1,819.1329,1487205248464
8,11,2,0.3,0,1,2,819.8665,1487205249194,-1,-1,819.733,1487205249066
8,12,2,0.3,1,0,0,820.4664,1487205249794,-1,-1,820.333,1487205249664
8,13,2,0.3,1,2,0,821.0664,1487205250394,-1,-1,820.9331,1487205250263
8,14,2,0.3,1,1,0,821.6666,1487205250994,822.0666,1487205251395,821.5331,1487205250864
8,15,2,0.3,0,0,3,822.2665,1487205251594,822.5333,1487205251861,822.1331,1487205251463
8,16,2,0.3,1,2,3,822.8672,1487205252195,-1,-1,822.7332,1487205252064
8,17,2,0.3,1,0,2,823.4666,1487205252794,-1,-1,823.3338,1487205252664
8,18,2,0.3,1,0,1,824.0667,1487205253395,-1,-1,823.9332,1487205253264
8,19,2,0.3,1,1,2,824.6666,1487205253994,825.1,1487205254428,824.5332,1487205253864
8,20,2,0.3,1,2,2,825.2666,1487205254594,-1,-1,825.1333,1487205254463
8,21,2,0.3,1,0,0,825.8668,1487205255195,-1,-1,825.7334,1487205255064
8,22,2,0.3,1,0,1,826.4667,1487205255795,-1,-1,826.3337,1487205255664
8,1,2,0.3,1,3,0,842.1348,1487205271463,-1,-1,842.0009,1487205271329
8,2,2,0.3,1,3,1,842.7344,1487205272062,-1,-1,842.601,1487205271931
8,3,2,0.3,1,0,2,843.3344,1487205272662,-1,-1,843.2017,1487205272532
8,4,2,0.3,1,0,3,843.9344,1487205273262,-1,-1,843.801,1487205273131
8,5,2,0.3,1,2,3,844.5344,1487205273862,-1,-1,844.4011,1487205273731
8,6,2,0.3,1,1,3,845.1345,1487205274462,845.568,1487205274896,845.0011,1487205274331
8,7,2,0.3,1,1,3,845.7345,1487205275062,846.1678,1487205275496,845.6011,1487205274932
8,8,2,0.3,1,1,3,846.3345,1487205275662,846.7682,1487205276096,846.2012,1487205275533
8,9,2,0.3,1,2,1,846.9346,1487205276262,-1,-1,846.8013,1487205276132
8,10,2,0.3,1,2,1,847.5345,1487205276862,-1,-1,847.4012,1487205276732
8,11,2,0.3,1,1,1,848.1346,1487205277462,848.5679,1487205277896,848.0013,1487205277332
8,12,2,0.3,1,0,0,848.7353,1487205278063,-1,-1,848.6013,1487205277932
8,13,2,0.3,1,0,3,849.3347,1487205278663,-1,-1,849.2014,1487205278532
8,14,2,0.3,1,1,0,849.9347,1487205279263,850.4016,1487205279730,849.8014,1487205279132
8,15,2,0.3,1,0,1,850.5353,1487205279863,-1,-1,850.4016,1487205279733
8,16,2,0.3,1,0,2,851.1348,1487205280463,-1,-1,851.0013,1487205280332
8,17,2,0.3,1,1,1,851.735,1487205281063,852.2017,1487205281530,851.6014,1487205280933
8,18,2,0.3,1,2,1,852.3348,1487205281663,-1,-1,852.2017,1487205281533
8,19,2,0.3,1,0,0,852.9349,1487205282263,-1,-1,852.8024,1487205282133
8,20,2,0.3,1,2,0,853.5349,1487205282863,-1,-1,853.4016,1487205282734
8,21,2,0.3,1,2,1,854.1349,1487205283463,-1,-1,854.0016,1487205283332
8,22,2,0.3,1,0,2,854.735,1487205284063,-1,-1,854.6016,1487205283933
8,1,2,0.3,1,3,3,870.4025,1487205299730,-1,-1,870.2693,1487205299597
8,2,2,0.3,1,3,1,870.9359,1487205300264,-1,-1,870.8365,1487205300167
8,3,2,0.3,1,0,0,871.5026,1487205300830,-1,-1,871.3696,1487205300700
8,4,2,0.3,1,0,3,872.0694,1487205301397,-1,-1,871.936,1487205301266
8,5,2,0.3,1,2,3,872.6027,1487205301931,-1,-1,872.5035,1487205301835
8,6,2,0.3,1,0,2,873.1694,1487205302497,-1,-1,873.036,1487205302367
8,7,2,0.3,1,2,2,873.7361,1487205303064,-1,-1,873.6027,1487205302934
8,8,2,0.3,1,1,2,874.3027,1487205303631,874.7028,1487205304031,874.1694,1487205303500
8,9,2,0.3,1,2,0,874.8694,1487205304197,-1,-1,874.7361,1487205304067
8,10,2,0.3,0,1,2,875.4362,1487205304764,-1,-1,875.3028,1487205304633
8,11,2,0.3,1,2,2,876.0029,1487205305331,-1,-1,875.8706,1487205305204
8,12,2,0.3,1,2,0,876.5364,1487205305864,-1,-1,876.4362,1487205305768
8,13,2,0.3,1,0,1,877.1035,1487205306431,-1,-1,876.9697,1487205306302
8,14,2,0.3,1,1,0,877.6364,1487205306964,878.0362,1487205307364,877.5364,1487205306867
8,15,2,0.3,1,2,0,878.2029,1487205307531,-1,-1,878.0697,1487205307400
8,16,2,0.3,0,1,0,878.7697,1487205308098,-1,-1,878.6363,1487205307967
8,17,2,0.3,1,0,3,879.3364,1487205308664,-1,-1,879.203,1487205308534
8,18,2,0.3,0,1,0,879.9031,1487205309231,-1,-1,879.7697,1487205309100
8,19,2,0.3,0,1,3,880.4697,1487205309798,-1,-1,880.3369,1487205309670
8,20,2,0.3,1,0,2,881.0037,1487205310332,-1,-1,880.9031,1487205310234
8,21,2,0.3,1,0,1,881.5698,1487205310898,-1,-1,881.4365,1487205310767
8,22,2,0.3,1,0,0,882.1032,1487205311431,-1,-1,882.0031,1487205311334
8,1,2,0.3,1,3,3,897.7375,1487205327065,-1,-1,897.6041,1487205326932
8,2,2,0.3,1,3,0,898.3041,1487205327632,-1,-1,898.1708,1487205327502
8,3,2,0.3,1,2,0,898.8708,1487205328199,-1,-1,898.7375,1487205328068
8,4,2,0.3,1,2,1,899.4376,1487205328765,-1,-1,899.3041,1487205328634
8,5,2,0.3,1,0,3,899.9709,1487205329299,-1,-1,899.8708,1487205329201
8,6,2,0.3,1,0,2,900.5045,1487205329833,-1,-1,900.4042,1487205329735
8,7,2,0.3,1,2,2,901.0377,1487205330366,-1,-1,900.9376,1487205330268
8,8,2,0.3,1,1,2,901.6043,1487205330932,902.0043,1487205331332,901.4709,1487205330801
8,9,2,0.3,1,2,0,902.1378,1487205331466,-1,-1,902.0377,1487205331369
8,10,2,0.3,1,0,1,902.7043,1487205332032,-1,-1,902.571,1487205331901
8,11,2,0.3,1,0,3,903.2377,1487205332566,-1,-1,903.1378,1487205332468
8,12,2,0.3,0,1,1,903.7716,1487205333099,-1,-1,903.6711,1487205333002
8,13,2,0.3,1,0,0,904.3383,1487205333666,-1,-1,904.2049,1487205333539
8,14,2,0.3,0,1,1,904.9045,1487205334232,-1,-1,904.7711,1487205334103
8,15,2,0.3,0,1,0,905.438,1487205334766,-1,-1,905.3425,1487205334673
8,16,2,0.3,1,0,2,906.0045,1487205335332,-1,-1,905.8712,1487205335202
8,17,2,0.3,0,1,0,906.5379,1487205335866,-1,-1,906.4378,1487205335768
8,18,2,0.3,1,2,0,907.1046,1487205336432,-1,-1,906.9717,1487205336302
8,19,2,0.3,1,0,3,907.6381,1487205336966,-1,-1,907.5384,1487205336869
8,20,2,0.3,0,1,0,908.2047,1487205337533,-1,-1,908.0712,1487205337402
8,21,2,0.3,1,0,1,908.738,1487205338066,-1,-1,908.6381,1487205337970
8,22,2,0.3,1,2,3,909.3047,1487205338633,-1,-1,909.1714,1487205338502
8,1,2,0.3,1,3,2,924.9389,1487205354267,-1,-1,924.8056,1487205354134
8,2,2,0.3,1,3,0,925.5056,1487205354833,-1,-1,925.3722,1487205354703
8,3,2,0.3,1,1,2,926.0723,1487205355400,926.5057,1487205355834,925.9391,1487205355270
8,4,2,0.3,0,1,0,926.6057,1487205355934,-1,-1,926.5057,1487205355837
8,5,2,0.3,1,2,0,927.1724,1487205356500,-1,-1,927.0416,1487205356374
8,6,2,0.3,0,1,0,927.7391,1487205357067,-1,-1,927.6058,1487205356936
8,7,2,0.3,0,1,0,928.3058,1487205357634,-1,-1,928.1725,1487205357505
8,8,2,0.3,1,2,3,928.8394,1487205358167,-1,-1,928.7391,1487205358070
8,9,2,0.3,1,0,1,929.4063,1487205358734,-1,-1,929.2725,1487205358603
8,10,2,0.3,1,2,1,929.9725,1487205359300,-1,-1,929.8392,1487205359169
8,11,2,0.3,1,2,3,930.5396,1487205359867,-1,-1,930.4061,1487205359738
8,12,2,0.3,1,0,2,931.106,1487205360434,-1,-1,930.9726,1487205360304
8,13,2,0.3,0,1,3,931.6727,1487205361000,-1,-1,931.5393,1487205360870
8,14,2,0.3,1,2,3,932.2393,1487205361567,-1,-1,932.1092,1487205361440
8,15,2,0.3,1,0,1,932.806,1487205362134,-1,-1,932.6733,1487205362004
8,16,2,0.3,1,0,0,933.3727,1487205362701,-1,-1,933.2394,1487205362570
8,17,2,0.3,1,0,2,933.9069,1487205363235,-1,-1,933.806,1487205363136
8,18,2,0.3,1,0,3,934.4728,1487205363801,-1,-1,934.3395,1487205363670
8,19,2,0.3,1,2,0,935.0396,1487205364367,-1,-1,934.9061,1487205364237
8,20,2,0.3,1,0,1,935.6062,1487205364934,-1,-1,935.4728,1487205364803
8,21,2,0.3,1,0,2,936.1729,1487205365501,-1,-1,936.0397,1487205365372
8,22,2,0.3,1,1,1,936.7396,1487205366067,937.1732,1487205366501,936.6064,1487205365937
8,1,2,0.3,1,3,3,952.3738,1487205381702,-1,-1,952.2404,1487205381569
8,2,2,0.3,1,3,0,952.9073,1487205382236,-1,-1,952.8072,1487205382138
8,3,2,0.3,1,0,2,953.4739,1487205382802,-1,-1,953.3405,1487205382672
8,4,2,0.3,1,2,2,954.0073,1487205383335,-1,-1,953.9073,1487205383238
8,5,2,0.3,1,2,0,954.5739,1487205383902,-1,-1,954.4406,1487205383772
8,6,2,0.3,0,1,2,955.1407,1487205384468,-1,-1,955.0073,1487205384338
8,7,2,0.3,1,2,2,955.7073,1487205385035,-1,-1,955.5766,1487205384907
8,8,2,0.3,0,1,2,956.274,1487205385602,-1,-1,956.1407,1487205385471
8,9,2,0.3,0,0,0,956.8076,1487205386135,956.9407,1487205386269,956.7073,1487205386038
8,10,2,0.3,1,0,3,957.3741,1487205386702,-1,-1,957.2407,1487205386571
8,11,2,0.3,0,1,0,957.9409,1487205387269,-1,-1,957.8076,1487205387138
8,12,2,0.3,1,2,0,958.5075,1487205387835,-1,-1,958.3742,1487205387705
8,13,2,0.3,0,1,0,959.0748,1487205388403,-1,-1,958.9409,1487205388272
8,14,2,0.3,0,1,0,959.6076,1487205388935,-1,-1,959.5075,1487205388839
8,15,2,0.3,1,0,3,960.1744,1487205389502,-1,-1,960.0416,1487205389373
8,16,2,0.3,1,2,3,960.7082,1487205390036,-1,-1,960.6077,1487205389938
8,17,2,0.3,0,1,3,961.2744,1487205390602,-1,-1,961.1409,1487205390471
8,18,2,0.3,1,0,1,961.8412,1487205391169,-1,-1,961.7077,1487205391038
8,19,2,0.3,1,0,2,962.4078,1487205391736,-1,-1,962.2744,1487205391605
8,20,2,0.3,1,0,0,962.9744,1487205392302,-1,-1,962.8411,1487205392173
8,21,2,0.3,1,2,1,963.541,1487205392869,-1,-1,963.4078,1487205392739
8,22,2,0.3,1,0,3,964.075,1487205393403,-1,-1,963.9744,1487205393305
8,1,2,0.3,1,3,1,979.7087,1487205409037,-1,-1,979.5754,1487205408903
8,2,2,0.3,1,3,0,980.3087,1487205409637,-1,-1,980.1755,1487205409506
8,3,2,0.3,1,2,0,980.9089,1487205410237,-1,-1,980.7755,1487205410106
8,4,2,0.3,1,2,3,981.509,1487205410837,-1,-1,981.3755,1487205410706
8,5,2,0.3,1,1,0,982.1089,1487205411437,982.5423,1487205411870,981.9755,1487205411308
8,6,2,0.3,1,0,2,982.7088,1487205412037,-1,-1,982.5757,1487205411906
8,7,2,0.3,1,0,1,983.3088,1487205412637,-1,-1,983.1756,1487205412506
8,8,2,0.3,1,2,0,983.909,1487205413237,-1,-1,983.7755,1487205413106
8,9,2,0.3,1,0,3,984.509,1487205413837,-1,-1,984.3759,1487205413706
8,10,2,0.3,0,1,0,985.1089,1487205414437,-1,-1,984.9756,1487205414306
8,11,2,0.3,1,0,2,985.709,1487205415037,-1,-1,985.5756,1487205414906
8,12,2,0.3,0,1,0,986.309,1487205415637,-1,-1,986.1757,1487205415507
8,13,2,0.3,1,2,0,986.9091,1487205416237,-1,-1,986.7758,1487205416106
8,14,2,0.3,1,0,3,987.5091,1487205416837,-1,-1,987.3758,1487205416706
8,15,2,0.3,1,0,1,988.1092,1487205417437,-1,-1,987.9758,1487205417306
8,16,2,0.3,1,0,2,988.7093,1487205418037,-1,-1,988.5759,1487205417906
8,17,2,0.3,1,2,2,989.3093,1487205418637,-1,-1,989.1758,1487205418507
8,18,2,0.3,1,1,2,989.9092,1487205419237,990.3763,1487205419704,989.7759,1487205419107
8,19,2,0.3,1,1,2,990.5092,1487205419837,990.876,1487205420204,990.3763,1487205419707
8,20,2,0.3,1,2,0,991.1098,1487205420438,-1,-1,990.976,1487205420307
8,21,2,0.3,1,0,1,991.7093,1487205421037,-1,-1,991.576,1487205420906
8,22,2,0.3,1,1,0,992.3095,1487205421637,992.7429,1487205422071,992.1761,1487205421506
8,1,2,0.3,1,3,1,1007.944,1487205437271,-1,-1,1007.844,1487205437172
8,2,2,0.3,1,3,0,1008.477,1487205437805,-1,-1,1008.378,1487205437709
8,3,2,0.3,1,2,0,1009.044,1487205438372,-1,-1,1008.91,1487205438241
8,4,2,0.3,1,1,0,1009.577,1487205438905,1010.01,1487205439338,1009.477,1487205438808
8,5,2,0.3,1,0,1,1010.144,1487205439472,-1,-1,1010.01,1487205439341
8,6,2,0.3,1,2,1,1010.677,1487205440005,-1,-1,1010.577,1487205439907
8,7,2,0.3,1,1,1,1011.244,1487205440572,1011.677,1487205441005,1011.11,1487205440441
8,8,2,0.3,1,0,0,1011.778,1487205441105,-1,-1,1011.677,1487205441008
8,9,2,0.3,0,1,1,1012.344,1487205441672,-1,-1,1012.211,1487205441541
8,10,2,0.3,1,0,2,1012.911,1487205442238,-1,-1,1012.777,1487205442108
8,11,2,0.3,1,0,3,1013.477,1487205442805,-1,-1,1013.344,1487205442675
8,12,2,0.3,0,1,2,1014.011,1487205443339,-1,-1,1013.911,1487205443242
8,13,2,0.3,1,0,1,1014.578,1487205443906,-1,-1,1014.444,1487205443775
8,14,2,0.3,0,1,2,1015.144,1487205444472,-1,-1,1015.011,1487205444343
8,15,2,0.3,1,0,3,1015.711,1487205445039,-1,-1,1015.577,1487205444908
8,16,2,0.3,1,2,1,1016.277,1487205445605,-1,-1,1016.144,1487205445474
8,17,2,0.3,1,2,2,1016.844,1487205446172,-1,-1,1016.711,1487205446041
8,18,2,0.3,1,2,3,1017.411,1487205446739,-1,-1,1017.278,1487205446608
8,19,2,0.3,0,1,2,1017.977,1487205447305,-1,-1,1017.844,1487205447176
8,20,2,0.3,1,0,0,1018.544,1487205447872,-1,-1,1018.411,1487205447743
8,21,2,0.3,1,0,1,1019.078,1487205448405,-1,-1,1018.978,1487205448308
8,22,2,0.3,1,2,2,1019.644,1487205448972,-1,-1,1019.511,1487205448842
8,1,2,0.3,1,3,2,1035.278,1487205464606,-1,-1,1035.145,1487205464473
8,2,2,0.3,1,3,1,1035.845,1487205465173,-1,-1,1035.712,1487205465043
8,3,2,0.3,1,0,3,1036.412,1487205465740,-1,-1,1036.279,1487205465610
8,4,2,0.3,1,0,2,1036.979,1487205466306,-1,-1,1036.845,1487205466177
8,5,2,0.3,0,1,3,1037.545,1487205466873,-1,-1,1037.412,1487205466742
8,6,2,0.3,1,0,1,1038.112,1487205467440,-1,-1,1037.979,1487205467309
8,7,2,0.3,1,2,1,1038.679,1487205468007,-1,-1,1038.545,1487205467876
8,8,2,0.3,1,0,0,1039.245,1487205468573,-1,-1,1039.112,1487205468442
8,9,2,0.3,1,2,0,1039.812,1487205469140,-1,-1,1039.679,1487205469010
8,10,2,0.3,1,1,0,1040.379,1487205469707,1040.779,1487205470107,1040.245,1487205469576
8,11,2,0.3,1,0,3,1040.945,1487205470273,-1,-1,1040.812,1487205470143
8,12,2,0.3,1,0,2,1041.512,1487205470840,-1,-1,1041.379,1487205470711
8,13,2,0.3,1,0,1,1042.079,1487205471407,-1,-1,1041.945,1487205471276
8,14,2,0.3,0,1,2,1042.612,1487205471940,-1,-1,1042.512,1487205471843
8,15,2,0.3,1,2,2,1043.146,1487205472474,-1,-1,1043.046,1487205472376
8,16,2,0.3,1,2,1,1043.679,1487205473007,-1,-1,1043.579,1487205472911
8,17,2,0.3,1,2,1,1044.246,1487205473574,-1,-1,1044.112,1487205473443
8,18,2,0.3,1,1,1,1044.812,1487205474140,1045.179,1487205474507,1044.679,1487205474009
8,19,2,0.3,1,1,1,1045.379,1487205474707,1045.779,1487205475107,1045.246,1487205474576
8,20,2,0.3,1,1,1,1045.946,1487205475274,1046.346,1487205475674,1045.812,1487205475143
8,21,2,0.3,1,2,0,1046.479,1487205475807,-1,-1,1046.379,1487205475710
8,22,2,0.3,1,0,3,1047.046,1487205476374,-1,-1,1046.912,1487205476244
8,1,2,0.3,1,3,0,1062.647,1487205491975,-1,-1,1062.547,1487205491875
8,2,2,0.3,1,3,1,1063.147,1487205492475,-1,-1,1063.047,1487205492378
8,3,2,0.3,1,2,1,1063.647,1487205492975,-1,-1,1063.547,1487205492878
8,4,2,0.3,0,1,1,1064.147,1487205493475,-1,-1,1064.047,1487205493376
8,5,2,0.3,1,1,1,1064.647,1487205493975,1065.048,1487205494376,1064.547,1487205493878
8,6,2,0.3,1,2,0,1065.147,1487205494475,-1,-1,1065.048,1487205494378
8,7,2,0.3,1,0,2,1065.647,1487205494975,-1,-1,1065.547,1487205494877
8,8,2,0.3,1,0,3,1066.147,1487205495475,-1,-1,1066.047,1487205495378
8,9,2,0.3,0,1,2,1066.647,1487205495975,-1,-1,1066.547,1487205495878
8,10,2,0.3,1,0,0,1067.147,1487205496475,-1,-1,1067.047,1487205496377
8,11,2,0.3,1,0,1,1067.647,1487205496975,-1,-1,1067.547,1487205496878
8,12,2,0.3,1,2,2,1068.147,1487205497475,-1,-1,1068.047,1487205497378
8,13,2,0.3,0,1,1,1068.647,1487205497975,-1,-1,1068.547,1487205497878
8,14,2,0.3,1,2,1,1069.147,1487205498475,-1,-1,1069.047,1487205498378
8,15,2,0.3,1,0,0,1069.647,1487205498975,-1,-1,1069.547,1487205498878
8,16,2,0.3,1,2,0,1070.147,1487205499475,-1,-1,1070.047,1487205499377
8,17,2,0.3,1,1,0,1070.647,1487205499975,1071.047,1487205500375,1070.547,1487205499878
8,18,2,0.3,1,0,2,1071.147,1487205500475,-1,-1,1071.047,1487205500378
8,19,2,0.3,0,1,0,1071.647,1487205500975,-1,-1,1071.547,1487205500878
8,20,2,0.3,1,2,0,1072.147,1487205501476,-1,-1,1072.047,1487205501378
8,21,2,0.3,1,0,1,1072.647,1487205501975,-1,-1,1072.547,1487205501878
8,22,2,0.3,1,0,2,1073.147,1487205502475,-1,-1,1073.047,1487205502378
8,1,2,0.3,1,3,3,1088.715,1487205518043,-1,-1,1088.615,1487205517943
8,2,2,0.3,1,3,0,1089.215,1487205518543,-1,-1,1089.115,1487205518446
8,3,2,0.3,1,2,0,1089.715,1487205519043,-1,-1,1089.615,1487205518945
8,4,2,0.3,1,2,3,1090.215,1487205519543,-1,-1,1090.115,1487205519445
8,5,2,0.3,0,1,0,1090.715,1487205520043,-1,-1,1090.615,1487205519946
8,6,2,0.3,0,1,3,1091.215,1487205520543,-1,-1,1091.115,1487205520446
8,7,2,0.3,1,2,3,1091.715,1487205521043,-1,-1,1091.615,1487205520946
8,8,2,0.3,1,2,0,1092.215,1487205521543,-1,-1,1092.115,1487205521446
8,9,2,0.3,1,0,1,1092.715,1487205522043,-1,-1,1092.615,1487205521945
8,10,2,0.3,1,0,2,1093.215,1487205522543,-1,-1,1093.115,1487205522447
8,11,2,0.3,1,0,3,1093.715,1487205523043,-1,-1,1093.615,1487205522945
8,12,2,0.3,0,1,2,1094.215,1487205523543,-1,-1,1094.115,1487205523445
8,13,2,0.3,1,0,1,1094.715,1487205524043,-1,-1,1094.615,1487205523946
8,14,2,0.3,1,0,0,1095.215,1487205524543,-1,-1,1095.115,1487205524446
8,15,2,0.3,1,2,2,1095.715,1487205525043,-1,-1,1095.615,1487205524946
8,16,2,0.3,1,0,3,1096.215,1487205525543,-1,-1,1096.115,1487205525446
8,17,2,0.3,0,1,2,1096.715,1487205526043,-1,-1,1096.615,1487205525946
8,18,2,0.3,0,1,3,1097.215,1487205526543,-1,-1,1097.115,1487205526446
8,19,2,0.3,1,0,0,1097.715,1487205527043,-1,-1,1097.615,1487205526946
8,20,2,0.3,1,2,0,1098.215,1487205527543,-1,-1,1098.115,1487205527446
8,21,2,0.3,1,1,0,1098.715,1487205528043,1099.116,1487205528444,1098.615,1487205527946
8,22,2,0.3,1,0,3,1099.215,1487205528543,-1,-1,1099.116,1487205528448
8,1,2,0.3,1,3,1,1114.783,1487205544111,-1,-1,1114.683,1487205544012
8,2,2,0.3,1,3,0,1115.283,1487205544611,-1,-1,1115.183,1487205544514
8,3,2,0.3,0,1,1,1115.784,1487205545111,-1,-1,1115.683,1487205545014
8,4,2,0.3,1,0,3,1116.283,1487205545611,-1,-1,1116.183,1487205545514
8,5,2,0.3,0,1,1,1116.783,1487205546111,-1,-1,1116.683,1487205546014
8,6,2,0.3,1,1,3,1117.284,1487205546612,1117.316,1487205546645,1117.183,1487205546515
8,7,2,0.3,1,2,3,1117.783,1487205547111,-1,-1,1117.683,1487205547015
8,8,2,0.3,1,0,2,1118.283,1487205547611,-1,-1,1118.183,1487205547514
8,9,2,0.3,0,1,3,1118.784,1487205548112,-1,-1,1118.683,1487205548015
8,10,2,0.3,0,0,0,1119.283,1487205548611,1119.383,1487205548712,1119.183,1487205548514
8,11,2,0.3,1,0,1,1119.783,1487205549111,-1,-1,1119.683,1487205549014
8,12,2,0.3,1,2,3,1120.284,1487205549612,-1,-1,1120.183,1487205549515
8,13,2,0.3,0,1,1,1120.783,1487205550111,-1,-1,1120.683,1487205550014
8,14,2,0.3,1,0,2,1121.283,1487205550611,-1,-1,1121.183,1487205550514
8,15,2,0.3,0,1,1,1121.784,1487205551112,-1,-1,1121.683,1487205551014
8,16,2,0.3,1,0,3,1122.284,1487205551612,-1,-1,1122.183,1487205551514
8,17,2,0.3,1,2,2,1122.783,1487205552111,-1,-1,1122.684,1487205552014
8,18,2,0.3,1,2,2,1123.284,1487205552612,-1,-1,1123.184,1487205552514
8,19,2,0.3,1,2,3,1123.783,1487205553111,-1,-1,1123.684,1487205553015
8,20,2,0.3,1,2,3,1124.283,1487205553611,-1,-1,1124.183,1487205553514
8,21,2,0.3,1,0,0,1124.784,1487205554112,-1,-1,1124.683,1487205554014
8,22,2,0.3,1,0,2,1125.283,1487205554611,-1,-1,1125.184,1487205554515
8,1,2,0.3,1,3,2,1140.884,1487205570212,-1,-1,1140.751,1487205570079
8,2,2,0.3,1,3,1,1141.418,1487205570746,-1,-1,1141.318,1487205570650
8,3,2,0.3,1,1,2,1141.984,1487205571312,1142.351,1487205571679,1141.851,1487205571182
8,4,2,0.3,1,0,0,1142.518,1487205571846,-1,-1,1142.418,1487205571750
8,5,2,0.3,1,1,2,1143.084,1487205572412,1143.518,1487205572846,1142.951,1487205572282
8,6,2,0.3,1,1,0,1143.651,1487205572979,1144.085,1487205573413,1143.518,1487205572849
8,7,2,0.3,1,2,0,1144.218,1487205573546,-1,-1,1144.085,1487205573417
8,8,2,0.3,0,1,0,1144.785,1487205574112,-1,-1,1144.651,1487205573981
8,9,2,0.3,1,0,2,1145.352,1487205574680,-1,-1,1145.218,1487205574549
8,10,2,0.3,1,2,2,1145.885,1487205575213,-1,-1,1145.785,1487205575115
8,11,2,0.3,1,0,3,1146.451,1487205575779,-1,-1,1146.318,1487205575649
8,12,2,0.3,1,0,0,1146.985,1487205576313,-1,-1,1146.885,1487205576215
8,13,2,0.3,1,2,0,1147.519,1487205576847,-1,-1,1147.418,1487205576749
8,14,2,0.3,1,0,1,1148.085,1487205577413,-1,-1,1147.951,1487205577282
8,15,2,0.3,1,1,0,1148.653,1487205577980,1149.085,1487205578413,1148.518,1487205577849
8,16,2,0.3,1,2,0,1149.218,1487205578546,-1,-1,1149.085,1487205578417
8,17,2,0.3,1,2,1,1149.752,1487205579079,-1,-1,1149.651,1487205578982
8,18,2,0.3,1,0,2,1150.318,1487205579646,-1,-1,1150.185,1487205579516
8,19,2,0.3,1,2,0,1150.886,1487205580214,-1,-1,1150.752,1487205580082
8,20,2,0.3,1,0,3,1151.452,1487205580780,-1,-1,1151.318,1487205580649
8,21,2,0.3,1,1,0,1152.018,1487205581346,1152.452,1487205581780,1151.885,1487205581217
8,22,2,0.3,1,0,1,1152.585,1487205581913,-1,-1,1152.452,1487205581783
8,1,2,0.3,1,3,0,1168.186,1487205597514,-1,-1,1168.086,1487205597414
8,2,2,0.3,1,3,2,1168.686,1487205598014,-1,-1,1168.586,1487205597916
8,3,2,0.3,1,2,2,1169.186,1487205598514,-1,-1,1169.086,1487205598416
8,4,2,0.3,1,1,2,1169.687,1487205599015,1170.053,1487205599381,1169.586,1487205598918
8,5,2,0.3,0,0,0,1170.186,1487205599514,1170.486,1487205599814,1170.086,1487205599416
8,6,2,0.3,1,0,3,1170.687,1487205600015,-1,-1,1170.586,1487205599917
8,7,2,0.3,0,1,0,1171.186,1487205600514,-1,-1,1171.086,1487205600417
8,8,2,0.3,1,0,1,1171.686,1487205601015,-1,-1,1171.586,1487205600918
8,9,2,0.3,1,2,1,1172.186,1487205601514,-1,-1,1172.086,1487205601416
8,10,2,0.3,0,1,1,1172.687,1487205602015,-1,-1,1172.586,1487205601918
8,11,2,0.3,1,2,3,1173.186,1487205602514,-1,-1,1173.089,1487205602420
8,12,2,0.3,1,0,0,1173.686,1487205603014,-1,-1,1173.586,1487205602917
8,13,2,0.3,1,2,0,1174.186,1487205603514,-1,-1,1174.087,1487205603417
8,14,2,0.3,0,1,0,1174.686,1487205604014,-1,-1,1174.586,1487205603917
8,15,2,0.3,0,0,2,1175.187,1487205604515,1175.287,1487205604615,1175.086,1487205604417
8,16,2,0.3,0,1,0,1175.687,1487205605015,-1,-1,1175.586,1487205604917
8,17,2,0.3,0,2,0,1176.187,1487205605515,1176.253,1487205605581,1176.087,1487205605417
8,18,2,0.3,0,1,0,1176.687,1487205606014,-1,-1,1176.587,1487205605917
8,19,2,0.3,1,0,3,1177.187,1487205606515,-1,-1,1177.086,1487205606417
8,20,2,0.3,1,0,1,1177.687,1487205607014,-1,-1,1177.587,1487205606918
8,21,2,0.3,1,2,0,1178.186,1487205607514,-1,-1,1178.086,1487205607416
8,22,2,0.3,1,0,2,1178.687,1487205608015,-1,-1,1178.586,1487205607917
8,1,2,0.3,1,3,2,1194.254,1487205623582,-1,-1,1194.154,1487205623482
8,2,2,0.3,1,3,1,1194.787,1487205624115,-1,-1,1194.688,1487205624019
8,3,2,0.3,1,0,0,1195.354,1487205624682,-1,-1,1195.221,1487205624551
8,4,2,0.3,1,0,2,1195.921,1487205625249,-1,-1,1195.787,1487205625118
8,5,2,0.3,1,2,2,1196.488,1487205625816,-1,-1,1196.354,1487205625687
8,6,2,0.3,1,1,2,1197.055,1487205626383,1197.454,1487205626782,1196.921,1487205626252
8,7,2,0.3,1,1,2,1197.621,1487205626949,1198.054,1487205627383,1197.488,1487205626818
8,8,2,0.3,1,0,3,1198.154,1487205627482,-1,-1,1198.054,1487205627386
8,9,2,0.3,1,2,3,1198.721,1487205628049,-1,-1,1198.588,1487205627918
8,10,2,0.3,0,1,3,1199.288,1487205628616,-1,-1,1199.154,1487205628485
8,11,2,0.3,1,2,0,1199.854,1487205629182,-1,-1,1199.724,1487205629055
8,12,2,0.3,1,0,2,1200.421,1487205629749,-1,-1,1200.288,1487205629618
8,13,2,0.3,1,2,2,1200.954,1487205630282,-1,-1,1200.854,1487205630185
8,14,2,0.3,1,0,1,1201.488,1487205630816,-1,-1,1201.388,1487205630719
8,15,2,0.3,0,1,2,1202.054,1487205631382,-1,-1,1201.921,1487205631252
8,16,2,0.3,1,1,1,1202.588,1487205631916,1202.655,1487205631983,1202.488,1487205631819
8,17,2,0.3,1,2,1,1203.155,1487205632482,-1,-1,1203.021,1487205632353
8,18,2,0.3,1,0,3,1203.722,1487205633050,-1,-1,1203.588,1487205632919
8,19,2,0.3,1,1,1,1204.289,1487205633617,1204.721,1487205634049,1204.155,1487205633485
8,20,2,0.3,1,0,2,1204.822,1487205634149,-1,-1,1204.721,1487205634053
8,21,2,0.3,1,0,0,1205.388,1487205634716,-1,-1,1205.255,1487205634586
8,22,2,0.3,1,2,0,1205.955,1487205635283,-1,-1,1205.821,1487205635152
