%Recollect Version 2.0. Scene/Level: nback1_advan, Game Number: 190
%Note: All true/false values are represented as "1" and "0" respectively.
%Damage:1,Player X Position,Player Y Position,Hearts Left,Time (Relative),Time (Absolute)
%NBackObject:0,Current N Level,Is Correct,Should Be Picked Up,Type,Time of Reveal (R),Time of Reveal (A),Time of Death (R),Time of Death (A)
%Possible values for "Type":Blue=0,Yellow=1,Green=2,Pink=3,White=4,Gray=5,Brown=6,Purple=7,None=8,
0,3,1,0,5,0.05695,1479772320366.57,1.68335,1479772321976.67
0,3,1,0,0,1.61682,1479772321909.81,4.15039,1479772324443.6
0,3,1,0,3,4.05066,1479772324343.81,6.58411,1479772326877.33
0,3,0,1,5,6.48377,1479772326777.74,9.05054,1479772329347.66
0,3,1,0,4,8.95056,1479772329244.11,11.48401,1479772331777.31
0,2,0,0,5,11.38416,1479772331678.05,13.10144,1479772333414.59
0,2,1,0,4,16.25098,1479772338577.82,18.78430,1479772341111.22
0,2,1,0,4,18.71765,1479772341043.73,21.25110,1479772343578.32
0,2,1,0,1,21.15125,1479772343478.44,23.68481,1479772346012.04
0,2,1,1,4,23.61829,1479772345945.19,25.22144,1479772347577.81
0,2,1,0,2,26.15137,1479772348478.36,28.68494,1479772351012.03
0,2,1,0,0,28.61816,1479772350944.89,31.15198,1479772353479.2
1,133.90110,1.69701,2,31.96155,1479772354313.43
1,138.84310,0.88276,1,33.20154,1479772355544.3
0,2,1,0,5,31.05164,1479772353379.87,33.58508,1479772355912.4
0,2,0,1,0,33.48535,1479772355813.48,36.05200,1479772358379.92
0,1,0,0,1,35.95190,1479772358279.25,37.58154,1479772359916.42
0,1,1,0,2,40.85254,1479772365213.05,43.38611,1479772367746.41
0,1,1,1,2,43.25293,1479772367613.27,45.30151,1479772369679.03
0,1,1,0,0,45.71948,1479772370078.85,48.25305,1479772372613.59
0,1,1,0,3,48.18628,1479772372547.24,50.68665,1479772375047.07
0,1,0,1,3,50.61975,1479772374978.92,53.15344,1479772377515.01
1,221.89050,9.90951,0,53.96155,1479772378349.85
1,227.81060,1.93733,-1,55.44153,1479772379813.2
0,1,1,0,1,53.25330,1479772377614.15,55.78723,1479772381914
0,1,1,0,0,55.65344,1479772380014.22,58.18726,1479772384313.34
