%Recollect Version 2.3. Scene/Level: , Session: 0, GameNumber: 6
%NearTransferObject:GameNumber,BlockNumber,TrialNumber,CurrentNLevel,IsCorrect,StimulusType,Image,PresentationTime,ResponseTime,ExpireTime
%Possible values for "Image":Bear=0,Sheep=1,Duck=2,Elephant=3,Turtle=4,Owl=5,Goat=6,Seal=7,Blank=8,
%Possible values for "Type":NonTarget=0,Target=1,Lure=2,lessThanN=3,
6,0,0,1,1,3,0,1488248407001,-1,1488248406436
6,0,1,1,1,0,7,1488248410101,-1,1488248409537
6,0,2,1,1,0,3,1488248413168,-1,1488248412607
6,0,3,1,1,1,3,1488248416269,1488248417635,1488248415704
6,0,4,1,0,1,3,1488248419335,-1,1488248418804
6,0,5,1,1,0,0,1488248422436,-1,1488248421877
6,0,6,1,1,0,5,1488248425503,-1,1488248424940
6,0,7,1,1,0,7,1488248428569,-1,1488248428038
6,0,8,1,1,0,1,1488248431669,-1,1488248431105
6,0,9,1,1,0,4,1488248434736,-1,1488248434173
6,0,10,1,1,1,4,1488248437836,1488248438470,1488248437274
6,1,0,1,1,3,2,1488248445603,-1,1488248445041
6,1,1,1,1,0,0,1488248448637,-1,1488248448109
6,1,2,1,1,0,1,1488248451704,-1,1488248451173
6,1,3,1,1,1,1,1488248454771,1488248455238,1488248454239
6,1,4,1,1,0,2,1488248457837,-1,1488248457275
6,1,5,1,1,0,6,1488248460904,-1,1488248460340
6,1,6,1,1,0,4,1488248464004,-1,1488248463439
6,1,7,1,1,0,1,1488248467071,-1,1488248466513
6,1,8,1,1,0,0,1488248470138,-1,1488248469575
6,1,9,1,1,0,5,1488248473238,-1,1488248472674
6,1,10,1,1,1,5,1488248476305,1488248476972,1488248475773
6,1,11,1,1,0,4,1488248479372,-1,1488248478843
6,1,12,1,1,0,0,1488248482472,-1,1488248481908
6,1,13,1,1,0,3,1488248485539,-1,1488248485007
6,1,14,1,1,1,3,1488248488606,1488248489139,1488248488043
6,1,15,1,1,0,1,1488248491640,-1,1488248491110
6,1,16,1,1,0,7,1488248494739,-1,1488248494175
6,1,17,1,1,1,7,1488248497806,1488248499140,1488248497275
6,1,18,1,1,1,7,1488248500873,1488248501773,1488248500311
6,1,19,1,1,1,7,1488248503973,1488248504540,1488248503409
6,1,20,1,1,0,1,1488248507040,-1,1488248506475
6,2,0,2,1,3,3,1488248521191,-1,1488248520629
6,2,1,2,1,3,0,1488248524291,-1,1488248523729
6,2,2,2,1,0,7,1488248527391,-1,1488248526827
6,2,3,2,1,0,2,1488248530458,-1,1488248529895
6,2,4,2,1,1,7,1488248533492,1488248534159,1488248532962
6,2,5,2,1,0,5,1488248536592,-1,1488248536027
6,2,6,2,1,0,4,1488248539658,-1,1488248539094
6,2,7,2,1,1,5,1488248542693,1488248543193,1488248542163
6,2,8,2,1,0,6,1488248545792,-1,1488248545229
6,2,9,2,1,0,1,1488248548859,-1,1488248548294
6,2,10,2,1,1,6,1488248551926,1488248552460,1488248551363
6,2,11,2,1,0,7,1488248555026,-1,1488248554463
6,3,0,2,1,3,7,1488248560060,-1,1488248559535
6,3,1,2,1,3,4,1488248563127,-1,1488248562565
6,3,2,2,1,0,6,1488248566227,-1,1488248565665
6,3,3,2,1,0,7,1488248569327,-1,1488248568762
6,3,4,2,1,0,3,1488248572427,-1,1488248571862
6,3,5,2,1,0,5,1488248575494,-1,1488248574931
6,3,6,2,1,1,3,1488248578528,1488248579128,1488248577998
6,3,7,2,1,0,2,1488248581594,-1,1488248581063
6,3,8,2,1,0,4,1488248584628,-1,1488248584099
6,3,9,2,1,0,6,1488248587728,-1,1488248587166
6,3,10,2,0,0,5,1488248590828,1488248591428,1488248590264
6,3,11,2,1,1,6,1488248593928,1488248594796,1488248593363
6,3,12,2,1,1,5,1488248596995,1488248597862,1488248596432
6,3,13,2,1,0,1,1488248600029,-1,1488248599499
6,3,14,2,1,0,7,1488248603095,-1,1488248602564
6,3,15,2,1,0,4,1488248606163,-1,1488248605600
6,3,16,2,1,0,3,1488248609229,-1,1488248608666
6,3,17,2,1,1,4,1488248612329,1488248612896,1488248611765
6,3,18,2,1,0,0,1488248615363,-1,1488248614832
6,3,19,2,0,1,4,1488248618396,-1,1488248617867
6,3,20,2,1,1,0,1488248621497,1488248621730,1488248620934
6,3,21,2,1,0,6,1488248624597,-1,1488248624032
6,4,0,3,1,3,4,1488248634114,-1,1488248633549
6,4,1,3,1,3,3,1488248637147,-1,1488248636618
6,4,2,3,1,3,2,1488248640214,-1,1488248639653
6,4,3,3,1,1,4,1488248643281,1488248644581,1488248642752
6,4,4,3,1,0,5,1488248646381,-1,1488248645816
6,4,5,3,0,1,2,1488248649449,-1,1488248648885
6,4,6,3,0,0,1,1488248652548,1488248652949,1488248651986
6,4,7,3,0,0,3,1488248655648,1488248657182,1488248655084
6,4,8,3,0,0,6,1488248658715,1488248659616,1488248658151
6,4,9,3,0,0,4,1488248661783,1488248662783,1488248661220
6,4,10,3,1,1,3,1488248664882,1488248666183,1488248664319
6,4,11,3,1,0,0,1488248667982,-1,1488248667418
6,4,12,3,0,0,2,1488248671016,1488248671917,1488248670487
6,5,0,3,1,3,7,1488248676516,-1,1488248675985
6,5,1,3,1,3,1,1488248679616,-1,1488248679052
6,5,2,3,1,3,4,1488248682683,-1,1488248682120
6,5,3,3,1,1,7,1488248685717,1488248686251,1488248685188
6,5,4,3,1,0,5,1488248688783,-1,1488248688252
6,5,5,3,1,0,3,1488248691851,-1,1488248691286
6,5,6,3,1,1,7,1488248694951,1488248696185,1488248694388
6,5,7,3,1,0,6,1488248698051,-1,1488248697488
6,5,8,3,1,0,1,1488248701151,-1,1488248700586
6,5,9,3,1,0,2,1488248704218,-1,1488248703656
6,5,10,3,1,1,6,1488248707252,1488248707819,1488248706722
6,5,11,3,0,0,5,1488248710318,1488248711152,1488248709787
6,5,12,3,0,1,2,1488248713419,-1,1488248712853
6,5,13,3,0,0,4,1488248716485,1488248717219,1488248715923
6,5,14,3,0,0,1,1488248719552,1488248721419,1488248719021
6,5,15,3,1,0,7,1488248722652,-1,1488248722087
6,5,16,3,0,0,3,1488248725719,1488248726420,1488248725156
6,5,17,3,1,0,0,1488248728786,-1,1488248728257
6,5,18,3,0,0,6,1488248731886,1488248732586,1488248731321
6,5,19,3,0,0,2,1488248734953,1488248735820,1488248734421
6,5,20,3,0,0,4,1488248738020,1488248739720,1488248737458
6,5,21,3,1,1,6,1488248741086,1488248743320,1488248740522
6,5,22,3,0,1,2,1488248744153,-1,1488248743589
6,6,0,1,1,3,3,1488248750037,-1,1488248749475
6,6,1,1,1,0,0,1488248753104,-1,1488248752572
6,6,2,1,1,0,3,1488248756171,-1,1488248755608
6,6,3,1,1,0,1,1488248759271,-1,1488248758708
6,6,4,1,1,1,1,1488248762371,1488248764505,1488248761806
6,6,5,1,1,0,4,1488248765471,-1,1488248764906
6,6,6,1,1,0,6,1488248768538,-1,1488248767975
6,6,7,1,1,0,0,1488248771572,-1,1488248771042
6,6,8,1,1,0,3,1488248774672,-1,1488248774107
6,6,9,1,1,1,3,1488248777739,1488248778373,1488248777174
6,6,10,1,1,0,7,1488248780839,-1,1488248780277
6,6,11,1,1,0,5,1488248783939,-1,1488248783374
6,6,12,1,1,0,0,1488248786972,-1,1488248786441
6,6,13,1,1,0,3,1488248790006,-1,1488248789477
6,6,14,1,1,0,6,1488248793073,-1,1488248792544
6,6,15,1,1,0,2,1488248796140,-1,1488248795608
6,6,16,1,1,1,2,1488248799174,1488248799908,1488248798676
6,6,17,1,1,0,5,1488248802274,-1,1488248801711
6,6,18,1,1,1,5,1488248805373,1488248805940,1488248804808
6,6,19,1,1,1,5,1488248808440,1488248809240,1488248807876
6,6,20,1,1,1,5,1488248811474,1488248812108,1488248810944
6,7,0,2,1,3,0,1488248816574,-1,1488248816009
6,7,1,2,1,3,1,1488248819674,-1,1488248819109
6,7,2,2,1,0,3,1488248822741,-1,1488248822179
6,7,3,2,1,2,3,1488248825808,-1,1488248825246
6,7,4,2,1,0,5,1488248828875,-1,1488248828344
6,7,5,2,1,0,0,1488248831909,-1,1488248831379
6,7,6,2,1,1,5,1488248834975,1488248835576,1488248834446
6,7,7,2,1,0,6,1488248838042,-1,1488248837511
6,7,8,2,1,2,6,1488248841142,-1,1488248840577
6,7,9,2,1,1,6,1488248844176,1488248844709,1488248843647
6,7,10,2,1,0,3,1488248847243,-1,1488248846680
6,7,11,2,1,2,3,1488248850343,-1,1488248849778
6,7,12,2,1,0,4,1488248853410,-1,1488248852847
6,7,13,2,1,1,3,1488248856510,1488248857244,1488248855948
6,7,14,2,1,1,4,1488248859576,1488248860310,1488248859045
6,7,15,2,1,0,0,1488248862643,-1,1488248862079
6,7,16,2,1,0,5,1488248865710,-1,1488248865147
6,7,17,2,1,2,5,1488248868744,-1,1488248868214
6,7,18,2,1,2,0,1488248871811,-1,1488248871279
6,7,19,2,1,1,5,1488248874844,1488248875445,1488248874313
6,7,20,2,0,2,5,1488248877945,1488248879512,1488248877382
6,7,21,2,1,1,5,1488248881045,1488248882045,1488248880479
6,8,0,3,1,3,7,1488248886245,-1,1488248885715
6,8,1,3,1,3,5,1488248889312,-1,1488248888748
6,8,2,3,1,3,0,1488248892412,-1,1488248891847
6,8,3,3,1,1,7,1488248895479,1488248896879,1488248894914
6,8,4,3,1,1,5,1488248898512,1488248899679,1488248897983
6,8,5,3,1,0,4,1488248901613,-1,1488248901049
6,8,6,3,0,1,7,1488248904679,-1,1488248904147
6,8,7,3,0,0,3,1488248907746,1488248908046,1488248907185
6,8,8,3,1,2,3,1488248910813,-1,1488248910250
6,8,9,3,0,2,3,1488248913913,1488248914980,1488248913350
6,8,10,3,0,2,4,1488248916980,1488248917914,1488248916449
6,8,11,3,1,0,6,1488248920014,-1,1488248919484
6,8,12,3,1,0,7,1488248923114,-1,1488248922551
6,8,13,3,1,1,4,1488248926214,1488248926880,1488248925649
6,8,14,3,1,0,2,1488248929281,-1,1488248928718
6,8,15,3,1,2,2,1488248932348,-1,1488248931785
6,8,16,3,1,1,4,1488248935416,1488248936750,1488248934852
6,8,17,3,1,0,1,1488248938483,-1,1488248937951
6,8,18,3,0,2,4,1488248941517,1488248942484,1488248940988
6,8,19,3,1,0,0,1488248944617,-1,1488248944054
6,8,20,3,1,1,1,1488248947683,1488248948517,1488248947153
6,8,21,3,1,0,3,1488248950751,-1,1488248950188
6,8,22,3,0,2,4,1488248953784,1488248954451,1488248953255
