%Recollect Version 2.0. Scene/Level: nback0_advan, Game Number: 084
%Note: All true/false values are represented as "1" and "0" respectively.
%Damage:1,Player X Position,Player Y Position,Hearts Left,Time (Relative),Time (Absolute)
%NBackObject:0,Current N Level,Is Correct,Should Be Picked Up,Type,Time of Reveal (R),Time of Reveal (A),Time of Death (R),Time of Death (A)
%Possible values for "Type":Blue=0,Yellow=1,Green=2,Pink=3,White=4,Gray=5,Brown=6,Purple=7,None=8,
0,3,1,0,2,1.15037,1478740645318.9,3.68361,1478740647853.34
0,3,1,0,0,3.65026,1478740647819.68,6.18456,1478740650354.05
0,3,1,0,2,6.15040,1478740650319.67,8.68433,1478740652855.32
0,3,1,0,1,8.65048,1478740652820.02,11.18405,1478740655353.87
0,3,1,1,0,10.88401,1478740655053.77,12.48232,1478740656658.56
0,3,1,1,2,13.38408,1478740657553.93,15.00233,1478740659187.22
0,3,1,0,3,15.88435,1478740660054.21,18.45110,1478740662620.67
0,3,1,0,1,18.38442,1478740662554.07,20.91789,1478740665086.99
0,3,1,0,0,20.65123,1478740664820.37,23.18485,1478740667353.82
0,3,1,0,1,23.11802,1478740667287.19,25.65157,1478740669822.05
0,3,1,0,3,25.61820,1478740669786.91,28.15178,1478740672320.94
0,3,1,0,3,28.11840,1478740672286.75,30.65196,1478740674820.86
0,3,1,0,2,30.61845,1478740674787.56,33.15189,1478740677321.63
0,3,1,0,1,33.11860,1478740677288.34,35.65217,1478740679821.93
0,3,1,0,2,35.35204,1478740679520.95,37.88583,1478740682054.78
0,4,1,1,2,37.85251,1478740682021.74,39.48232,1478740683659.45
0,4,1,0,0,42.85260,1478740689055.21,45.38607,1478740691588.44
0,4,1,0,0,45.11937,1478740691321.49,47.65355,1478740693856.13
0,4,1,0,1,47.55285,1478740693755.43,50.08633,1478740696288.95
0,4,1,0,3,50.05293,1478740696255.61,52.58662,1478740698789.43
0,4,1,0,1,52.55313,1478740698755.33,55.08660,1478740701288.74
0,4,1,0,3,55.05344,1478740701256.89,57.58671,1478740703789.4
0,4,1,0,2,57.55342,1478740703755.54,60.08690,1478740706289.47
0,4,1,0,1,59.82021,1478740706022.49,62.35394,1478740708556.85
0,4,1,0,3,62.32035,1478740708522.12,64.85384,1478740711056.19
0,4,1,0,2,64.82059,1478740711022.44,67.35397,1478740713556.54
0,4,1,0,3,67.32066,1478740713522.63,69.85410,1478740716056.5
0,4,1,0,2,69.55424,1478740715756.57,72.08757,1478740718290.09
0,4,1,0,1,72.05423,1478740718256.73,74.58786,1478740720790.37
0,4,1,0,3,74.55436,1478740720756.76,77.08785,1478740723290.38
0,4,1,0,2,77.05466,1478740723257.26,79.58815,1478740725791.67
0,4,1,0,1,79.55465,1478740725757.94,82.08826,1478740728291.14
0,4,1,1,1,82.05479,1478740728258.3,83.68232,1478740729891.09
0,4,1,0,2,84.28825,1478740730490.48,86.82188,1478740733023.68
0,4,1,0,1,86.78833,1478740732991.19,89.35521,1478740735558.08
0,4,1,0,3,89.28902,1478740735491.39,91.85535,1478740738058
0,4,1,0,2,91.78870,1478740737991.89,94.35554,1478740740559.18
0,4,1,0,3,94.05559,1478740740258.04,96.58910,1478740742791.82
0,4,1,0,2,96.68900,1478740742891.37,99.22259,1478740745425.56
0,4,1,0,1,98.92270,1478740745125.16,101.45610,1478740747657.74
0,4,0,1,2,101.42260,1478740747624.99,103.95630,1478740750158.79
0,4,1,0,1,103.92270,1478740750124.91,106.45620,1478740752657.97
0,4,1,0,0,106.42350,1478740752625.94,108.95630,1478740755158.11
0,3,0,0,2,108.79010,1478740754992.86,110.42230,1478740756627.05
0,3,1,0,2,113.78980,1478740762025.99,116.32320,1478740764559.29
0,3,1,0,3,116.28990,1478740764526.09,118.82330,1478740767060.02
1,486.88500,2.69435,2,120.22230,1478740768459.12
0,3,1,0,2,118.79000,1478740767026.86,121.32360,1478740769559.91
0,3,1,0,1,121.05680,1478740769292.25,123.59030,1478740771826.49
0,3,1,0,0,123.55820,1478740771794.48,126.09080,1478740774327.16
0,3,1,0,3,126.05700,1478740774292.64,128.59060,1478740776827.81
0,3,1,0,0,128.55730,1478740776793.45,131.09070,1478740779326.79
0,3,1,0,3,130.79070,1478740779027.28,133.32480,1478740781561.21
0,3,1,1,3,133.22430,1478740781460.8,134.82230,1478740783060.5
0,3,1,0,1,135.72440,1478740783960.48,138.29130,1478740786527.39
0,3,1,0,2,138.22450,1478740786460.11,140.79140,1478740789027.19
0,3,1,0,0,140.72450,1478740788960.54,143.29140,1478740791527.54
0,3,1,0,3,143.22490,1478740791461.33,145.79150,1478740794028.14
0,3,1,0,0,145.49170,1478740793728.04,148.02530,1478740796261.55
0,3,1,0,2,147.99170,1478740796228.35,150.52510,1478740798761.88
0,3,1,0,0,150.49190,1478740798727.88,153.02530,1478740801261.69
0,3,1,0,3,152.99200,1478740801227.77,155.52540,1478740803761.31
0,3,1,0,1,155.22570,1478740803461.96,157.79220,1478740806028.24
0,3,1,0,1,157.72550,1478740805961.39,160.22580,1478740808461.95
0,3,1,0,2,160.22580,1478740808461.67,162.72580,1478740810962.37
0,3,1,0,0,162.69270,1478740810928.44,165.22610,1478740813462.02
0,3,1,1,1,165.19270,1478740813429.4,166.86230,1478740815128.41
0,4,1,1,2,167.69280,1478740815929.35,169.32230,1478740817564.01
0,4,1,0,1,172.45960,1478740822728.5,174.99330,1478740825262.58
0,4,1,0,3,174.95990,1478740825228.52,177.49320,1478740827762.19
0,4,1,0,2,177.46010,1478740827728.6,179.99340,1478740830262.45
0,4,1,0,0,179.69340,1478740829963.05,182.22680,1478740832496.39
