%Recollect Version 2.0. Scene/Level: multi2_advan, Game Number: 156
%Note: All true/false values are represented as "1" and "0" respectively.
%Damage:1,Player X Position,Player Y Position,Hearts Left,Time (Relative),Time (Absolute)
%MultiObjectBugListChanged:5,[Array of Bug Types]
%BugPositions:3,Time (Relative),Time (Absolute),(For Each Bug:)Bug Color,Bug Position X,Bug Position Y
%MultiObjectTask:4,Matched Correctly,Was Collected,Flower Type,Reveal Time (R),Reveal Time (A),Pollenation Time (R) (-1.0 = unpollenated),Pollenation Time (A) (-1.0 = unpollenated),Death Time (R),Death Time (A)
%Possible values for "Flower Types":Blue=0,Yellow=1,Green=2,Pink=3,White=4,Gray=5,Brown=6,Purple=7,
5,5,2,6,4
3,0,1479416251497.48,5,0.07499999,0.7,2,0.325,0.5,6,0.575,0.4333333,4,0.725,0.5666667
3,1.016724,1479416252469.3,5,0.0929499,0.6576918,2,0.2334036,0.5817093,6,0.5695323,0.535743,4,0.712847,0.7167662
3,2.016785,1479416253470.14,5,0.1104815,0.5821424,2,0.2586119,0.6763322,6,0.5634453,0.8195007,4,0.7923085,0.8609195
3,3.016846,1479416254470.83,5,0.1539773,0.7482561,2,0.3668388,0.8407994,6,0.5535665,0.7859266,4,0.8018919,0.7463704
3,4.016846,1479416255471.69,5,0.126268,0.6176398,2,0.3525122,0.7243097,6,0.5612327,0.6380028,4,0.7289205,0.3793151
3,5.016907,1479416256473.13,5,0.06580412,0.6232172,2,0.4317478,0.6045316,6,0.5946573,0.8929605,4,0.8338243,0.8759263
4,1,1,4,2.09540,3.89545,1479416255367.97,5.49542,1479416256969.89
3,6.01709,1479416257474.09,5,0.1599066,0.956558,2,0.2840297,0.8373709,6,0.5838473,0.8504462,4,0.752849,0.7785022
3,7.050476,1479416258505.06,5,0.2436345,0.884208,2,0.3591884,0.6863005,6,0.5228184,0.7334507,4,0.7875996,0.7815864
3,8.083862,1479416259540.31,5,0.2248025,0.7617535,2,0.2521514,0.5654602,6,0.6221199,0.7490842,4,0.9070368,0.8198781
3,9.083984,1479416260540.68,5,0.18963,0.7513466,2,0.2893827,0.9196246,6,0.7126901,0.8599417,4,0.9268095,0.846689
3,10.11731,1479416261574.36,5,0.3663783,0.4577101,2,0.1849375,0.8736556,6,0.4983537,0.733417,4,0.7978039,0.7293847
3,11.11731,1479416262575.05,5,0.03870606,0.6788687,2,0.143754,0.8303396,6,0.540246,0.6726583,4,0.7932878,0.8460472
4,1,1,5,8.09540,9.83545,1479416261302.75,11.49542,1479416262969.51
3,12.1178,1479416263574.24,5,0.1049473,0.647098,2,0.1317277,0.9170838,6,0.5748758,0.8488845,4,0.7333064,0.8179991
3,13.15082,1479416264606.15,5,0.09184623,0.6162825,2,0.1102998,0.8270237,6,0.6428151,0.7238533,4,0.854821,0.7030336
3,14.18427,1479416265641.08,5,0.07344413,0.5853024,2,0.06102848,0.7852284,6,0.7159631,0.7767575,4,0.9235985,0.7436475
3,15.18427,1479416266640.65,5,0.05753875,0.5777984,2,0.05300331,0.7775166,6,0.6613126,0.6618098,4,0.8470249,0.7235548
3,16.18433,1479416267640.84,5,0.07597351,0.5772075,2,0.05518508,0.7801586,6,0.5434575,0.6435563,4,0.8221724,0.7945094
3,17.18439,1479416268641.04,5,0.06613398,0.5646256,2,0.1301351,0.7633058,6,0.6613128,0.7630644,4,0.8262174,0.7231323
4,1,1,4,14.09540,15.53540,1479416267003.54,17.49542,1479416268970.09
5,5,2,6,4,0
3,18.18445,1479416269641.75,5,0.1263239,0.5918598,2,0.1170752,0.7979909,6,0.7389708,0.760718,4,0.9230428,0.8912883,0,0.001280546,0.4819601
3,19.18451,1479416270641.52,5,0.1767831,0.5987409,2,0.1274793,0.7873187,6,0.7732034,0.6555685,4,0.8637462,0.8194587,0,0.02763247,0.5741834
3,20.18457,1479416271641.42,5,0.2129421,0.5883993,2,0.2711763,0.8524532,6,0.4325647,0.8075859,4,0.764719,0.653908,0,0.06153488,0.5688185
3,21.2182,1479416272675.66,5,0.2040863,0.7827435,2,0.3828869,0.8113244,6,0.5302982,0.7763564,4,0.6962333,0.6951876,0,0.05769682,0.680947
3,22.25134,1479416273707.04,5,0.2221665,0.7366104,2,0.369586,0.7716867,6,0.6220775,0.6787046,4,0.9045005,0.5781674,0,0.05357313,0.8018658
3,23.2514,1479416274706.29,5,0.2837477,0.719444,2,0.486135,0.6373423,6,0.724472,0.6908943,4,0.8663673,0.9194653,0,0.1345439,0.7949759
4,1,1,0,20.09540,21.53540,1479416273003.14,23.47540,1479416274939.19
3,24.2514,1479416275707.02,5,0.2762961,0.8919492,2,0.4629936,0.8504524,6,0.6385808,0.8297558,4,0.8919616,0.8732581,0,0.1476393,0.7679879
3,25.25153,1479416276706.22,5,0.332026,0.8622158,2,0.5454645,0.7769001,6,0.7252479,0.7034097,4,0.9214172,0.7809545,0,0.1263337,0.8218575
3,26.25159,1479416277706.65,5,0.3824639,0.7509752,2,0.661324,0.6569594,6,0.6691933,0.902108,4,0.8372302,0.7527286,0,0.1894164,0.6671669
3,27.28491,1479416278741.44,5,0.2487025,0.6464037,2,0.5970592,0.6731653,6,0.6037312,0.872924,4,0.9033256,0.744994,0,0.07735062,0.6495795
3,28.28503,1479416279741.68,5,0.2464809,0.5718582,2,0.4447045,0.5890687,6,0.4873624,0.7854483,4,0.8677044,0.8430136,0,0.07009745,0.6367861
3,29.2851,1479416280742.06,5,0.3200974,0.6366385,2,0.4657655,0.5516127,6,0.4347768,0.7652969,4,0.8656106,0.8130038,0,0.1364923,0.7460335
4,1,1,4,26.09540,27.53540,1479416279003.49,29.49542,1479416280970.58
3,30.28522,1479416281742.15,5,0.1907463,0.5720748,2,0.5881529,0.6924151,6,0.3467903,0.6578708,4,0.8655181,0.7214324,0,0.0743494,0.7101548
3,31.31836,1479416282775.3,5,0.1362472,0.5919607,2,0.478775,0.5834213,6,0.3380966,0.5638531,4,0.9207745,0.7086062,0,0.05956793,0.7634197
3,32.31927,1479416283776.66,5,0.09936047,0.5754724,2,0.2494216,0.7286162,6,0.3161297,0.9040715,4,0.803587,0.5872619,0,0.06530952,0.7794731
3,33.35199,1479416284806.94,5,0.08122587,0.5710052,2,0.2557192,0.7719685,6,0.4981918,0.9089646,4,0.6840563,0.6985332,0,0.1003251,0.7788491
3,34.35205,1479416285808.08,5,0.07095146,0.5845019,2,0.5691996,0.3895027,6,0.5160508,0.8726316,4,0.6694565,0.7719967,0,0.1013169,0.7801418
3,35.35205,1479416286806.93,5,0.06151962,0.5883635,2,0.3394275,0.6778466,6,0.4770303,0.7726178,4,0.8485184,0.6520393,0,0.09045649,0.7892991
4,1,1,2,32.09540,34.05542,1479416285537.45,35.67542,1479416287139.3
5,5,2,6,4,0,1
3,36.35211,1479416287808.14,5,0.06840515,0.5701255,2,0.4445872,0.5561036,6,0.5553942,0.6905797,4,0.8396468,0.7586523,0,0.08072138,0.7690741,1,-0.03577423,0.4264052
3,37.35223,1479416288807.2,5,0.12466,0.5999534,2,0.3941898,0.8135931,6,0.6235261,0.9089558,4,0.7477698,0.7935671,0,0.07271671,0.7865171,1,0.01307631,0.4453841
3,38.35223,1479416289808.23,5,0.2158513,0.701647,2,0.3922586,0.8206944,6,0.5420761,0.8137649,4,0.8859921,0.7043909,0,0.07077074,0.7683072,1,0.09864998,0.5721517
1,162.95330,10.57954,2,39.21545,1479416290672.57
3,39.35223,1479416290807.66,5,0.2257481,0.6512499,2,0.3938274,0.7504823,6,0.6195536,0.6858542,4,0.9389896,0.5938399,0,0.0934062,0.7571188,1,0.4737873,0.3699659
3,40.35223,1479416291807.92,5,0.3271856,0.7287562,2,0.4945211,0.6457542,6,0.6649046,0.5818422,4,0.8233652,0.6127943,0,0.09754467,0.6407787,1,0.1964884,0.4681962
3,41.35266,1479416292807.94,5,0.358077,0.7660049,2,0.5135546,0.6794552,6,0.6342039,0.560891,4,0.8428192,0.7275087,0,0.1219683,0.6200694,1,0.2375345,0.4443707
4,1,1,1,38.09540,39.45544,1479416290937.29,41.47540,1479416292939.26
3,42.38574,1479416293842.8,5,0.2255926,0.6872296,2,0.4487953,0.7520999,6,0.7675037,0.6312419,4,0.9085093,0.7470775,0,0.06656647,0.711343,1,0.1831055,0.4875937
3,43.38586,1479416294842.2,5,0.3325844,0.7004417,2,0.5357628,0.7664688,6,0.8053026,0.5716037,4,0.9298801,0.7882295,0,0.0798521,0.7441236,1,0.04174042,0.5339119
3,44.38611,1479416295842.37,5,0.3767462,0.7729292,2,0.5470686,0.6388339,6,0.7413826,0.6479301,4,0.9150047,0.6760108,0,0.1301756,0.7696103,1,0.1396561,0.5651107
3,45.41931,1479416296876.73,5,0.3549738,0.7705217,2,0.599267,0.5758174,6,0.7197266,0.783833,4,0.9277811,0.8300253,0,0.0712204,0.7348064,1,0.2554522,0.6218278
3,46.41937,1479416297875.79,5,0.3017597,0.7581394,2,0.6231213,0.5825725,6,0.7388525,0.7205411,4,0.9472961,0.7540434,0,0.09970474,0.6704929,1,0.2261658,0.563584
3,47.41943,1479416298876.28,5,0.2310333,0.7659348,2,0.5726976,0.6127554,6,0.7227097,0.7850497,4,0.9480715,0.6761281,0,0.07321453,0.5727363,1,0.2497835,0.5674989
3,48.41943,1479416299876.94,5,0.2298555,0.7248735,2,0.4221897,0.7810348,6,0.6040344,0.6925179,4,0.8090191,0.6742995,0,0.06903076,0.5899951,1,0.3470278,0.6003461
3,49.41956,1479416300876.82,5,0.2031898,0.7609465,2,0.4135408,0.7865766,6,0.5779114,0.7981891,4,0.5533381,0.9952564,0,0.1032295,0.5876326,1,0.3685942,0.5826417
3,50.45319,1479416301908.96,5,0.2047319,0.7497416,2,0.3287754,0.8654329,6,0.4752769,0.7837386,4,0.5087557,0.9783087,0,0.07169819,0.658044,1,0.1187868,0.4267395
3,51.48621,1479416302942.83,5,0.1712065,0.7471082,2,0.2957783,0.8660466,6,0.4039335,0.7277142,4,0.6654625,0.7637837,0,0.04163837,0.6474003,1,0.05177307,0.4482211
1,212.27770,12.64391,1,51.53540,1479416303005.27
3,52.48627,1479416303943.97,5,0.1626682,0.7760131,2,0.3382683,0.8384128,6,0.5574379,0.7299759,4,0.6406908,0.6045159,0,0.04046059,0.6599283,1,0.05235291,0.4608941
4,1,1,4,50.09540,51.63544,1479416303105.42,53.47540,1479416304939.72
3,53.48645,1479416304949.77,5,0.1943369,0.7872412,2,0.345542,0.7718803,6,0.4886131,0.7076127,4,0.5251122,0.9598237,0,0.0462923,0.6932592,1,0.05142403,0.4935557
3,54.48651,1479416305943.79,5,0.1861458,0.7376302,2,0.3356543,0.7506425,6,0.5058088,0.7046335,4,0.4647665,0.9085032,0,0.03104877,0.7058576,1,0.04164124,0.5064719
3,55.48676,1479416306943.47,5,0.2162256,0.7414666,2,0.3641157,0.7101185,6,0.6025105,0.6411614,4,0.477067,0.8426858,0,0.02610683,0.7305873,1,0.04758358,0.532972
3,56.51984,1479416307975.95,5,0.201869,0.7709987,2,0.2688541,0.5616854,6,0.4750671,0.6546852,4,0.6094704,0.8425805,0,0.05250931,0.7532933,1,0.05121899,0.5521774
3,57.51996,1479416308976.45,5,0.1495438,0.7785172,2,0.3618078,0.6251595,6,0.592617,0.7560942,4,0.9352865,0.6814048,0,-0.0163641,0.7145033,1,0.08201027,0.562779
3,58.55334,1479416310008.42,5,0.2502031,0.7387841,2,0.5341644,0.6209372,6,0.5902462,0.7459888,4,0.8083248,0.7349483,0,0.04491901,0.7077992,1,0.1682062,0.5643818
4,1,1,2,56.09540,58.09540,1479416309571.71,59.47546,1479416310940.31
5,5,2,6,4,0,1,3
3,59.55347,1479416311008.48,5,0.2358685,0.7745591,2,0.4079771,0.7345532,6,0.6578274,0.8205714,4,0.7916336,0.73033,0,0.05523968,0.7356824,1,0.2312593,0.5622216,3,-0.02569866,0.5676662
3,60.55359,1479416312008.76,5,0.1960478,0.8004367,2,0.3521843,0.6670977,6,0.578949,0.7508753,4,0.7448092,0.6260146,0,0.04866219,0.7655205,1,0.1432905,0.5991899,3,-0.007998466,0.5618356
3,61.58691,1479416313043.81,5,0.1823359,0.7768723,2,0.3804102,0.5657279,6,0.4692011,0.728687,4,0.8423662,0.7265294,0,0.02968693,0.7681574,1,0.2017384,0.5657112,3,0.03898335,0.5678119
3,62.58691,1479416314043.84,5,0.1797018,0.780555,2,0.3921785,0.5928831,6,0.5274792,0.762047,4,0.9118328,0.6535586,0,0.0307951,0.7494608,1,0.2054911,0.583376,3,0.05714512,0.5529428
3,63.58704,1479416315043.97,5,0.178462,0.7666141,2,0.3056211,0.6346681,6,0.4390011,0.7312682,4,0.7425108,0.8157323,0,-0.006745338,0.7097602,1,0.16607,0.5621108,3,0.018116,0.5128226
3,64.62036,1479416316076.26,5,0.1591368,0.7763199,2,0.277998,0.6380795,6,0.4184513,0.76463,4,0.5924044,0.8358375,0,-0.005144119,0.702786,1,0.1374178,0.5684925,3,-0.002008438,0.4932375
4,1,1,4,62.09546,62.49548,1479416313971.62,65.45544,1479416316938.78
3,65.62048,1479416317077.31,5,0.1910095,0.7892684,2,0.3209333,0.5899702,6,0.4451885,0.7189831,4,0.6050692,0.7762201,0,0.04627037,0.7376251,1,0.1717091,0.5716695,3,0.02386189,0.540068
3,66.65381,1479416318108.89,5,0.18925,0.7822388,2,0.3347101,0.558874,6,0.448144,0.694371,4,0.4379501,0.8935412,0,0.04133892,0.7512572,1,0.1849728,0.5613914,3,0.03564453,0.5476715
3,67.65393,1479416319108.52,5,0.1799088,0.7711938,2,0.32234,0.5499941,6,0.5599527,0.5708087,4,0.5015059,0.8051078,0,0.02908134,0.7813417,1,0.1733551,0.5702475,3,0.02119446,0.5702381
3,68.65393,1479416320109.13,5,0.1980848,0.774738,2,0.2936974,0.6205465,6,0.4417152,0.6500998,4,0.5698967,0.7839186,0,0.04867649,0.7580664,1,0.1497049,0.5658024,3,0.0005168915,0.5659343
3,69.65405,1479416321108.86,5,0.1966133,0.7776651,2,0.3168907,0.6587485,6,0.5540371,0.5820411,4,0.617363,0.8528537,0,0.04793549,0.7543806,1,0.1389647,0.5723377,3,-0.0109024,0.5686415
3,70.65405,1479416322108.96,5,0.2479362,0.7834299,2,0.4146576,0.7073615,6,0.5144148,0.4787061,4,0.5607691,0.7511446,0,0.6133919,0.5105776,1,0.1986675,0.5945823,3,0.04798889,0.5976113
3,71.65417,1479416323109.72,5,0.1263695,0.7818945,2,0.3452969,0.5776715,6,0.3814602,0.3977413,4,0.6281433,0.8218629,0,0.2413588,0.7474567,1,0.1947966,0.5526227,3,0.04508972,0.613802
5,5,2,4,0,1,3
3,72.65417,1479416324109.22,5,0.0376339,0.7987716,2,0.399765,0.6630124,4,0.7324781,0.6595162,0,0.1858864,0.7709115,1,0.2602386,0.5909134,3,0.1105728,0.5961964
3,73.6543,1479416325109.18,5,0.08885002,0.7771265,2,0.447937,0.7484245,4,0.6669674,0.8910658,0,0.2907162,0.7650941,1,0.2094021,0.5842463,3,0.05946445,0.5774024
3,74.6543,1479416326109.34,5,0.05773926,0.7722595,2,0.4733181,0.7602217,4,0.6468792,0.8533828,0,0.3180828,0.7839171,1,0.2171993,0.6343808,3,0.06847382,0.5730016
3,75.68762,1479416327144.25,5,0.08655071,0.7811368,2,0.397253,0.6344277,4,0.7462187,0.7427404,0,0.2826815,0.7629857,1,0.4680996,0.3962362,3,0.06149292,0.5724118
3,76.68774,1479416328144.42,5,0.1193085,0.7850602,2,0.4785204,0.5921006,4,0.775898,0.6258054,0,0.3619356,0.7176458,1,0.5551043,0.3787922,3,0.0810442,0.5805981
1,313.52240,5.68273,0,76.83545,1479416328305.89
4,1,1,1,74.09546,75.77539,1479416327240.38,77.45544,1479416328939.17
