%Recollect Version 2.0. Scene/Level: multi2_intro, Game Number: 018
%Note: All true/false values are represented as "1" and "0" respectively.
%Damage:1,Player X Position,Player Y Position,Hearts Left,Time (Relative),Time (Absolute)
%MultiObjectBugListChanged:5,[Array of Bug Types]
%BugPositions:3,Time (Relative),Time (Absolute),(For Each Bug:)Bug Color,Bug Position X,Bug Position Y
%MultiObjectTask:4,Matched Correctly,Was Collected,Flower Type,Reveal Time (R),Reveal Time (A),Pollenation Time (R) (-1.0 = unpollenated),Pollenation Time (A) (-1.0 = unpollenated),Death Time (R),Death Time (A)
%Possible values for "Flower Types":Red=0,Green=1,Blue=2,Yellow=3,White=4,Magenta=5,
5,2,4,3,5
3,0,1477598381466.52,2,0.125,0.5666667,4,0.225,0.7666667,3,0.475,0.7666667,5,0.825,0.6333334
3,1.016602,1477598382441.93,2,0.07803729,0.5858724,4,0.1273846,0.7774842,3,0.5575021,0.6626028,5,0.7690141,0.7916614
3,2.016724,1477598383441.91,2,0.07952037,0.583471,4,0.07315058,0.7833113,3,0.6679704,0.7365429,5,0.8936682,0.8153469
3,3.016724,1477598384442.64,2,0.08690828,0.6762745,4,0.3478518,0.7695822,3,0.7268981,0.8139135,5,0.892293,0.7846548
3,4.016846,1477598385443.6,2,0.1616935,0.8383598,4,0.3330256,0.6497643,3,0.7858887,0.7343394,5,0.9480599,0.747623
3,5.016846,1477598386443.61,2,0.2454387,0.7442303,4,0.4171643,0.7659364,3,0.6759274,0.8125393,5,0.8476285,0.7244797
4,1,1,3,2.13184,4.43189,1477598385875.22,5.53186,1477598386975.89
3,6.01709,1477598387443.41,2,0.2688553,0.696861,4,0.2271894,0.9084719,3,0.6348968,0.8095703,5,0.8952209,0.822009
3,7.01709,1477598388443.4,2,0.09598637,0.7030352,4,0.2678014,0.8291419,3,0.4801078,0.8255094,5,0.8501309,0.7316443
3,8.017212,1477598389443.65,2,0.1805365,0.6346108,4,0.2897286,0.7800186,3,0.5168591,0.8165128,5,0.8534448,0.8188255
3,9.017334,1477598390443.74,2,0.07208788,0.7831087,4,0.2204595,0.8452344,3,0.5739639,0.9374785,5,0.8698997,0.7675356
3,10.05066,1477598391476.93,2,0.1716139,0.7961429,4,0.3574228,0.7586351,3,0.6472793,0.8904477,5,0.9446888,0.7983329
3,11.05066,1477598392476.37,2,0.181006,0.7843306,4,0.4720149,0.7605529,3,0.7326481,0.8166959,5,0.8674452,0.6800154
4,1,1,2,8.13184,10.53186,1477598391975.61,11.53186,1477598392975.85
3,12.05078,1477598393477.18,2,0.118072,0.876373,4,0.5306749,0.744734,3,0.805254,0.8364841,5,0.9593594,0.8282481
3,13.05078,1477598394476.64,2,0.07786489,0.819055,4,0.3357432,0.785319,3,0.7248797,0.7705099,5,0.909488,0.7443565
3,14.08411,1477598395511.4,2,0.06868529,0.7326339,4,0.347924,0.6806555,3,0.6470265,0.696279,5,0.8929887,0.6992307
3,15.08423,1477598396511.2,2,0.1857743,0.720659,4,0.3304436,0.8037292,3,0.6055276,0.8539538,5,0.8416939,0.5757051
3,16.08435,1477598397510.79,2,0.05865407,0.6092349,4,0.2747495,0.7241256,3,0.5178411,0.7947714,5,0.9276414,0.7817232
3,17.08435,1477598398511.51,2,0.0822475,0.6918046,4,0.280143,0.8267557,3,0.4578025,0.791221,5,0.9071889,0.628075
4,1,1,4,14.11182,16.55188,1477598398009.48,17.51184,1477598398943.4
5,2,4,3,5,1
3,18.08447,1477598399511.09,2,0.05852556,0.7760089,4,0.2232931,0.8753664,3,0.5676517,0.7522092,5,0.817637,0.7672641,1,0.03190041,0.5719074
3,19.1178,1477598400544.49,2,0.05528784,0.7739862,4,0.4437613,0.7220176,3,0.5967064,0.787598,5,0.7450299,0.764158,1,0.04034519,0.5682062
3,20.15125,1477598401577.38,2,0.06589079,0.7721235,4,0.3313217,0.8172274,3,0.6586227,0.859998,5,0.858995,0.7846197,1,0.06500053,0.5694875
3,21.15125,1477598402577.42,2,0.05739832,0.8902226,4,0.1944566,0.7790272,3,0.6847587,0.8210649,5,0.8517036,0.6916983,1,0.06024551,0.690522
3,22.18481,1477598403613.82,2,0.2224832,0.8028862,4,0.3930354,0.6326396,3,0.6487389,0.4707374,5,0.9307365,0.7715465,1,0.1430931,0.5800349
3,23.21802,1477598404644.62,2,0.3337688,0.6811951,4,0.4640179,0.5821936,3,0.6489105,0.8302915,5,0.8617139,0.815249,1,0.1488013,0.6768842
4,1,1,3,20.15186,22.19189,1477598403644,23.53186,1477598404976.6
3,24.21802,1477598405644.68,2,0.1455197,0.5927713,4,0.3479395,0.8735671,3,0.5742192,0.7361004,5,0.8742189,0.7450347,1,0.06412554,0.7603251
3,25.21814,1477598406645.08,2,0.1849055,0.7598746,4,0.4262619,0.7970288,3,0.4151154,0.5639881,5,0.8757977,0.5978544,1,0.06085634,0.8720385
3,26.21826,1477598407645.13,2,0.2835474,0.7630363,4,0.4519949,0.7870077,3,0.3805604,0.5742255,5,0.7520547,0.7285603,1,0.09038973,0.7965033
3,27.25159,1477598408678.01,2,0.3114529,0.7672572,4,0.5494189,0.7522973,3,0.4639182,0.6342906,5,0.7464447,0.7202846,1,0.1597042,0.7368355
3,28.25159,1477598409677.9,2,0.3112702,0.7647714,4,0.5805235,0.8219234,3,0.457375,0.8084931,5,0.6778984,0.5738236,1,0.119144,0.6639085
3,29.25183,1477598410678.07,2,0.228611,0.6875344,4,0.4823003,0.4101405,3,0.5503368,0.7387385,5,0.7000031,0.6861175,1,0.08559799,0.6284563
3,30.28503,1477598411711.74,2,0.3216476,0.7691521,4,0.2614317,0.3752978,3,0.4545174,0.6770684,5,0.7378373,0.8441241,1,0.1677003,0.6632403
4,1,1,4,26.15186,28.49182,1477598409943.41,30.47192,1477598411910.65
3,31.2854,1477598412712.13,2,0.3860645,0.7624414,4,0.5460253,0.8034471,3,0.7309527,0.8226483,5,0.898726,0.8481386,1,0.2362361,0.6873189
3,32.31848,1477598413745.07,2,0.3206878,0.7071137,4,0.4694719,0.8571742,3,0.7802544,0.775358,5,0.9376249,0.7687365,1,0.1042442,0.5863613
3,33.3186,1477598414745.04,2,0.2355981,0.6589888,4,0.4060516,0.7246897,3,0.6822534,0.6655337,5,0.8715425,0.6135057,1,0.09054041,0.5892269
3,34.31873,1477598415745.29,2,0.1936278,0.7250328,4,0.5307198,0.5698122,3,0.6909089,0.7169688,5,0.8842764,0.7721704,1,0.05951452,0.5735058
3,35.35229,1477598416778.96,2,0.09209251,0.787185,4,0.6036277,0.7137133,3,0.741271,0.8521264,5,0.9167867,0.7828268,1,0.06707764,0.5902113
4,1,1,3,32.15186,33.87183,1477598415310.13,35.75183,1477598417177.73
5,2,4,3,5,1,0
3,36.38538,1477598417812.03,2,0.2659173,0.9535331,4,0.4649582,0.8047202,3,0.6557217,0.7828174,5,0.8586421,0.6479951,1,0.07587385,0.579348,0,-0.02792501,0.434761
3,37.38538,1477598418812.41,2,0.2192059,0.8956695,4,0.3733225,0.7823446,3,0.5467677,0.7600272,5,0.8817143,0.7623398,1,0.05298042,0.8034387,0,0.0549221,0.5488607
3,38.3855,1477598419811.9,2,0.2277479,0.8347,4,0.3589449,0.7379978,3,0.5226536,0.7846818,5,0.9445829,0.8006095,1,0.05566597,0.7695219,0,0.05258226,0.5668734
3,39.38562,1477598420811.73,2,0.2679625,0.7609367,4,0.4333887,0.7610238,3,0.6072187,0.7418881,5,0.8522387,0.6494311,1,0.08073759,0.7827557,0,0.08553982,0.5832241
1,167.16420,2.38657,2,40.31189,1477598421745.01
3,40.41895,1477598421846.04,2,0.3159752,0.7525715,4,0.545783,0.7215044,3,0.8165359,0.7476101,5,0.9283361,0.6137292,1,0.5783529,0.3497134,0,0.05850792,0.5546491
3,41.45239,1477598422879.29,2,0.4145231,0.6116932,4,0.6418571,0.605939,3,0.7757893,0.7897109,5,0.8554068,0.6107601,1,0.3866148,0.4033773,0,0.1659031,0.7319621
4,1,1,1,38.11182,40.17188,1477598421610.82,42.15186,1477598423578.17
3,42.45239,1477598423879.37,2,0.4074774,0.610378,4,0.567009,0.5631701,3,0.7287111,0.7245762,5,0.938446,0.7232003,1,0.3169737,0.4518571,0,0.2249756,0.6462041
3,43.45251,1477598424879.14,2,0.4443207,0.7894002,4,0.5922165,0.821565,3,0.7410698,0.772411,5,0.8961668,0.7966843,1,0.3299999,0.5267912,0,0.1621475,0.7578793
3,44.48596,1477598425912.03,2,0.4189272,0.7879843,4,0.5699444,0.7870867,3,0.7837439,0.7879145,5,0.9116354,0.6853946,1,0.2663612,0.7941982,0,0.09138584,0.6856286
3,45.48621,1477598426912.97,2,0.4203854,0.6726635,4,0.5762196,0.7454509,3,0.7285471,0.8035553,5,0.9466372,0.7537209,1,0.242775,0.7092792,0,0.09805012,0.6130397
3,46.51941,1477598427946.61,2,0.4389687,0.5668643,4,0.6126547,0.510363,3,0.5982857,0.74016,5,0.8447428,0.7398693,1,0.2932472,0.6124575,0,0.0525322,0.6220103
3,47.55261,1477598428979.35,2,0.4768486,0.6745741,4,0.3845491,0.4499683,3,0.5984516,0.8767326,5,0.729681,0.7802963,1,0.2280426,0.5988055,0,0.1051836,0.7739906
4,1,1,4,44.15186,45.69189,1477598427144.55,47.97192,1477598429411.18
3,48.55273,1477598429979.28,2,0.4285784,0.8120883,4,0.3311539,0.4927348,3,0.7078094,0.8734658,5,0.8278084,0.7513878,1,0.2112103,0.612307,0,0.1042242,0.7813606
3,49.55286,1477598430979.37,2,0.3521376,0.7220673,4,0.3131361,0.5048733,3,0.7975044,0.7337688,5,0.9366951,0.6597537,1,0.1300125,0.5715782,0,0.0844183,0.7865463
3,50.55286,1477598431979.56,2,0.2360907,0.6942022,4,0.4377489,0.6140941,3,0.6982002,0.6891896,5,0.8852091,0.5827297,1,0.1158361,0.5753254,0,0.07063103,0.7721429
3,51.55298,1477598432979.59,2,0.312088,0.6934211,4,0.4632864,0.6925647,3,0.5992432,0.5925602,5,0.7704458,0.4591114,1,0.1350489,0.5890524,0,0.09248829,0.7884232
3,52.55298,1477598433979.91,2,0.2467041,0.7787991,4,0.4138908,0.7716999,3,0.5178709,0.6215118,5,0.5895758,0.4247975,1,0.2072029,0.5717338,0,0.1040583,0.7181213
5,2,4,3,1,0
3,53.55371,1477598434981.65,2,0.207653,0.765054,4,0.356987,0.7798169,3,0.4632416,0.6299886,1,0.2301655,0.5674794,0,0.08334637,0.6065975
3,54.58643,1477598436013.3,2,0.2417564,0.7583331,4,0.4277782,0.7880475,3,0.4191637,0.5890681,1,0.2709532,0.5608066,0,0.1205959,0.6410054
3,55.58655,1477598437012.62,2,0.19349,0.7694197,4,0.3683147,0.7856845,3,0.3729572,0.5822533,1,0.2216692,0.5733192,0,0.07194805,0.5746121
3,56.58655,1477598438012.72,2,0.1353474,0.778026,4,0.3342257,0.7723181,3,0.373064,0.5756096,1,0.2049103,0.5829694,0,0.05245781,0.6113566
3,57.61987,1477598439046.15,2,0.125351,0.7756937,4,0.2857208,0.7815048,3,0.4719315,0.6660268,1,0.2741938,0.5639225,0,0.06377506,0.5736517
3,58.62,1477598440046.2,2,0.1936054,0.7777635,4,0.3807182,0.737611,3,0.6187973,0.5689234,1,0.2342796,0.571568,0,0.0738039,0.6229622
4,1,1,2,56.11182,58.99182,1477598440444.93,59.49182,1477598440944.94
5,2,4,3,1,0,5
3,59.65332,1477598441080.38,2,0.3506899,0.5612019,4,0.3630915,0.763869,3,0.7715387,0.5956286,1,0.2280378,0.5604395,0,0.08436584,0.6166451,5,-0.05801201,0.554742
3,60.65344,1477598442080.06,2,0.2041798,0.296486,4,0.5276346,0.6775015,3,0.9154167,0.8041134,1,0.12222,0.4635665,0,0.08625603,0.6573095,5,-0.04833889,0.5692027
3,61.65356,1477598443080.31,2,0.4292135,0.6645998,4,0.5892582,0.6971762,3,0.8893566,0.7428028,1,0.1059208,0.4811466,0,0.142869,0.7137154,5,-0.01956367,0.5916995
3,62.68677,1477598444111.65,2,0.3939247,0.7728198,4,0.6933975,0.756451,3,0.8085976,0.6171607,1,0.1282921,0.5402387,0,0.2013378,0.7311385,5,-0.003393173,0.6353746
