%Recollect Version 2.0. Scene/Level: span0_advan, Game Number: 113
%Note: All true/false values are represented as "1" and "0" respectively.
%Damage:1,Player X Position,Player Y Position,Hearts Left,Time (Relative),Time (Absolute)
%SpanCollectionOrder:6,Time (R),Time (A),Is Reversed. (Arrangement order is from bottom left to top right)
%SpanArrangementOrder:7,[Array of Span Types] (Order is from bottom left to top right). 
%SpanPlayerInput:8,beginTime,endTime,[Array of Positions in Arrangment Pressed, followed by time]
6,0.00000,1478811379566.65,0,0,2,3,1
7,1,2,3,0
6,14.11118,1478811393639.51,0,2,3,1,0
7,2,1,0,3
8,6.61118,14.11118,3,9.03384,1,9.40057,2,9.66730,0,9.83395
6,26.27118,1478811405806.93,0,2,1,0,3
7,0,3,2,1
8,18.77118,26.27118,0,19.80118,3,21.16794,1,21.80121,2,21.93454
6,38.83118,1478811418342.14,0,2,0,3,1,0
7,3,0,0,1,2
8,31.35117,38.83118,2,33.60196,3,33.80191,0,34.30203,1,35.13599
6,50.71118,1478811430241.7,0,3,0,2,1,2
7,1,0,3,2,2
8,43.21118,50.71118,4,45.16925,1,45.56931,0,45.90262,3,46.20279,2,46.43600
6,62.99118,1478811442509.9,0,1,0,3,2,1
7,1,1,3,2,0
8,55.49118,62.99118,2,57.50333,1,57.73663,4,58.00320,0,58.13660,3,58.33655
6,75.41116,1478811454943.27,1,1,3,1,2,0,3
7,1,3,1,0,2,3
8,67.91116,75.41116,0,68.90396,4,69.67062,2,70.00400,3,70.23734,1,70.50403
6,87.53116,1478811467045.02,1,1,0,2,0,3,1
7,1,0,0,2,1,3
8,80.05118,87.53116,0,81.33798,1,81.50452,2,83.13800,3,84.27191,4,84.77148,3,85.00516,5,85.17163
6,99.69116,1478811479211.26,1,1,3,0,3,2,1
7,1,3,2,1,3,0
8,92.19116,99.69116,0,94.77206,1,95.00546,3,95.40558,2,95.80533,5,96.63885,4,96.80585
6,112.27120,1478811491779.7,1,2,0,1,3,2,0
7,1,3,2,2,0,0
8,104.77120,112.27120,0,106.73930,1,106.93940,5,107.43940,4,107.67300,2,108.83940,3,109.00610
6,124.15120,1478811503679.74,1,0,3,1,2,0,3,1
7,0,3,1,3,1,2,0
8,116.65120,124.15120,2,118.70680,4,119.00720,0,119.44000,1,119.60680,3,120.10680,5,120.30690
6,136.41120,1478811515946.63,1,0,3,2,0,1,3,2
7,2,0,2,3,0,3,1
8,128.93120,136.41120,0,130.64080,1,131.14080,4,131.80780,5,132.17420,6,132.60780,3,133.04090,2,133.37410
8,141.35120,148.85120,4,142.54170,5,143.04140,0,143.27480,1,143.80840,6,144.24150,3,144.60810,2,144.80820
