%Recollect Version 2.0. Scene/Level: multi1_advan, Game Number: 153
%Note: All true/false values are represented as "1" and "0" respectively.
%Damage:1,Player X Position,Player Y Position,Hearts Left,Time (Relative),Time (Absolute)
%MultiObjectBugListChanged:5,[Array of Bug Types]
%BugPositions:3,Time (Relative),Time (Absolute),(For Each Bug:)Bug Color,Bug Position X,Bug Position Y
%MultiObjectTask:4,Matched Correctly,Was Collected,Flower Type,Reveal Time (R),Reveal Time (A),Pollenation Time (R) (-1.0 = unpollenated),Pollenation Time (A) (-1.0 = unpollenated),Death Time (R),Death Time (A)
%Possible values for "Flower Types":Blue=0,Yellow=1,Green=2,Pink=3,White=4,Gray=5,Brown=6,Purple=7,
5,3,2,4,5
3,0,1479416056422.9,3,0.175,0.7666667,2,0.475,0.7666667,4,0.475,0.6333334,5,0.725,0.5
3,1.016724,1479416057370.57,3,0.08135813,0.7141381,2,0.3977507,0.7375463,4,0.5036324,0.5963552,5,0.6819173,0.636263
3,2.016785,1479416058370.21,3,0.0984692,0.6275889,2,0.3105384,0.8502755,4,0.5931636,0.8550069,5,0.7513996,0.858033
3,3.016785,1479416059370.21,3,0.1019955,0.8419698,2,0.2557412,0.9234508,4,0.7342743,0.8167934,5,0.9107604,0.7731448
3,4.016785,1479416060370.48,3,0.08542246,0.7033312,2,0.3390827,0.9047171,4,0.7928429,0.7899094,5,0.9378525,0.7401762
3,5.050232,1479416061404.39,3,0.05563807,0.6100117,2,0.31391,0.9085806,4,0.6169682,0.6466317,5,0.8898517,0.8883298
4,1,1,2,2.12964,3.48969,1479416059867.18,5.50964,1479416061868.09
3,6.050415,1479416062404.43,3,0.09958088,0.7641435,2,0.3134325,0.8093504,4,0.6572781,0.8730976,5,0.884472,0.8751602
3,7.083923,1479416063436.25,3,0.1039885,0.7231018,2,0.2527008,0.747365,4,0.7435024,0.7664217,5,0.8932955,0.7560633
3,8.117371,1479416064471.72,3,0.1316741,0.5948856,2,0.361438,0.5855328,4,0.7368202,0.9247292,5,0.8870232,0.9208643
3,9.150452,1479416065504.19,3,0.1760716,0.8944616,2,0.3450921,0.8592874,4,0.6206172,0.8575364,5,0.9104745,0.835089
3,10.15051,1479416066504,3,0.1136668,0.8720368,2,0.4230814,0.8094234,4,0.5716515,0.7835243,5,0.9380622,0.8997394
3,11.15057,1479416067504.09,3,0.05809689,0.8681852,2,0.2965853,0.9149979,4,0.4581673,0.9095109,5,0.8632956,0.9011645
4,1,1,5,8.12964,9.56964,1479416065934.03,11.50964,1479416067869.8
3,12.15076,1479416068505.2,3,0.07890224,0.8892512,2,0.3299201,0.8609018,4,0.4818206,0.8285305,5,0.9235275,0.9434658
3,13.18402,1479416069536.25,3,0.04485297,0.8672752,2,0.207113,0.8604752,4,0.5912151,0.899069,5,0.8213661,0.8659796
3,14.18408,1479416070536.69,3,0.1046777,0.784551,2,0.3105309,0.7536466,4,0.5732803,0.7959126,5,0.8401501,0.7579384
3,15.18408,1479416071536.46,3,0.09937596,0.6401184,2,0.3387387,0.6197437,4,0.5372102,0.905471,5,0.9512048,0.6313872
3,16.1842,1479416072536.51,3,0.09966016,0.5712391,2,0.2423565,0.6110082,4,0.4244897,0.8757389,5,0.8030038,0.7632592
3,17.18427,1479416073536.86,3,0.03976798,0.7431386,2,0.1895568,0.7392034,4,0.5104542,0.759536,5,0.661428,0.7600998
4,1,1,3,14.12964,16.42969,1479416072801.48,17.48969,1479416073868.09
5,3,2,4,5,0
3,18.21765,1479416074571.66,3,0.04546571,0.7961323,2,0.1852996,0.7247753,4,0.5788198,0.6852692,5,0.8296208,0.5791982,0,0.05038476,0.4521541
3,19.21771,1479416075571.69,3,0.137466,0.7543672,2,0.2751694,0.6258052,4,0.573565,0.6137035,5,0.8166723,0.7146941,0,0.09996295,0.5604371
3,20.21777,1479416076571.61,3,0.1091576,0.7923139,2,0.3740559,0.5986359,4,0.5236478,0.588457,5,0.6678681,0.7037517,0,0.0339942,0.6193225
3,21.2511,1479416077605.35,3,0.1875992,0.7172639,2,0.3245277,0.6209944,4,0.5608349,0.7216916,5,0.7708735,0.7796421,0,0.06896544,0.5690135
3,22.2511,1479416078605.58,3,0.133688,0.7821118,2,0.6139302,0.366083,4,0.5619764,0.799588,5,0.8169231,0.6338264,0,0.07059669,0.6006473
3,23.2514,1479416079606.04,3,0.2349014,0.812972,2,0.3987746,0.933399,4,0.4716177,0.7536164,5,0.9080296,0.6013166,0,0.05716133,0.7330677
4,1,1,2,20.12964,22.06964,1479416078434.81,23.50964,1479416079869.44
3,24.28467,1479416080637.43,3,0.2274628,0.7406917,2,0.3957558,0.8928706,4,0.3966298,0.6509034,5,0.8810263,0.6729743,0,0.06757927,0.8064377
3,25.28473,1479416081637.23,3,0.2480206,0.691364,2,0.5306754,0.8294709,4,0.6834402,0.8938661,5,0.8670015,0.8104525,0,0.08801603,0.6803322
3,26.31805,1479416082671.85,3,0.2026334,0.5792061,2,0.6166615,0.7082667,4,0.7499499,0.9157173,5,0.800971,0.7501073,0,0.08074284,0.7604668
3,27.31818,1479416083671.84,3,0.18255,0.6072824,2,0.5364156,0.8310501,4,0.6804833,0.8967476,5,0.926362,0.7346451,0,0.08266115,0.7849677
3,28.31824,1479416084671.79,3,0.3063111,0.6187345,2,0.4414911,0.7472946,4,0.6266356,0.8791685,5,0.8322954,0.5940556,0,0.08470345,0.7008194
3,29.3183,1479416085671.49,3,0.2807493,0.6708084,2,0.6052384,0.6478661,4,0.4439545,0.9110705,5,0.9417315,0.6848618,0,0.1215725,0.5958326
4,1,1,4,26.12964,27.78967,1479416084168.45,30.08966,1479416086469.68
3,30.31836,1479416086672.01,3,0.2297449,0.727842,2,0.7959747,0.5808789,4,0.4370298,0.8047407,5,0.8889532,0.7553516,0,0.09088135,0.5855424
3,31.35162,1479416087706.15,3,0.3116074,0.7402208,2,0.7827396,0.5662723,4,0.6419125,0.6340751,5,0.8611746,0.7530702,0,0.1755409,0.6565319
3,32.35175,1479416088706.05,3,0.3806934,0.6938497,2,0.7143989,0.7747863,4,0.5166807,0.8160053,5,0.8950658,0.7488278,0,0.2470112,0.5675598
3,33.35187,1479416089705.22,3,0.2687535,0.8101909,2,0.624156,0.7078741,4,0.45715,0.8355076,5,0.8939705,0.6486105,0,0.0690465,0.7777606
3,34.35193,1479416090705.99,3,0.2350235,0.9183323,2,0.6948948,0.5731103,4,0.5378714,0.7245655,5,0.8853765,0.5814883,0,0.1827831,0.6543401
3,35.35193,1479416091705.36,3,0.1670723,0.8678251,2,0.7056661,0.5723863,4,0.5609326,0.6608996,5,0.9196782,0.6753208,0,0.336772,0.6162657
4,1,1,3,32.12964,33.72968,1479416090102.32,35.50964,1479416091870.35
5,3,2,4,5,0,1
3,36.38525,1479416092738.34,3,0.221518,0.7982265,2,0.8078065,0.5835126,4,0.4481645,0.658104,5,0.9128242,0.7713282,0,0.04364014,0.6746388,1,0.04935408,0.4442464
3,37.38531,1479416093738.28,3,0.3381319,0.6628543,2,0.8224301,0.6210861,4,0.4969659,0.7867689,5,0.9274497,0.7635181,0,0.1770663,0.7762876,1,0.205574,0.5384594
3,38.38531,1479416094737.76,3,0.3664865,0.5855587,2,0.6314983,0.6065459,4,0.4668503,0.9392788,5,0.8826466,0.6554159,0,0.1220174,0.7727519,1,0.5419264,0.7665009
3,39.38556,1479416095738.17,3,0.4274836,0.635797,2,0.7072678,0.5742086,4,0.4092731,0.8491743,5,0.9030313,0.5879546,0,0.1251955,0.6545759,1,0.6058578,0.7910852
3,40.38556,1479416096739.03,3,0.3519878,0.5647956,2,0.7682009,0.8008115,4,0.3508196,0.7742946,5,0.9197388,0.6751243,0,0.1459904,0.6367147,1,0.6128817,0.7335841
3,41.41901,1479416097772.57,3,0.3535604,0.5726451,2,0.1682034,0.09151906,4,0.3584452,0.7753456,5,0.829443,0.5677101,0,0.1444063,0.6472932,1,0.5309067,0.6702242
5,3,4,5,0,1
4,0,1,4,38.12964,39.46967,1479416095836.02,42.32965,1479416098708.6
3,42.45258,1479416098805.93,3,0.4076424,0.5675613,4,0.4433813,0.7661807,5,0.7859812,0.5958503,0,0.07884979,0.5817839,1,0.6323051,0.5593088
3,43.4859,1479416099838.36,3,0.4894619,0.582231,4,0.4291267,0.7805445,5,0.90166,0.6243619,0,0.1471748,0.6738082,1,0.7252207,0.6753914
3,44.51917,1479416100871.94,3,0.4560318,0.5650569,4,0.4617233,0.7837605,5,0.851759,0.7051623,0,0.2121553,0.6415007,1,0.6851387,0.7758586
3,45.55249,1479416101906,3,0.4656477,0.5665707,4,0.465786,0.7749908,5,0.8371439,0.6280178,0,0.2696419,0.6173775,1,0.6500273,0.6823789
3,46.55261,1479416102906.23,3,0.5316086,0.5669283,4,0.3965626,0.7571931,5,0.9487505,0.7416918,0,0.3214006,0.5808786,1,0.5675468,0.7673378
4,1,1,5,44.12964,45.18964,1479416101569.41,47.48969,1479416103869.58
3,47.55267,1479416103906.59,3,0.5553875,0.5900033,4,0.4149513,0.7625908,5,0.7975655,0.7287275,0,0.240242,0.6468647,1,0.5711155,0.7895098
3,48.55273,1479416104906.04,3,0.5022354,0.5747057,4,0.321909,0.7311046,5,0.7848434,0.7395293,0,0.1380463,0.7094352,1,0.5858688,0.7835503
3,49.55273,1479416105906.29,3,0.4068069,0.580008,4,0.2311745,0.634555,5,0.875824,0.616771,0,0.05698776,0.6051509,1,0.6564407,0.6149438
3,50.55286,1479416106906.3,3,0.4875641,0.715398,4,0.22188,0.6919508,5,0.8460064,0.6352437,0,0.09363747,0.5888793,1,0.6488762,0.5926992
3,51.55292,1479416107906.76,3,0.6622124,0.3782583,4,0.2997551,0.7453328,5,0.9252377,0.7858766,0,0.07595921,0.6671085,1,0.6713638,0.6168024
3,52.58618,1479416108938.83,3,0.6793289,0.7818295,4,0.2859278,0.6620846,5,0.8976393,0.7386195,0,0.1066914,0.7505832,1,0.6778755,0.5965791
3,53.5863,1479416109938.53,3,0.6822624,0.08774152,4,0.2027931,0.6657043,5,0.8781557,0.7670539,0,0.06155491,0.7351155,1,0.4932308,0.6289963
3,54.61981,1479416110972.99,3,0.3862419,0.2164632,4,0.2725868,0.7359642,5,0.7239876,0.6918705,0,0.1154289,0.7691076,1,0.4997139,0.7542145
3,55.65308,1479416112006.59,3,0.07173443,0.3812073,4,0.3460503,0.7250463,5,0.7493458,0.6050745,0,0.073946,0.6550708,1,0.4952011,0.705745
3,56.65344,1479416113007.69,3,0.05137253,0.4776676,4,0.4309921,0.777956,5,0.9158592,0.8116451,0,0.2090797,0.6877703,1,0.6265869,0.6364818
3,57.68671,1479416114039.32,3,0.07594299,0.5855982,4,0.4600296,0.6712437,5,0.9296389,0.7620164,0,0.3075695,0.7532999,1,0.7917109,0.8404617
3,58.71997,1479416115073.11,3,0.3097878,0.4279655,4,0.3714142,0.6625175,5,0.9426565,0.7664719,0,0.173872,0.6047515,1,0.7753134,0.7794208
3,59.72021,1479416116073.67,3,0.2191467,0.5385756,4,0.3887558,0.7309017,5,0.8983145,0.6732923,0,0.0453167,0.6904524,1,0.6814699,0.6727102
5,4,5,0,1
4,0,1,1,56.12964,58.08966,1479416114470.1,60.28967,1479416116677.97
3,60.75336,1479416117106.49,4,0.4987831,0.7778673,5,0.8342438,0.6956744,0,0.1036091,0.7431636,1,0.6148558,0.6170899
3,61.75342,1479416118106.25,4,0.530014,0.6981556,5,0.7676392,0.7858684,0,0.2464409,0.6626237,1,0.6795378,0.5978367
3,62.7868,1479416119138.91,4,0.4553051,0.6379818,5,0.6790161,0.7731385,0,0.3110085,0.7423118,1,0.6056833,0.560589
3,63.7868,1479416120139.13,4,0.7671366,0.3148153,5,0.6671524,0.7692201,0,0.14217,0.6574126,1,0.6564827,0.5699943
3,64.78699,1479416121138.87,4,0.3110104,0.5469828,5,0.6134987,0.7588589,0,0.15063,0.5767101,1,0.6930342,0.5847675
