%Recollect Version 2.0. Scene/Level: span2_intro, Game Number: 099
%Note: All true/false values are represented as "1" and "0" respectively.
%Damage:1,Player X Position,Player Y Position,Hearts Left,Time (Relative),Time (Absolute)
%SpanCollectionOrder:6,Time (R),Time (A),Is Reversed. (Arrangement order is from bottom left to top right)
%SpanArrangementOrder:7,[Array of Span Types] (Order is from bottom left to top right). 
%SpanPlayerInput:8,beginTime,endTime,[Array of Positions in Arrangment Pressed, followed by time]
6,0.00000,1478639500118.26,1,3,2,4,5
7,6,1,4,3,5,2
6,13.16699,1478639513251.07,1,7,6,3,1
7,7,7,1,2,3,6
8,5.66699,13.16699,2,117.78980,0,118.05650,1,118.22300,3,118.35650,3,8.25037,5,8.45032,2,8.65088,4,8.85132
6,25.30701,1478639525385.68,0,5,1,0,7
7,7,0,1,5,7,6
8,17.82703,25.30701,1,20.81775,5,21.05164,4,22.21826,2,22.41821
6,37.88708,1478639537985.95,0,0,4,2,1,3
7,2,3,0,4,6,5,1
8,30.38708,37.88708,3,33.18567,2,33.95227,1,34.41846,4,34.71851
6,49.76709,1478639549853.19,1,2,5,7,1,6
7,7,7,6,0,1,2,5
8,42.26709,49.76709,2,44.35229,3,44.78577,0,46.08582,6,46.41919,1,46.61914
6,62.02710,1478639562120.44,1,4,3,6,5,2
7,3,2,7,5,4,7,6
8,54.54700,62.02710,5,56.68640,6,57.01978,4,57.35303,1,57.75317,2,58.25317,4,58.68652,2,59.41980
6,74.46704,1478639574554.54,0,7,1,2,6,4
7,6,7,6,5,2,4,1
8,66.96704,74.46704,4,68.02039,0,68.25366,6,70.72058,3,71.15393,1,71.35388
6,86.58704,1478639586655.73,0,0,4,1,7,6
7,1,7,6,4,0,6,5
8,79.08704,86.58704,3,82.25439,6,82.55457,1,83.12122,6,83.35461,4,83.68799,5,83.88794,2,84.28796,5,84.48792
6,98.74707,1478639598822.37,1,5,1,6,4,3
7,6,1,7,4,6,3,5
8,91.24707,98.74707,4,92.72180,3,93.75525,0,94.42188,1,95.65503,2,95.82190
6,111.32700,1478639611423.43,1,5,1,4,3,6
7,5,3,4,6,6,7,1
8,103.82700,111.32700,6,106.25600,1,106.45580,4,107.58950,3,108.48940,5,108.65600
6,123.18700,1478639623257.69,0,4,3,2,6,0
7,0,3,2,6,5,6,4
8,115.70700,123.18700,0,117.38990,6,118.22330,5,120.12380,2,120.52330,1,120.69020,3,121.02340
6,135.46700,1478639635558.06,1,1,0,2,6,3
7,3,6,2,1,0,5,7
8,127.98710,135.46700,6,130.79060,1,131.02390,2,131.22400,3,132.25730,0,132.42400
8,140.40700,147.88710,3,142.92550,4,143.19120,2,143.89140,1,144.02470,0,144.15820
