%Recollect Version 2.0. Scene/Level: multi1_advan, Game Number: 076
%Note: All true/false values are represented as "1" and "0" respectively.
%Damage:1,Player X Position,Player Y Position,Hearts Left,Time (Relative),Time (Absolute)
%MultiObjectBugListChanged:5,[Array of Bug Types]
%BugPositions:3,Time (Relative),Time (Absolute),(For Each Bug:)Bug Color,Bug Position X,Bug Position Y
%MultiObjectTask:4,Matched Correctly,Was Collected,Flower Type,Reveal Time (R),Reveal Time (A),Pollenation Time (R) (-1.0 = unpollenated),Pollenation Time (A) (-1.0 = unpollenated),Death Time (R),Death Time (A)
%Possible values for "Flower Types":Red=0,Green=1,Blue=2,Yellow=3,White=4,Magenta=5,
5,2,1,4,5
3,0,1478287528180.12,2,0.02499998,0.5666667,1,0.475,0.6333334,4,0.725,0.7,5,0.975,0.6333334
3,1.016602,1478287529150.17,2,0.1891447,0.7003601,1,0.642247,0.7795088,4,0.7874361,0.5856143,5,0.8851883,0.7526376
3,2.016602,1478287530150.18,2,0.2051834,0.7238218,1,0.6295927,0.7083675,4,0.8584106,0.5901927,5,0.8769071,0.7882958
3,3.016968,1478287531151.27,2,0.08005124,0.5689165,1,0.477124,0.6349473,4,0.6401021,0.6586116,5,0.8843454,0.7362408
3,4.050415,1478287532187.56,2,0.1040357,0.7221963,1,0.5775062,0.3842855,4,0.676355,0.5734285,5,0.8253614,0.5928859
3,5.083496,1478287533219.81,2,0.1650095,0.7689144,1,0.2820325,0.6310882,4,0.5766441,0.7146786,5,0.9271314,0.7266141
4,1,1,1,2.10181,3.70190,1478287531850.3,5.50183,1478287533650.25
3,6.083618,1478287534222.08,2,0.2161036,0.7125717,1,0.3625228,0.6298625,4,0.5564989,0.7390551,5,0.9336096,0.7174531
3,7.083618,1478287535219.7,2,0.09492493,0.7081849,1,0.3041364,0.7784477,4,0.6466929,0.646357,5,0.8787867,0.8045117
3,8.08374,1478287536220.08,2,0.1288466,0.5762504,1,0.2460653,0.7456924,4,0.560374,0.8042563,5,0.9373121,0.8019447
3,9.117065,1478287537252.28,2,0.2319052,0.5538412,1,0.2042642,0.7674523,4,0.5889072,0.8329753,5,0.7555051,0.6948166
3,10.11731,1478287538252.63,2,0.3460314,0.6800706,1,0.1118817,0.7059886,4,0.5398498,0.5573065,5,0.6701791,0.7670228
3,11.15051,1478287539287.08,2,0.3394239,0.5883243,1,0.08098745,0.7132514,4,0.3932078,0.7754331,5,0.5762637,0.6676506
4,1,1,4,8.10181,9.56189,1478287537717.23,11.50183,1478287539650.84
3,12.15063,1478287540287.27,2,0.3406208,0.5810621,1,0.1696696,0.7793033,4,0.3448465,0.7806438,5,0.7287331,0.7084498
3,13.15063,1478287541287.45,2,0.381216,0.6647999,1,0.2329292,0.6941854,4,0.6411474,0.7646602,5,0.7872059,0.7207914
3,14.15076,1478287542286.74,2,0.4869943,0.6006134,1,0.3515182,0.784304,4,0.5768373,0.7627665,5,0.7002621,0.5798234
3,15.15076,1478287543287.02,2,0.583765,0.5681715,1,0.3415887,0.7873697,4,0.6191189,0.7694514,5,0.9424164,0.7531121
3,16.15088,1478287544287.35,2,0.6235592,0.5712045,1,0.2039094,0.6751793,4,0.630589,0.7706262,5,0.8751044,0.6316786
3,17.151,1478287545287.37,2,0.5119164,0.6081669,1,0.3535409,0.5629891,4,0.703094,0.7343602,5,0.8557019,0.7266652
4,1,1,5,14.08191,15.42188,1478287543583.95,17.52185,1478287545684.26
5,2,1,4,5,3
3,18.18469,1478287546321.83,2,0.6141686,0.5947182,1,0.3713522,0.6891664,4,0.7561407,0.6715013,5,0.9287801,0.7756233,3,0.05307078,0.4506779
3,19.18494,1478287547322.42,2,0.4891987,0.5741611,1,0.4929128,0.7742357,4,0.6455207,0.7676206,5,0.8569365,0.7450892,3,0.07992315,0.5769923
3,20.21802,1478287548355.16,2,0.4118028,0.5817901,1,0.2898769,0.7682416,4,0.6326447,0.7027209,5,0.9322605,0.7405037,3,0.1699219,0.6997434
3,21.25122,1478287549387.62,2,0.4296227,0.6254882,1,0.2624059,0.6926072,4,0.6499543,0.5829863,5,0.7788196,0.6881571,3,0.07873487,0.7712728
3,22.25134,1478287550387.75,2,0.5726738,0.7690222,1,0.4799099,0.387703,4,0.7275481,0.668653,5,0.8662748,0.7634861,3,0.09822273,0.6595594
3,23.28638,1478287551424.02,2,0.4910865,0.7523382,1,0.2418928,0.6818382,4,0.6437616,0.5711933,5,0.9293799,0.7326372,3,0.08159733,0.5935636
3,24.31799,1478287552453.59,2,0.3825779,0.6145734,1,0.235034,0.5673195,4,0.5279841,0.6629785,5,0.8264828,0.7005013,3,0.1443539,0.734962
3,25.31958,1478287553455.5,2,0.3452425,0.7212107,1,0.4718256,0.6144007,4,0.5991902,0.7194846,5,0.7665176,0.7656599,3,0.06594706,0.6679156
3,26.35168,1478287554488.7,2,0.243444,0.6551519,1,0.4526849,0.6396183,4,0.6982365,0.6842369,5,0.8920035,0.6775597,3,0.08794165,0.5912095
3,27.38489,1478287555521.33,2,0.1511607,0.743285,1,0.6608691,0.4382459,4,0.7474375,0.6175799,5,0.9436135,0.6480312,3,0.08265829,0.5604409
3,28.38501,1478287556522.1,2,0.1317282,0.7845935,1,0.4642034,0.6375381,4,0.6547852,0.6432954,5,0.8577647,0.7568781,3,0.1590285,0.5882726
3,29.41821,1478287557553.8,2,0.1039,0.7419745,1,0.4750075,0.6099125,4,0.7282548,0.7706493,5,0.9007707,0.6445661,3,0.1651878,0.5574362
4,1,1,1,26.10181,27.42188,1478287555584.87,29.50183,1478287557651.61
3,30.41833,1478287558553.94,2,0.06584167,0.7937922,1,0.4556699,0.6241741,4,0.7426858,0.6978319,5,0.894033,0.5715513,3,0.1288133,0.6126571
3,31.41833,1478287559553.89,2,0.09091282,0.7846124,1,0.3989129,0.7401821,4,0.5702233,0.5723627,5,0.903388,0.6931416,3,0.1014733,0.563759
3,32.41846,1478287560554,2,0.204257,0.7494097,1,0.4665298,0.776134,4,0.5695319,0.6310993,5,0.9477849,0.7542007,3,0.05732346,0.6266248
3,33.41858,1478287561553.97,2,0.3794007,0.6687234,1,0.5428758,0.713623,4,0.8556442,0.2890586,5,0.8059201,0.6121091,3,0.1000466,0.7319424
3,34.4187,1478287562555.39,2,0.2577882,0.5990902,1,0.6215568,0.7839056,4,0.6695366,0.6215708,5,0.7727828,0.7024661,3,0.06113672,0.7365835
3,35.4519,1478287563589.16,2,0.1901178,0.5977702,1,0.5189629,0.8172874,4,0.6671419,0.6507628,5,0.7800927,0.7822376,3,0.04509163,0.6487614
4,1,1,4,32.12183,33.16187,1478287561318.32,35.50183,1478287563652.17
3,36.4519,1478287564587.94,2,0.2474957,0.5724362,1,0.3888941,0.7278619,4,0.7680936,0.5708014,5,0.9009871,0.739614,3,0.1177711,0.7196558
3,37.45215,1478287565588.58,2,0.3104267,0.6057878,1,0.462327,0.7526269,4,0.7104659,0.7825987,5,0.9334245,0.6629958,3,0.05397511,0.6970301
3,38.45215,1478287566587.99,2,0.2835073,0.6269702,1,0.5233507,0.6720334,4,0.6711292,0.7627508,5,0.8427525,0.5863776,3,0.1340504,0.6588312
3,39.45239,1478287567588.75,2,0.2479773,0.724817,1,0.6075411,0.6047612,4,0.7490168,0.7194698,5,0.8960066,0.6220235,3,0.2336283,0.4914209
3,40.4856,1478287568622.97,2,0.1858177,0.6580099,1,0.4953365,0.7100096,4,0.6587515,0.7519991,5,0.8913574,0.6125112,3,0.07225037,0.5277044
3,41.4856,1478287569621.96,2,0.2892179,0.5889141,1,0.3950634,0.7404795,4,0.5790777,0.5945794,5,0.9135637,0.7051798,3,0.1670551,0.7382447
4,1,1,3,38.08179,39.66187,1478287567818.74,41.60181,1478287569752.69
5,2,1,4,5,3,0
3,42.4856,1478287570622.7,2,0.2110739,0.5630461,1,0.4321632,0.690035,4,0.7118673,0.7027483,5,0.9079428,0.7709465,3,0.2063484,0.7691399,0,0.04846573,0.5339019
3,43.48633,1478287571623.25,2,0.2048473,0.5689093,1,0.5064735,0.5685832,4,0.7071781,0.7366711,5,0.9472427,0.6671386,3,0.205802,0.7685514,0,0.05156708,0.5734709
3,44.51929,1478287572654.75,2,0.3737774,0.6392053,1,0.5173941,0.5816761,4,0.7069101,0.7374892,5,0.8354549,0.5819896,3,0.2642794,0.7864118,0,0.171442,0.5720037
3,45.51929,1478287573654.63,2,0.43713,0.5905461,1,0.6082039,0.590383,4,0.7976341,0.7354868,5,0.7372513,0.4715064,3,0.1977043,0.7615274,0,0.2343922,0.5570982
3,46.51929,1478287574654.92,2,0.4038839,0.7149712,1,0.6446629,0.6795849,4,0.8907127,0.6630107,5,0.610857,0.4660126,3,0.09949303,0.7167378,0,0.1001816,0.5170207
5,2,1,4,3,0
3,47.55273,1478287575688.77,2,0.4521275,0.7297594,1,0.6100693,0.7617596,4,0.8901329,0.7486643,3,0.1016407,0.7845963,0,0.1043854,0.5631516
3,48.55273,1478287576689.54,2,0.5028658,0.5972387,1,0.6517954,0.6732509,4,0.7972164,0.7693226,3,0.09593964,0.7783222,0,0.106576,0.5726649
3,49.55273,1478287577688.8,2,0.588006,0.5881799,1,0.6576424,0.7763042,4,0.8778973,0.6450906,3,0.06648064,0.7808151,0,0.1368313,0.6045634
3,50.55298,1478287578689.86,2,0.615263,0.5773028,1,0.5826492,0.772331,4,0.8682156,0.5994636,3,0.05640602,0.7229249,0,0.2040558,0.6890247
3,51.55298,1478287579689.31,2,0.5784807,0.517298,1,0.6825953,0.6280173,4,0.7965126,0.6921778,3,0.1139421,0.6272929,0,0.3116493,0.7799546
3,52.58789,1478287580724.6,2,0.5188179,0.6039699,1,0.5780764,0.3886335,4,0.6580544,0.7042017,3,0.1438179,0.6414448,0,0.3843918,0.7272007
5,2,4,3,0
3,53.62109,1478287581760.28,2,0.5155764,0.6495684,4,0.6327877,0.7740322,3,0.07072926,0.7719941,0,0.3596888,0.764931
3,54.65308,1478287582789.59,2,0.399868,0.7204922,4,0.7842169,0.697542,3,0.08838367,0.7008035,0,0.2549648,0.6699607
3,55.68628,1478287583822.39,2,0.5246468,0.6362461,4,0.9115124,0.6397831,3,0.1095142,0.5736239,0,0.2593918,0.6769677
3,56.68677,1478287584823.06,2,0.5246468,0.5829626,4,0.7590008,0.7710533,3,0.08103752,0.663394,0,0.4002609,0.7384968
3,57.71997,1478287585855,2,0.4608879,0.6318707,4,0.6149626,0.7113032,3,0.1654949,0.7564335,0,0.331686,0.7327812
3,58.75317,1478287586889.63,2,0.5028276,0.5625724,4,0.5920019,0.7232358,3,0.1122084,0.5775453,0,0.5859842,0.2675277
3,59.75342,1478287587889.51,2,0.3708868,0.6796811,4,0.6273699,0.7935039,3,0.06621456,0.6480175,0,0.7016802,0.6201224
3,60.78662,1478287588922.26,2,0.3431292,0.7646163,4,0.7126799,0.6577769,3,0.1998949,0.6782392,0,0.9002237,0.6409519
3,61.78687,1478287589923.2,2,0.432292,0.6839145,4,0.8144302,0.6052362,3,0.2966471,0.5986028,0,0.9380693,0.7780089
3,62.78687,1478287590922.86,2,0.4524965,0.6976231,4,0.8485947,0.5655122,3,0.3053589,0.6329299,0,0.8509903,0.7653276
3,63.78735,1478287591923.2,2,0.5325861,0.7846045,4,0.7093916,0.3326137,3,0.377533,0.7483404,0,0.8897562,0.721786
3,64.82056,1478287592955.14,2,0.4557076,0.6594776,4,0.6628284,0.5188792,3,0.277524,0.5691724,0,0.8731384,0.5928004
4,1,1,4,62.10181,63.62183,1478287591786.59,65.48193,1478287593621.3
3,65.82056,1478287593955.23,2,0.4248877,0.6038867,4,0.6943779,0.7410244,3,0.1530123,0.5938573,0,0.7990227,0.5968059
3,66.85376,1478287594989.81,2,0.5140715,0.7072906,4,0.7766857,0.7549882,3,0.09013939,0.705235,0,0.8801203,0.6104963
3,67.85376,1478287595990.07,2,0.4523935,0.7618332,4,0.6625977,0.6184759,3,0.298727,0.5739369,0,0.9641876,0.7598953
3,68.88721,1478287597023.39,2,0.4119291,0.7852686,4,0.5346918,0.6101841,3,0.2685041,0.5780903,0,0.8301497,0.7805204
3,69.88818,1478287598024.11,2,0.4317598,0.581126,4,0.530427,0.567293,3,0.127284,0.7486868,0,0.667799,0.6466623
3,70.92065,1478287599055.56,2,0.5747576,0.6210822,4,0.5003481,0.449878,3,0.1865969,0.7066053,0,0.5376911,0.8146533
3,71.92065,1478287600055.6,2,0.4774342,0.5933149,4,0.3203926,0.4371092,3,0.2859468,0.6239644,0,0.5409966,0.7870899
5,2,3,0
3,72.9541,1478287601090.09,2,0.5389738,0.5767522,3,0.1538782,0.6832507,0,0.5257959,0.7757699
3,73.9541,1478287602089.55,2,0.5372734,0.5671369,3,0.09625244,0.6832507,0,0.5274515,0.7668211
3,74.98755,1478287603122.82,2,0.4317579,0.6235356,3,0.2846584,0.5759797,0,0.6016016,0.7168263
3,75.98755,1478287604123.12,2,0.5457544,0.7693903,3,0.4042177,0.6913506,0,0.6994104,0.6768172
1,311.16310,4.29285,2,76.28174,1478287604421.81
3,77.01733,1478287605989.28,2,0.5998945,0.7166224,3,0.2668571,0.637603,0,0.7991762,0.7695655
5,2,3
4,0,1,0,74.12183,-1.00000,-1,77.52173,1478287606524.63
3,78.01733,1478287606989.01,2,0.6398716,0.6453448,3,0.1743345,0.5977047
3,79.01733,1478287607989.16,2,0.5733433,0.5740672,3,0.3672047,0.7006252
3,80.01733,1478287608988.84,2,0.5731754,0.6632756,3,0.4221191,0.7637913
1,328.32140,2.81575,1,80.56177,1478287609554.36
3,81.01758,1478287609988.97,2,0.6668644,0.5758954,3,0.5245991,0.7268594
3,82.05078,1478287611023.68,2,0.7545013,0.6098011,3,0.5384235,0.643258
1,337.51230,0.72423,0,82.86182,1478287611854.39
3,83.05103,1478287612023.8,2,0.8251495,0.610674,3,0.3554707,0.5645418
4,0,1,3,80.04175,-1.00000,-1,83.42188,1478287612421.6
3,84.05103,1478287613023.57,2,0.7884693,0.7263293,3,0.4872627,0.7167832
