%Recollect Version 2.3. Scene/Level: , Session: 18, GameNumber: 0
%Note: All true/false values are represented as "1" and "0" respectively.
%Damage:1,Player X Position,Player Y Position,Hearts Left,Time (Relative),Time (Absolute)
%LameBackObject:Algorithm Condition,Trial Number,Current N Level,Lure Rate,Is Correct,Stimulus Type,Stimulus Color,Presentation Time (R),Presentation Time (A),Response Time (R),Response Time (A),Expire Time (R),Expire Time (A)
%Possible values for "Color":Red=0,Blue=1,Green=2,Yellow=3,Purple=4,LightBlue=5,Brown=6,White=7,
%Possible values for "Type":NonTarget=0,Target=1,Lure=2,lessThanN=3,
7,1,2,0.3,1,3,0,1.32019,1487796092442,-1,-1,0.7537842,1487796091877
7,2,2,0.3,1,3,1,4.353882,1487796095476,-1,-1,3.820435,1487796094945
7,3,2,0.3,1,2,1,7.453857,1487796098576,-1,-1,6.887329,1487796098012
7,4,2,0.3,1,2,0,10.48743,1487796101610,-1,-1,9.953979,1487796101080
7,5,2,0.3,1,2,0,13.58752,1487796104710,-1,-1,13.02087,1487796104148
7,6,2,0.3,1,0,2,16.65442,1487796107777,-1,-1,16.08765,1487796107213
7,7,2,0.3,1,0,3,19.68787,1487796110810,-1,-1,19.15527,1487796110281
7,8,2,0.3,1,2,3,22.72144,1487796113844,-1,-1,22.18799,1487796113313
7,9,2,0.3,1,0,1,25.78857,1487796116911,-1,-1,25.25488,1487796116379
7,10,2,0.3,1,1,3,28.8551,1487796119977,29.85522,1487796120978,28.32166,1487796119448
7,11,2,0.3,1,1,1,31.88855,1487796123011,32.65527,1487796123778,31.35535,1487796122480
7,12,2,0.3,1,2,1,34.95581,1487796126078,-1,-1,34.422,1487796125547
7,13,2,0.3,1,0,0,38.05542,1487796129178,-1,-1,37.48889,1487796128613
7,14,2,0.3,1,0,3,41.08923,1487796132212,-1,-1,40.55591,1487796131681
7,15,2,0.3,1,0,2,44.15588,1487796135278,-1,-1,43.62256,1487796134748
7,16,2,0.3,1,0,1,47.22278,1487796138345,-1,-1,46.65613,1487796137781
7,17,2,0.3,1,2,3,50.28955,1487796141412,-1,-1,49.7229,1487796140849
7,18,2,0.3,1,0,0,53.32312,1487796144445,-1,-1,52.78979,1487796143914
7,19,2,0.3,1,1,3,56.40662,1487796147529,57.57336,1487796148696,55.83997,1487796146966
7,20,2,0.3,1,1,0,59.44019,1487796150562,60.34021,1487796151463,58.90674,1487796150033
7,21,2,0.3,1,1,3,62.50696,1487796153629,63.50696,1487796154629,61.94031,1487796153067
7,22,2,0.3,1,1,0,65.54053,1487796156663,66.37427,1487796157497,65.00708,1487796156132
7,1,2,0.3,1,3,1,72.61414,1487796246718,-1,-1,72.08069,1487796246185
7,2,2,0.3,1,3,0,75.68091,1487796249785,-1,-1,75.11426,1487796249221
7,3,2,0.3,1,0,2,78.71448,1487796252818,-1,-1,78.18115,1487796252289
7,4,2,0.3,1,0,3,81.78125,1487796255885,-1,-1,81.2146,1487796255321
7,5,2,0.3,1,1,2,84.81482,1487796258919,85.64856,1487796259752,84.28137,1487796258388
7,6,2,0.3,1,2,2,87.88257,1487796261986,-1,-1,87.31494,1487796261423
7,7,2,0.3,1,0,0,90.94836,1487796265052,-1,-1,90.41504,1487796264521
7,8,2,0.3,1,0,3,94.01538,1487796268119,-1,-1,93.44861,1487796267556
7,9,2,0.3,1,2,2,97.11572,1487796271219,-1,-1,96.54871,1487796270655
7,10,2,0.3,1,2,2,100.1824,1487796274286,-1,-1,99.64905,1487796273755
7,11,2,0.3,1,0,1,103.2498,1487796277354,-1,-1,102.6825,1487796276789
7,12,2,0.3,1,1,2,106.316,1487796280420,107.8173,1487796281921,105.7826,1487796279890
7,13,2,0.3,1,1,1,109.3496,1487796283453,111.3165,1487796285420,108.8162,1487796282923
7,14,2,0.3,0,1,2,112.4167,1487796286520,-1,-1,111.8829,1487796285989
7,15,2,0.3,1,0,0,115.4832,1487796289587,-1,-1,114.9501,1487796289056
7,16,2,0.3,0,0,3,118.5167,1487796292620,120.0836,1487796294188,117.9833,1487796292091
7,17,2,0.3,1,2,3,121.5503,1487796295654,-1,-1,121.0173,1487796295124
7,18,2,0.3,1,1,3,124.6171,1487796298721,125.5516,1487796299656,124.0504,1487796298157
7,19,2,0.3,1,2,0,127.6838,1487796301788,-1,-1,127.1172,1487796301225
7,20,2,0.3,1,1,3,130.7174,1487796304821,132.4841,1487796306588,130.184,1487796304290
7,21,2,0.3,1,2,3,133.7509,1487796307855,-1,-1,133.2175,1487796307324
7,22,2,0.3,1,0,2,136.7844,1487796310888,-1,-1,136.2512,1487796310357
7,1,2,0.3,1,3,3,141.3512,1487796315455,-1,-1,140.818,1487796314923
7,2,2,0.3,1,3,0,144.4181,1487796318522,-1,-1,143.8514,1487796317958
7,3,2,0.3,1,0,1,147.4517,1487796321555,-1,-1,146.9183,1487796321025
7,4,2,0.3,1,0,2,150.5184,1487796324622,-1,-1,149.9518,1487796324058
7,5,2,0.3,1,1,1,153.552,1487796327656,155.0188,1487796329123,153.0187,1487796327125
7,6,2,0.3,1,0,0,156.6188,1487796330723,-1,-1,156.0536,1487796330162
7,7,2,0.3,1,0,3,159.6857,1487796333789,-1,-1,159.1191,1487796333226
7,8,2,0.3,1,1,0,162.7526,1487796336856,164.3528,1487796338457,162.1859,1487796336292
7,9,2,0.3,1,2,0,165.786,1487796339890,-1,-1,165.2531,1487796339359
7,10,2,0.3,1,1,0,168.8529,1487796342957,170.0863,1487796344190,168.2861,1487796342393
7,11,2,0.3,1,2,3,171.8864,1487796345990,-1,-1,171.3531,1487796345460
7,12,2,0.3,1,1,0,174.9198,1487796349024,176.7201,1487796350824,174.3865,1487796348493
7,13,2,0.3,1,2,0,177.9867,1487796352090,-1,-1,177.4207,1487796351527
7,14,2,0.3,1,2,3,180.9871,1487796355091,-1,-1,180.4868,1487796354593
7,15,2,0.3,1,0,2,184.0204,1487796358124,-1,-1,183.4875,1487796357594
7,16,2,0.3,1,1,3,187.0873,1487796361191,188.321,1487796362425,186.5212,1487796360628
7,17,2,0.3,1,0,1,190.1207,1487796364224,-1,-1,189.5874,1487796363694
7,18,2,0.3,1,0,0,193.1881,1487796367292,-1,-1,192.621,1487796366727
7,19,2,0.3,1,2,3,196.2878,1487796370392,-1,-1,195.7211,1487796369827
7,20,2,0.3,1,2,1,199.3213,1487796373425,-1,-1,198.7881,1487796372894
7,21,2,0.3,1,1,3,202.3882,1487796376492,203.4215,1487796377525,201.8214,1487796375929
7,22,2,0.3,1,0,0,205.455,1487796379559,-1,-1,204.9215,1487796379029
7,1,2,0.3,1,3,2,210.3885,1487796384492,-1,-1,209.8552,1487796383960
7,2,2,0.3,1,3,0,213.4561,1487796387560,-1,-1,212.8887,1487796386995
7,3,2,0.3,1,0,3,216.5222,1487796390626,-1,-1,215.9889,1487796390095
7,4,2,0.3,1,2,3,219.5564,1487796393660,-1,-1,219.0223,1487796393130
7,5,2,0.3,1,1,3,222.6227,1487796396726,223.8226,1487796397927,222.0892,1487796396196
7,6,2,0.3,1,2,2,225.7228,1487796399826,-1,-1,225.156,1487796399263
7,7,2,0.3,1,1,3,228.7897,1487796402893,230.5897,1487796404694,228.2229,1487796402330
7,8,2,0.3,1,0,1,231.8564,1487796405960,-1,-1,231.3231,1487796405430
7,9,2,0.3,0,2,2,234.9232,1487796409027,237.2906,1487796411395,234.3898,1487796408497
7,10,2,0.3,1,0,0,237.9568,1487796412060,-1,-1,237.4233,1487796411530
7,11,2,0.3,1,0,3,240.9902,1487796415094,-1,-1,240.4569,1487796414563
7,12,2,0.3,1,0,1,244.0238,1487796418127,-1,-1,243.491,1487796417597
7,13,2,0.3,1,1,3,247.0906,1487796421194,248.4907,1487796422595,246.5239,1487796420631
7,14,2,0.3,1,1,1,250.1241,1487796424228,252.158,1487796426262,249.5908,1487796423699
7,15,2,0.3,1,0,0,253.1577,1487796427261,-1,-1,252.6243,1487796426730
7,16,2,0.3,1,1,1,256.2578,1487796430362,258.5248,1487796432629,255.6912,1487796429798
7,17,2,0.3,1,2,1,259.2914,1487796433396,-1,-1,258.7585,1487796432865
7,18,2,0.3,1,2,0,262.3582,1487796436462,-1,-1,261.8247,1487796435932
7,19,2,0.3,1,2,0,265.3916,1487796439495,-1,-1,264.8583,1487796438965
7,20,2,0.3,1,1,0,268.4252,1487796442529,270.3922,1487796444496,267.8918,1487796442000
7,21,2,0.3,1,0,2,271.4919,1487796445596,-1,-1,270.9258,1487796445032
7,22,2,0.3,1,0,3,274.526,1487796448630,-1,-1,273.9921,1487796448098
7,1,2,0.3,1,3,2,280.226,1487796454330,-1,-1,279.6593,1487796453764
7,2,2,0.3,1,3,0,283.3259,1487796457430,-1,-1,282.7594,1487796456867
7,3,2,0.3,1,1,2,286.3595,1487796460463,287.9266,1487796462031,285.8262,1487796459933
7,4,2,0.3,1,0,1,289.4263,1487796463530,-1,-1,288.8597,1487796462966
7,5,2,0.3,1,1,2,292.427,1487796466531,294.0933,1487796468197,291.9265,1487796466033
7,6,2,0.3,1,0,0,295.4933,1487796469597,-1,-1,294.9601,1487796469066
7,7,2,0.3,1,2,1,298.5269,1487796472631,-1,-1,297.9934,1487796472101
7,8,2,0.3,1,0,3,301.5936,1487796475697,-1,-1,301.0276,1487796475134
7,9,2,0.3,1,1,1,304.5944,1487796478698,306.3273,1487796480431,304.0939,1487796478200
7,10,2,0.3,1,1,3,307.694,1487796481798,308.7941,1487796482898,307.1273,1487796481234
7,11,2,0.3,1,0,0,310.7275,1487796484831,-1,-1,310.1948,1487796484301
7,12,2,0.3,1,2,0,313.7943,1487796487898,-1,-1,313.2279,1487796487335
7,13,2,0.3,0,1,0,316.8278,1487796490931,-1,-1,316.2944,1487796490401
7,14,2,0.3,1,0,2,319.8618,1487796493966,-1,-1,319.328,1487796493434
7,15,2,0.3,1,0,1,322.9622,1487796497066,-1,-1,322.3949,1487796496502
7,16,2,0.3,1,1,2,326.0284,1487796500132,327.9285,1487796502033,325.495,1487796499602
7,17,2,0.3,1,0,3,329.0619,1487796503166,-1,-1,328.5286,1487796502635
7,18,2,0.3,1,2,1,332.1288,1487796506233,-1,-1,331.562,1487796505669
7,19,2,0.3,1,2,1,335.1622,1487796509266,-1,-1,334.629,1487796508735
7,20,2,0.3,1,2,3,338.1957,1487796512299,-1,-1,337.6624,1487796511769
7,21,2,0.3,1,2,3,341.2294,1487796515333,-1,-1,340.6958,1487796514803
7,22,2,0.3,1,0,0,344.3295,1487796518433,-1,-1,343.7627,1487796517869
7,1,2,0.3,1,3,2,348.8297,1487796522933,-1,-1,348.2963,1487796522401
7,2,2,0.3,1,3,0,351.8965,1487796526000,-1,-1,351.3298,1487796525436
7,3,2,0.3,1,0,1,354.9634,1487796529067,-1,-1,354.3966,1487796528503
7,4,2,0.3,1,0,2,358.0302,1487796532134,-1,-1,357.4968,1487796531603
7,5,2,0.3,1,0,3,361.0637,1487796535167,-1,-1,360.5303,1487796534638
7,6,2,0.3,1,2,3,364.1306,1487796538234,-1,-1,363.5638,1487796537671
7,7,2,0.3,1,1,3,367.1974,1487796541301,368.4977,1487796542602,366.6639,1487796540771
7,8,2,0.3,1,1,3,370.231,1487796544335,372.031,1487796546135,369.6975,1487796543804
7,9,2,0.3,1,2,1,373.2644,1487796547368,-1,-1,372.7311,1487796546837
7,10,2,0.3,1,1,3,376.2979,1487796550402,377.4648,1487796551569,375.7645,1487796549871
7,11,2,0.3,1,0,0,379.3314,1487796553435,-1,-1,378.798,1487796552905
7,12,2,0.3,1,0,2,382.3649,1487796556469,-1,-1,381.8315,1487796555938
7,13,2,0.3,1,1,0,385.4318,1487796559535,386.632,1487796560736,384.8662,1487796558973
7,14,2,0.3,1,1,2,388.4652,1487796562569,390.4659,1487796564570,387.9319,1487796562039
7,15,2,0.3,1,2,2,391.4988,1487796565603,-1,-1,390.9653,1487796565072
7,16,2,0.3,1,2,0,394.5656,1487796568669,-1,-1,393.9991,1487796568106
7,17,2,0.3,1,0,1,397.5996,1487796571703,-1,-1,397.0664,1487796571173
7,18,2,0.3,1,0,3,400.6329,1487796574737,-1,-1,400.1326,1487796574240
7,19,2,0.3,1,0,2,403.7,1487796577804,-1,-1,403.166,1487796577272
7,20,2,0.3,1,2,1,406.8003,1487796580904,-1,-1,406.2332,1487796580339
7,21,2,0.3,1,1,2,409.8665,1487796583970,410.8674,1487796584972,409.333,1487796583441
7,22,2,0.3,1,2,2,412.9332,1487796587037,-1,-1,412.3666,1487796586473
7,1,2,0.3,1,3,2,419.1002,1487796593204,-1,-1,418.5669,1487796592672
7,2,2,0.3,1,3,0,422.1342,1487796596238,-1,-1,421.6005,1487796595707
7,3,2,0.3,1,1,2,425.2339,1487796599338,426.3009,1487796600405,424.6672,1487796598775
7,4,2,0.3,1,2,2,428.3008,1487796602404,-1,-1,427.7341,1487796601840
7,5,2,0.3,1,0,1,431.3676,1487796605471,-1,-1,430.801,1487796604907
7,6,2,0.3,1,1,2,434.4011,1487796608505,436.168,1487796610272,433.8678,1487796607974
7,7,2,0.3,1,2,2,437.468,1487796611572,-1,-1,436.9019,1487796611008
7,8,2,0.3,1,0,0,440.5017,1487796614605,-1,-1,439.9681,1487796614076
7,9,2,0.3,1,2,0,443.535,1487796617639,-1,-1,443.0022,1487796617108
7,10,2,0.3,1,1,0,446.6018,1487796620706,447.4352,1487796621539,446.0353,1487796620142
7,11,2,0.3,1,2,1,449.6354,1487796623740,-1,-1,449.1021,1487796623209
7,12,2,0.3,1,0,2,452.6693,1487796626773,-1,-1,452.1356,1487796626242
7,13,2,0.3,1,0,3,455.7024,1487796629806,-1,-1,455.2021,1487796629310
7,14,2,0.3,1,2,1,458.7358,1487796632840,-1,-1,458.2025,1487796632309
7,15,2,0.3,1,0,0,461.7695,1487796635874,-1,-1,461.2366,1487796635342
7,16,2,0.3,1,2,0,464.8363,1487796638940,-1,-1,464.3027,1487796638410
7,17,2,0.3,1,0,3,467.9363,1487796642040,-1,-1,467.3696,1487796641476
7,18,2,0.3,1,0,2,470.9697,1487796645073,-1,-1,470.4364,1487796644544
7,19,2,0.3,1,1,3,474.0034,1487796648107,475.3047,1487796649409,473.47,1487796647577
7,20,2,0.3,1,1,2,477.0703,1487796651174,477.7369,1487796651841,476.5035,1487796650611
7,21,2,0.3,1,1,3,480.1375,1487796654241,481.0376,1487796655142,479.6042,1487796653711
7,22,2,0.3,1,0,1,483.2039,1487796657308,-1,-1,482.6707,1487796656777
7,1,2,0.3,1,3,3,487.3375,1487796661441,-1,-1,486.8044,1487796660909
7,2,2,0.3,1,3,0,490.4043,1487796664508,-1,-1,489.8376,1487796663944
7,3,2,0.3,1,0,1,493.4713,1487796667575,-1,-1,492.9044,1487796667011
7,4,2,0.3,1,1,0,496.5381,1487796670642,497.3384,1487796671442,496.0046,1487796670111
7,5,2,0.3,1,0,3,499.5715,1487796673676,-1,-1,499.0385,1487796673145
7,6,2,0.3,1,2,1,502.6383,1487796676742,-1,-1,502.0717,1487796676179
7,7,2,0.3,1,0,2,505.6719,1487796679776,-1,-1,505.1384,1487796679244
7,8,2,0.3,1,0,0,508.7053,1487796682809,-1,-1,508.1721,1487796682279
7,9,2,0.3,1,1,2,511.7722,1487796685876,512.8057,1487796686910,511.2057,1487796685312
7,10,2,0.3,1,0,3,514.8057,1487796688909,-1,-1,514.2723,1487796688379
7,11,2,0.3,1,2,0,517.8392,1487796691943,-1,-1,517.3058,1487796691414
7,12,2,0.3,1,0,1,520.8727,1487796694976,-1,-1,520.3394,1487796694446
7,13,2,0.3,1,2,3,523.9067,1487796698010,-1,-1,523.373,1487796697479
7,14,2,0.3,1,0,2,526.9736,1487796701077,-1,-1,526.4397,1487796700546
7,15,2,0.3,1,2,1,530.0399,1487796704144,-1,-1,529.4738,1487796703581
7,16,2,0.3,1,1,2,533.1067,1487796707211,533.9734,1487796708077,532.5402,1487796706648
7,17,2,0.3,1,0,3,536.1404,1487796710244,-1,-1,535.6071,1487796709714
7,18,2,0.3,1,2,3,539.2072,1487796713311,-1,-1,538.6405,1487796712747
7,19,2,0.3,1,2,2,542.274,1487796716378,-1,-1,541.7406,1487796715846
7,20,2,0.3,1,1,3,545.3741,1487796719478,546.6078,1487796720712,544.8073,1487796718914
7,21,2,0.3,1,1,2,548.4742,1487796722578,549.6412,1487796723745,547.9081,1487796722014
7,22,2,0.3,1,1,3,551.5748,1487796725679,552.9078,1487796727012,551.0077,1487796725115
7,1,2,0.3,1,3,3,555.8414,1487796729945,-1,-1,555.2748,1487796729379
7,2,2,0.3,1,3,0,558.9081,1487796733012,-1,-1,558.3424,1487796732449
7,3,2,0.3,1,0,2,561.975,1487796736079,-1,-1,561.4083,1487796735515
7,4,2,0.3,1,1,0,565.0419,1487796739146,566.0753,1487796740179,564.4755,1487796738583
7,5,2,0.3,1,2,0,568.1085,1487796742212,-1,-1,567.5421,1487796741648
7,6,2,0.3,1,0,3,571.1754,1487796745279,-1,-1,570.609,1487796744715
7,7,2,0.3,1,1,0,574.2091,1487796748314,575.0763,1487796749180,573.6757,1487796747782
7,8,2,0.3,1,0,1,577.2435,1487796751347,-1,-1,576.7094,1487796750815
7,9,2,0.3,1,0,2,580.3427,1487796754446,-1,-1,579.776,1487796753884
7,10,2,0.3,1,2,2,583.3771,1487796757481,-1,-1,582.8429,1487796756949
7,11,2,0.3,1,1,2,586.4769,1487796760581,587.1764,1487796761281,585.9098,1487796760016
7,12,2,0.3,1,2,3,589.545,1487796763649,-1,-1,589.0099,1487796763117
7,13,2,0.3,1,2,3,592.6102,1487796766714,-1,-1,592.0768,1487796766183
7,14,2,0.3,1,2,2,595.7101,1487796769814,-1,-1,595.1434,1487796769251
7,15,2,0.3,1,1,3,598.777,1487796772881,599.4105,1487796773514,598.2111,1487796772318
7,16,2,0.3,1,1,2,601.8107,1487796775914,602.5441,1487796776648,601.2772,1487796775384
7,17,2,0.3,1,0,0,604.9108,1487796779014,-1,-1,604.3441,1487796778450
7,18,2,0.3,1,0,1,607.9777,1487796782081,-1,-1,607.411,1487796781517
7,19,2,0.3,1,2,2,611.0778,1487796785182,-1,-1,610.5111,1487796784617
7,20,2,0.3,1,0,3,614.1447,1487796788248,-1,-1,613.578,1487796787686
7,21,2,0.3,1,0,0,617.2115,1487796791315,-1,-1,616.6781,1487796790785
7,22,2,0.3,1,1,3,620.3119,1487796794415,621.0453,1487796795149,619.745,1487796793851
7,1,2,0.3,1,3,0,624.8785,1487796798982,-1,-1,624.3121,1487796798417
7,2,2,0.3,1,3,3,627.9454,1487796802049,-1,-1,627.3793,1487796801487
7,3,2,0.3,1,0,2,631.0455,1487796805149,-1,-1,630.4789,1487796804585
7,4,2,0.3,1,1,3,634.1124,1487796808216,635.0128,1487796809117,633.5458,1487796807652
7,5,2,0.3,1,0,1,637.2125,1487796811316,-1,-1,636.6459,1487796810752
7,6,2,0.3,1,0,0,640.246,1487796814350,-1,-1,639.7128,1487796813820
7,7,2,0.3,1,0,2,643.3129,1487796817417,-1,-1,642.7467,1487796816855
7,8,2,0.3,1,0,3,646.3466,1487796820450,-1,-1,645.8134,1487796819920
7,9,2,0.3,1,0,1,649.4132,1487796823517,-1,-1,648.88,1487796822987
7,10,2,0.3,1,2,1,652.4467,1487796826550,-1,-1,651.9135,1487796826020
7,11,2,0.3,1,1,1,655.5135,1487796829617,656.6146,1487796830719,654.9469,1487796829053
7,12,2,0.3,1,2,2,658.5804,1487796832684,-1,-1,658.0138,1487796832121
7,13,2,0.3,1,1,1,661.6481,1487796835752,662.5807,1487796836685,661.0812,1487796835187
7,14,2,0.3,1,2,1,664.7142,1487796838818,-1,-1,664.1808,1487796838288
7,15,2,0.3,1,2,2,667.7477,1487796841851,-1,-1,667.215,1487796841322
7,16,2,0.3,1,1,1,670.8146,1487796844918,671.8483,1487796845953,670.2484,1487796844355
7,17,2,0.3,0,2,1,673.8815,1487796847985,676.1151,1487796850219,673.348,1487796847456
7,18,2,0.3,1,0,3,676.9816,1487796851085,-1,-1,676.4169,1487796850524
7,19,2,0.3,1,1,1,680.0817,1487796854185,680.8817,1487796854986,679.515,1487796853622
7,20,2,0.3,1,0,2,683.1486,1487796857253,-1,-1,682.6154,1487796856721
7,21,2,0.3,1,1,1,686.2152,1487796860319,687.6488,1487796861753,685.682,1487796859789
7,22,2,0.3,1,2,1,689.2821,1487796863386,-1,-1,688.7155,1487796862822
7,1,2,0.3,1,3,1,693.7159,1487796867820,-1,-1,693.1827,1487796867287
7,2,2,0.3,1,3,3,696.816,1487796870920,-1,-1,696.2496,1487796870356
7,3,2,0.3,1,0,0,699.9161,1487796874020,-1,-1,699.3495,1487796873456
7,4,2,0.3,1,1,3,702.983,1487796877087,703.9164,1487796878020,702.4496,1487796876556
7,5,2,0.3,1,2,3,706.0497,1487796880153,-1,-1,705.5165,1487796879623
7,6,2,0.3,1,0,1,709.0836,1487796883187,-1,-1,708.5499,1487796882658
7,7,2,0.3,1,1,3,712.1835,1487796886287,713.5175,1487796887621,711.6171,1487796885723
7,8,2,0.3,1,0,2,715.2169,1487796889321,-1,-1,714.6837,1487796888790
7,9,2,0.3,1,2,1,718.2838,1487796892388,-1,-1,717.7172,1487796891825
7,10,2,0.3,1,0,0,721.3507,1487796895454,-1,-1,720.8173,1487796894924
7,11,2,0.3,0,1,1,724.4508,1487796898554,-1,-1,723.8842,1487796897992
7,12,2,0.3,1,0,3,727.5177,1487796901621,-1,-1,726.951,1487796901058
7,13,2,0.3,1,1,1,730.5846,1487796904688,731.2845,1487796905388,730.0511,1487796904158
7,14,2,0.3,1,2,1,733.618,1487796907722,-1,-1,733.0851,1487796907191
7,15,2,0.3,1,2,3,736.6849,1487796910789,-1,-1,736.1185,1487796910224
7,16,2,0.3,1,0,0,739.785,1487796913889,-1,-1,739.2184,1487796913326
7,17,2,0.3,1,2,0,742.8519,1487796916956,-1,-1,742.3185,1487796916425
7,18,2,0.3,1,1,0,745.9186,1487796920023,747.119,1487796921223,745.3522,1487796919458
7,19,2,0.3,1,0,1,748.9855,1487796923089,-1,-1,748.4196,1487796922526
7,20,2,0.3,1,1,0,752.0197,1487796926123,753.1862,1487796927290,751.486,1487796925592
7,21,2,0.3,1,2,0,755.1193,1487796929223,-1,-1,754.5526,1487796928659
7,22,2,0.3,1,0,2,758.1862,1487796932290,-1,-1,757.6195,1487796931727
7,1,2,0.3,1,3,2,763.5529,1487796937657,-1,-1,762.9865,1487796937091
7,2,2,0.3,1,3,3,766.6198,1487796940724,-1,-1,766.0531,1487796940160
7,3,2,0.3,1,0,1,769.6866,1487796943791,-1,-1,769.12,1487796943226
7,4,2,0.3,1,0,0,772.7535,1487796946857,-1,-1,772.1869,1487796946294
7,5,2,0.3,1,1,1,775.8536,1487796949957,776.9208,1487796951025,775.287,1487796949394
7,6,2,0.3,1,2,1,778.9205,1487796953024,-1,-1,778.3539,1487796952461
7,7,2,0.3,1,1,1,781.9874,1487796956091,783.7877,1487796957892,781.4208,1487796955528
7,8,2,0.3,1,2,0,785.0543,1487796959158,-1,-1,784.5209,1487796958628
7,9,2,0.3,1,0,3,788.1544,1487796962258,-1,-1,787.5878,1487796961695
7,10,2,0.3,1,1,0,791.2211,1487796965325,793.3551,1487796967459,790.6549,1487796964762
7,11,2,0.3,1,1,3,794.288,1487796968392,795.1215,1487796969226,793.7213,1487796967828
7,12,2,0.3,1,1,0,797.3219,1487796971426,798.2218,1487796972326,796.7882,1487796970894
7,13,2,0.3,1,1,3,800.3551,1487796974459,801.3883,1487796975492,799.8224,1487796973928
7,14,2,0.3,1,0,1,803.422,1487796977526,-1,-1,802.8556,1487796976963
7,15,2,0.3,1,2,1,806.5221,1487796980626,-1,-1,805.9554,1487796980061
7,16,2,0.3,1,2,3,809.589,1487796983693,-1,-1,809.0223,1487796983129
7,17,2,0.3,1,0,2,812.6559,1487796986759,-1,-1,812.0897,1487796986196
7,18,2,0.3,1,2,1,815.6893,1487796989793,-1,-1,815.1561,1487796989263
7,19,2,0.3,1,0,0,818.7233,1487796992827,-1,-1,818.1896,1487796992297
7,20,2,0.3,1,2,0,821.8229,1487796995927,-1,-1,821.2562,1487796995363
7,21,2,0.3,1,0,2,824.8898,1487796998994,-1,-1,824.3231,1487796998429
7,22,2,0.3,1,0,1,827.9567,1487797002060,-1,-1,827.39,1487797001497
7,1,2,0.3,1,3,1,832.4904,1487797006594,-1,-1,831.9237,1487797006028
7,2,2,0.3,1,3,3,835.5238,1487797009627,-1,-1,834.9906,1487797009098
7,3,2,0.3,1,0,2,838.5907,1487797012694,-1,-1,838.0243,1487797012131
7,4,2,0.3,1,2,2,841.6241,1487797015728,-1,-1,841.0914,1487797015197
7,5,2,0.3,1,1,2,844.7245,1487797018828,846.6244,1487797020728,844.1576,1487797018264
7,6,2,0.3,1,1,2,847.7911,1487797021895,848.5245,1487797022628,847.2577,1487797021364
7,7,2,0.3,1,1,2,850.8912,1487797024995,853.0248,1487797027129,850.3246,1487797024432
7,8,2,0.3,1,2,0,853.9581,1487797028061,-1,-1,853.3915,1487797027498
7,9,2,0.3,1,0,1,857.0582,1487797031149,-1,-1,856.4916,1487797030588
7,10,2,0.3,1,2,2,860.0919,1487797034171,-1,-1,859.5585,1487797033643
7,11,2,0.3,1,2,2,863.1918,1487797037269,-1,-1,862.6251,1487797036704
7,12,2,0.3,1,0,3,866.2589,1487797040336,-1,-1,865.6923,1487797039774
7,13,2,0.3,1,0,1,869.359,1487797043436,-1,-1,868.7928,1487797042872
7,14,2,0.3,1,1,3,872.4264,1487797046503,874.6259,1487797048703,871.8925,1487797045972
7,15,2,0.3,1,1,1,875.4596,1487797049536,876.7592,1487797050836,874.9591,1487797049038
7,16,2,0.3,1,0,0,878.5262,1487797052603,-1,-1,877.9928,1487797052072
7,17,2,0.3,1,2,0,881.6263,1487797055703,-1,-1,881.0597,1487797055140
7,18,2,0.3,1,0,3,884.6605,1487797058737,-1,-1,884.1266,1487797058206
7,19,2,0.3,1,0,1,887.7267,1487797061803,-1,-1,887.1932,1487797061273
7,20,2,0.3,1,1,3,890.7601,1487797064837,892.2936,1487797066371,890.2272,1487797064306
7,21,2,0.3,1,2,3,893.827,1487797067904,-1,-1,893.2604,1487797067340
7,22,2,0.3,1,0,2,896.8939,1487797070971,-1,-1,896.3605,1487797070441
7,1,2,0.3,1,3,3,902.0609,1487797076138,-1,-1,901.494,1487797075572
7,2,2,0.3,1,3,1,905.1276,1487797079204,-1,-1,904.5612,1487797078641
7,3,2,0.3,1,0,0,908.1613,1487797082238,-1,-1,907.6283,1487797081707
7,4,2,0.3,1,0,2,911.2281,1487797085305,-1,-1,910.6615,1487797084741
7,5,2,0.3,1,2,2,914.3282,1487797088405,-1,-1,913.7618,1487797087841
7,6,2,0.3,1,1,2,917.4283,1487797091505,919.6285,1487797093706,916.8617,1487797090942
7,7,2,0.3,1,0,3,920.4952,1487797094572,-1,-1,919.9286,1487797094008
7,8,2,0.3,1,1,2,923.5621,1487797097639,925.7621,1487797099839,922.9955,1487797097075
7,9,2,0.3,1,1,3,926.6622,1487797100739,927.829,1487797101906,926.0956,1487797100176
7,10,2,0.3,1,2,3,929.7623,1487797103839,-1,-1,929.1962,1487797103275
7,11,2,0.3,1,2,2,932.8292,1487797106906,-1,-1,932.2626,1487797106343
7,12,2,0.3,1,2,2,935.8961,1487797109973,-1,-1,935.3295,1487797109409
7,13,2,0.3,1,0,0,938.9635,1487797113040,-1,-1,938.4301,1487797112509
7,14,2,0.3,1,1,2,942.0297,1487797116107,943.097,1487797117174,941.4965,1487797115576
7,15,2,0.3,1,1,0,945.0966,1487797119173,947.0634,1487797121140,944.5299,1487797118609
7,16,2,0.3,1,1,2,948.1302,1487797122207,948.9967,1487797123074,947.5968,1487797121678
7,17,2,0.3,1,0,3,951.2303,1487797125307,-1,-1,950.6635,1487797124744
7,18,2,0.3,1,0,1,954.3304,1487797128407,-1,-1,953.7638,1487797127843
7,19,2,0.3,1,2,2,957.3973,1487797131474,-1,-1,956.8639,1487797130944
7,20,2,0.3,1,2,3,960.4642,1487797134541,-1,-1,959.8976,1487797133978
7,21,2,0.3,1,0,0,963.5309,1487797137608,-1,-1,962.9977,1487797137078
7,22,2,0.3,1,0,1,966.5978,1487797140675,-1,-1,966.0311,1487797140109
7,1,2,0.3,1,3,0,970.9647,1487797145041,-1,-1,970.3978,1487797144476
7,2,2,0.3,1,3,1,974.0316,1487797148108,-1,-1,973.4982,1487797147578
7,3,2,0.3,1,0,2,977.1317,1487797151209,-1,-1,976.5651,1487797150646
7,4,2,0.3,1,2,2,980.1986,1487797154275,-1,-1,979.6324,1487797153712
7,5,2,0.3,1,2,1,983.2987,1487797157376,-1,-1,982.7323,1487797156812
7,6,2,0.3,1,2,1,986.3324,1487797160410,-1,-1,985.799,1487797159879
7,7,2,0.3,1,0,3,989.3998,1487797163477,-1,-1,988.8658,1487797162945
7,8,2,0.3,1,1,1,992.4994,1487797166576,993.7994,1487797167876,991.9325,1487797166013
7,9,2,0.3,1,1,3,995.5995,1487797169676,996.3663,1487797170443,995.0326,1487797169112
7,10,2,0.3,1,0,2,998.6661,1487797172743,-1,-1,998.0997,1487797172179
7,11,2,0.3,1,1,3,1001.733,1487797175810,1003.633,1487797177710,1001.166,1487797175246
7,12,2,0.3,1,2,3,1004.767,1487797178844,-1,-1,1004.233,1487797178313
7,13,2,0.3,1,2,2,1007.834,1487797181911,-1,-1,1007.3,1487797181379
7,14,2,0.3,1,0,0,1010.934,1487797185010,-1,-1,1010.367,1487797184448
7,15,2,0.3,1,1,2,1014,1487797188077,1015.234,1487797189311,1013.467,1487797187547
7,16,2,0.3,1,0,1,1017.034,1487797191111,-1,-1,1016.501,1487797190582
7,17,2,0.3,1,2,1,1020.101,1487797194178,-1,-1,1019.535,1487797193615
7,18,2,0.3,1,0,0,1023.134,1487797197211,-1,-1,1022.601,1487797196681
7,19,2,0.3,1,0,2,1026.168,1487797200245,-1,-1,1025.668,1487797199748
7,20,2,0.3,1,1,0,1029.235,1487797203311,1030.702,1487797204779,1028.701,1487797202781
7,21,2,0.3,1,1,2,1032.335,1487797206412,1033.502,1487797207579,1031.768,1487797205848
7,22,2,0.3,1,0,3,1035.402,1487797209478,-1,-1,1034.868,1487797208948
7,1,2,0.3,1,3,1,1040.835,1487797214912,-1,-1,1040.268,1487797214346
7,2,2,0.3,1,3,0,1043.902,1487797217979,-1,-1,1043.336,1487797217415
7,3,2,0.3,1,0,3,1046.936,1487797221013,-1,-1,1046.403,1487797220483
7,4,2,0.3,1,2,3,1050.003,1487797224079,-1,-1,1049.469,1487797223548
7,5,2,0.3,1,2,0,1053.069,1487797227146,-1,-1,1052.536,1487797226616
7,6,2,0.3,1,1,3,1056.136,1487797230213,1056.87,1487797230947,1055.603,1487797229683
7,7,2,0.3,1,1,0,1059.236,1487797233313,1060.97,1487797235047,1058.67,1487797232749
7,8,2,0.3,1,1,3,1062.303,1487797236380,1064.037,1487797238114,1061.736,1487797235817
7,9,2,0.3,1,1,0,1065.371,1487797239448,1066.47,1487797240547,1064.837,1487797238916
7,10,2,0.3,1,1,3,1068.47,1487797242547,1069.204,1487797243281,1067.904,1487797241983
7,11,2,0.3,1,0,2,1071.504,1487797245580,-1,-1,1070.97,1487797245051
7,12,2,0.3,1,2,2,1074.572,1487797248649,-1,-1,1074.037,1487797248117
7,13,2,0.3,1,0,0,1077.671,1487797251747,-1,-1,1077.104,1487797251183
7,14,2,0.3,1,0,1,1080.771,1487797254848,-1,-1,1080.204,1487797254284
7,15,2,0.3,1,2,2,1083.871,1487797257948,-1,-1,1083.305,1487797257384
7,16,2,0.3,1,0,3,1086.971,1487797261048,-1,-1,1086.405,1487797260485
7,17,2,0.3,1,2,1,1090.071,1487797264148,-1,-1,1089.505,1487797263584
7,18,2,0.3,1,1,3,1093.138,1487797267215,1094.439,1487797268516,1092.605,1487797266684
7,19,2,0.3,1,0,0,1096.239,1487797270315,-1,-1,1095.672,1487797269752
7,20,2,0.3,1,2,1,1099.339,1487797273415,-1,-1,1098.773,1487797272853
7,21,2,0.3,1,0,2,1102.372,1487797276449,-1,-1,1101.839,1487797275919
7,22,2,0.3,1,0,3,1105.472,1487797279549,-1,-1,1104.906,1487797278985
7,1,2,0.3,1,3,1,1109.906,1487797283983,-1,-1,1109.373,1487797283450
7,2,2,0.3,1,3,0,1113.006,1487797287083,-1,-1,1112.44,1487797286519
7,3,2,0.3,1,1,1,1116.04,1487797290116,1117.306,1487797291383,1115.506,1487797289587
7,4,2,0.3,1,0,3,1119.14,1487797293217,-1,-1,1118.573,1487797292654
7,5,2,0.3,1,2,0,1122.206,1487797296283,-1,-1,1121.64,1487797295720
7,6,2,0.3,1,0,2,1125.273,1487797299350,-1,-1,1124.707,1487797298786
7,7,2,0.3,1,2,2,1128.34,1487797302417,-1,-1,1127.774,1487797301853
7,8,2,0.3,1,1,2,1131.374,1487797305450,1132.474,1487797306551,1130.84,1487797304921
7,9,2,0.3,1,1,2,1134.407,1487797308484,1135.507,1487797309584,1133.874,1487797307953
7,10,2,0.3,1,2,1,1137.507,1487797311584,-1,-1,1136.941,1487797311021
7,11,2,0.3,1,0,0,1140.542,1487797314618,-1,-1,1140.041,1487797314120
7,12,2,0.3,1,0,3,1143.642,1487797317718,-1,-1,1143.074,1487797317154
7,13,2,0.3,1,1,0,1146.742,1487797320818,1148.308,1487797322385,1146.174,1487797320254
7,14,2,0.3,1,0,2,1149.841,1487797323918,-1,-1,1149.275,1487797323355
7,15,2,0.3,1,1,0,1152.908,1487797326985,1154.342,1487797328419,1152.342,1487797326421
7,16,2,0.3,1,2,0,1155.975,1487797330052,-1,-1,1155.409,1487797329489
7,17,2,0.3,1,2,2,1159.009,1487797333085,-1,-1,1158.475,1487797332554
7,18,2,0.3,1,0,1,1162.076,1487797336152,-1,-1,1161.547,1487797335627
7,19,2,0.3,1,0,3,1165.142,1487797339219,-1,-1,1164.609,1487797338690
7,20,2,0.3,1,2,3,1168.176,1487797342253,-1,-1,1167.643,1487797341723
7,21,2,0.3,1,1,3,1171.21,1487797345286,1172.11,1487797346187,1170.676,1487797344755
7,22,2,0.3,1,0,2,1174.276,1487797348354,-1,-1,1173.743,1487797347822
7,1,2,0.3,1,3,2,1179.043,1487797353120,-1,-1,1178.476,1487797352555
7,2,2,0.3,1,3,0,1182.077,1487797356154,-1,-1,1181.545,1487797355625
7,3,2,0.3,0,2,0,1185.11,1487797359187,1187.377,1487797361454,1184.577,1487797358657
7,4,2,0.3,1,2,3,1188.21,1487797362287,-1,-1,1187.644,1487797361724
7,5,2,0.3,1,0,2,1191.277,1487797365354,-1,-1,1190.711,1487797364790
7,6,2,0.3,1,0,1,1194.377,1487797368454,-1,-1,1193.811,1487797367891
7,7,2,0.3,1,0,0,1197.444,1487797371521,-1,-1,1196.878,1487797370959
7,8,2,0.3,1,2,0,1200.512,1487797374588,-1,-1,1199.978,1487797374057
7,9,2,0.3,1,0,3,1203.578,1487797377655,-1,-1,1203.044,1487797377123
7,10,2,0.3,1,2,3,1206.646,1487797380723,-1,-1,1206.111,1487797380191
7,11,2,0.3,1,1,3,1209.712,1487797383788,1211.411,1487797385489,1209.178,1487797383258
7,12,2,0.3,0,1,3,1212.812,1487797386888,-1,-1,1212.245,1487797386324
7,13,2,0.3,1,1,3,1215.846,1487797389922,1216.812,1487797390889,1215.312,1487797389392
7,14,2,0.3,1,0,2,1218.912,1487797392989,-1,-1,1218.379,1487797392458
7,15,2,0.3,1,0,0,1221.945,1487797396022,-1,-1,1221.412,1487797395491
7,16,2,0.3,1,1,2,1225.012,1487797399089,1226.546,1487797400623,1224.446,1487797398526
7,17,2,0.3,1,2,2,1228.047,1487797402123,-1,-1,1227.513,1487797401593
7,18,2,0.3,1,0,3,1231.113,1487797405190,-1,-1,1230.579,1487797404659
7,19,2,0.3,1,1,2,1234.213,1487797408290,1235.447,1487797409524,1233.646,1487797407726
7,20,2,0.3,1,0,0,1237.246,1487797411324,-1,-1,1236.713,1487797410793
7,21,2,0.3,1,2,0,1240.313,1487797414390,-1,-1,1239.78,1487797413859
7,22,2,0.3,1,1,0,1243.347,1487797417423,1244.447,1487797418524,1242.814,1487797416894
