%Recollect Version 2.0. Scene/Level: span2_intro, Game Number: 084
%Note: All true/false values are represented as "1" and "0" respectively.
%Damage:1,Player X Position,Player Y Position,Hearts Left,Time (Relative),Time (Absolute)
%SpanCollectionOrder:6,Time (R),Time (A),Is Reversed. (Arrangement order is from bottom left to top right)
%SpanArrangementOrder:7,[Array of Span Types] (Order is from bottom left to top right). 
%SpanPlayerInput:8,beginTime,endTime,[Array of Positions in Arrangment Pressed, followed by time]
6,0.00000,1478634897998.46,0,2,6,7,1
7,3,7,7,2,6,1
6,13.18237,1478634911146.41,1,1,6,0,7
7,0,1,5,7,6,6
8,5.68237,13.18237,3,8.11731,4,8.48438,1,8.81738,5,9.01746
6,25.32239,1478634923313.16,1,2,5,1,0
7,5,0,3,2,1,6
8,17.84241,25.32239,1,19.21790,4,19.45129,0,19.68457,3,20.38464
6,37.90234,1478634935880.94,1,4,0,3,1,6
7,3,0,6,1,5,4,7
8,30.40234,37.90234,3,32.88538,0,33.21875,4,33.38623,1,33.58557
6,49.78235,1478634947747.5,0,5,3,6,7,1
7,1,6,5,6,4,7,3
8,42.28235,49.78235,5,44.08594,1,44.45276,0,44.81995,4,45.91943,2,46.31958,3,46.75305,2,46.95337
6,62.04236,1478634960015.62,1,1,0,3,7
7,5,7,1,0,6,3
8,54.56238,62.04236,2,56.58667,6,57.15332,5,57.58667,1,57.85327,5,58.85364,0,59.12000
6,74.48230,1478634972449.85,0,5,0,7,4
7,6,7,4,0,5,7
8,66.98230,74.48230,2,69.05432,3,69.82080,5,70.35413,1,70.62085
6,86.60242,1478634984583.38,1,1,6,5,7
7,6,5,7,1,6,0
8,79.10242,86.60242,4,80.32166,3,81.78809,1,82.15527,2,82.45471
6,98.76233,1478634996750.76,0,1,2,3,5,0
7,5,1,0,7,2,6,3
8,91.26233,98.76233,3,93.78882,0,94.08960,1,94.28882,2,94.48889
6,111.34240,1478635009318.14,1,5,1,4,2,0
7,7,4,5,7,1,0,2
8,103.84240,111.34240,1,105.32340,6,106.75610,4,107.35680,6,107.78960,0,108.38960,2,108.68950
6,123.20240,1478635021185.46,1,4,6,5,3,1
7,6,1,3,2,5,6,4
8,115.72240,123.20240,2,117.75670,4,118.19020,1,118.49010,6,118.99020,5,119.22350
6,135.48230,1478635033453.15,0,3,6,0,7,2
7,2,6,3,0,5,7,6
8,128.00230,135.48230,6,130.45740,5,130.72440,4,131.35770,2,131.99100,1,132.35770
8,140.42240,147.90230,2,142.39200,1,142.69200,3,143.09180,5,143.42480,0,143.65830
