%Recollect Version 2.0. Scene/Level: span1_advan, Game Number: 123
%Note: All true/false values are represented as "1" and "0" respectively.
%Damage:1,Player X Position,Player Y Position,Hearts Left,Time (Relative),Time (Absolute)
%SpanCollectionOrder:6,Time (R),Time (A),Is Reversed. (Arrangement order is from bottom left to top right)
%SpanArrangementOrder:7,[Array of Span Types] (Order is from bottom left to top right). 
%SpanPlayerInput:8,beginTime,endTime,[Array of Positions in Arrangment Pressed, followed by time]
6,0.00000,1479325427454.86,0,3,4,1,2
7,7,2,3,1,4,5
6,13.18542,1479325440597.8,0,3,1,0,5
7,5,7,1,4,0,3
8,5.68543,13.18542,2,8.10034,4,8.46698,3,8.76715,1,9.00043
1,104.80760,6.49071,2,24.68542,1479325452096.7
6,25.32544,1479325452733.74,0,5,1,3,2
7,7,3,2,4,5,1
8,17.84546,25.32544,5,20.16779,2,20.43439,4,20.93463,0,21.10101
6,37.90546,1479325465331.08,1,0,1,5,4,3
7,4,5,0,6,1,2,3
8,30.40546,37.90546,4,31.80182,5,32.70184,1,33.10168,2,33.33521
6,49.78540,1479325477199.04,1,5,3,2,1,0
7,5,7,3,2,1,4,0
8,42.28540,49.78540,2,44.53589,4,44.86932,1,45.10352,0,45.46924,6,45.73584
1,226.94890,11.23935,1,55.20544,1479325482629.67
6,62.04541,1479325489466.77,1,1,4,3,2,0
7,2,0,6,3,4,1,5
8,54.56543,62.04541,0,56.60315,2,56.93658,3,57.46973,4,57.76978,6,58.20325
6,74.48541,1479325501899.84,0,4,5,2,0,1,3
7,0,2,4,3,5,1,7,3
8,66.98541,74.48541,5,68.70422,4,69.00372,3,69.70404,0,70.00378,1,70.17188
6,86.60541,1479325514034.18,0,0,1,5,3,2,4
7,6,5,4,1,2,3,3,0
8,79.10541,86.60541,2,81.13782,4,81.50458,0,82.20453,1,82.57123,0,82.80457,5,83.13800,7,83.50458
6,98.76544,1479325526171.75,0,5,1,3,0,2
7,5,0,7,4,2,3,1
8,91.26544,98.76544,3,94.13867,7,94.90582,3,95.20532,1,96.27197,5,96.47223,4,96.70544,2,96.97211
6,111.34540,1479325538769.01,1,5,4,3,0,1
7,2,4,3,7,0,1,5
8,103.84540,111.34540,0,105.27260,6,106.23940,5,107.40610,1,107.93980,4,108.14080
1,479.73660,12.35726,0,118.42540,1479325545834.08
