%Recollect Version 2.0. Scene/Level: multi2_advan, Game Number: 170
%Note: All true/false values are represented as "1" and "0" respectively.
%Damage:1,Player X Position,Player Y Position,Hearts Left,Time (Relative),Time (Absolute)
%MultiObjectBugListChanged:5,[Array of Bug Types]
%BugPositions:3,Time (Relative),Time (Absolute),(For Each Bug:)Bug Color,Bug Position X,Bug Position Y
%MultiObjectTask:4,Matched Correctly,Was Collected,Flower Type,Reveal Time (R),Reveal Time (A),Pollenation Time (R) (-1.0 = unpollenated),Pollenation Time (A) (-1.0 = unpollenated),Death Time (R),Death Time (A)
%Possible values for "Flower Types":Blue=0,Yellow=1,Green=2,Pink=3,White=4,Gray=5,Brown=6,Purple=7,
5,6,1,5,2
3,0,1479927158548.99,6,0.02499998,0.7,1,0.325,0.7666667,5,0.575,0.6333334,2,0.975,0.6333334
3,1.016602,1479927159494.03,6,0.1136874,0.6093754,1,0.3639289,0.6550902,5,0.5426443,0.76876,2,0.8213857,0.7893082
3,2.016724,1479927160496.8,6,0.123315,0.628769,1,0.3690543,0.5854787,5,0.5375646,0.6806461,2,0.6681006,0.7791885
3,3.016846,1479927161496.38,6,0.08910918,0.7407971,1,0.3050011,0.6629203,5,0.4822906,0.7313194,2,0.627913,0.7783
3,4.016968,1479927162497.02,6,0.1484477,0.6989766,1,0.6122525,0.3072584,5,0.4250019,0.7640696,2,0.6832989,0.7134191
3,5.050293,1479927163530.33,6,0.2037619,0.7260063,1,0.4862033,0.3409292,5,0.3640695,0.6771586,2,0.7377211,0.6157082
4,1,1,1,2.10425,3.76428,1479927162259.09,5.50427,1479927163993.96
3,6.050293,1479927164530.19,6,0.2883264,0.5768421,1,0.3068465,0.3174508,5,0.5016867,0.5899495,2,0.6526936,0.6089237
3,7.050415,1479927165530.24,6,0.3292283,0.6196052,1,0.3315386,0.4114453,5,0.5337582,0.5684359,2,0.7824445,0.6519706
3,8.050415,1479927166530.4,6,0.2109219,0.6748298,1,0.3643866,0.5191106,5,0.6568775,0.6740832,2,0.817137,0.763324
3,9.050537,1479927167530.43,6,0.07467043,0.7743998,1,0.4855318,0.653299,5,0.7090623,0.6423586,2,0.8438659,0.7403221
3,10.05054,1479927168530.27,6,0.1487734,0.6353546,1,0.6066771,0.5852448,5,0.6705458,0.3697937,2,0.9408355,0.7319909
3,11.05066,1479927169530.24,6,0.2262771,0.6731351,1,0.5447927,0.6771492,5,0.479713,0.3623402,2,0.8804431,0.7566586
4,1,1,5,8.10425,9.52429,1479927168025.63,11.50427,1479927169994.09
3,12.05066,1479927170531.01,6,0.07977653,0.716768,1,0.5070052,0.7583832,5,0.3945553,0.4230455,2,0.8025658,0.70522
3,13.0509,1479927171530.74,6,0.1041381,0.6028071,1,0.5834713,0.699824,5,0.502224,0.5322747,2,0.7289143,0.7474501
3,14.08411,1479927172562.27,6,0.08734536,0.6660726,1,0.4670982,0.7791846,5,0.3802474,0.5779099,2,0.7890816,0.6410911
3,15.11755,1479927173597.79,6,0.06714487,0.7636684,1,0.3805757,0.7852079,5,0.3921905,0.5772139,2,0.7971542,0.6076961
3,16.15076,1479927174630.75,6,0.1928959,0.4883382,1,0.3391354,0.7797943,5,0.3027864,0.5844806,2,0.7271912,0.7053111
3,17.151,1479927175631.47,6,0.4311178,0.342272,1,0.3043301,0.7641408,5,0.2981522,0.5645439,2,0.8062053,0.7619867
4,1,1,6,14.10425,16.38428,1479927174892.74,17.50427,1479927175993.16
5,6,1,5,2,0
3,18.151,1479927176630.67,6,0.1750743,0.2907831,1,0.1258638,0.7070819,5,0.3746543,0.6791056,2,0.8865237,0.7331011,0,0.05298424,0.4907527
3,19.15112,1479927177631.17,6,0.2784538,0.5184234,1,0.1180751,0.7785344,5,0.4076304,0.727424,2,0.936729,0.6953449,0,0.0961678,0.5772071
3,20.15137,1479927178631.74,6,0.2737594,0.5392362,1,0.09519386,0.752221,5,0.3786235,0.7021099,2,0.866281,0.7803586,0,0.1059761,0.5530993
3,21.18469,1479927179665.16,6,0.2720084,0.5805917,1,0.08778524,0.7699663,5,0.2715397,0.7805354,2,0.7897515,0.6715102,0,0.0560174,0.5755296
3,22.2179,1479927180696.73,6,0.269083,0.5727912,1,0.08961105,0.729924,5,0.2538004,0.7713473,2,0.8059287,0.569917,0,0.6153903,0.2375683
3,23.21802,1479927181696.46,6,0.2841578,0.5715586,1,0.13591,0.597602,5,0.2612805,0.7813064,2,0.8618369,0.6802858,0,0.4535928,0.3232004
4,1,1,0,20.10425,22.14429,1479927180628.09,23.48425,1479927181961.41
3,24.21802,1479927182696.4,6,0.3213377,0.5730069,1,0.1315069,0.569391,5,0.3243985,0.7725558,2,0.7858424,0.7200473,0,0.1657734,0.2683091
3,25.21802,1479927183696.59,6,0.3204536,0.5680262,1,0.06869173,0.6504437,5,0.3221602,0.7854049,2,0.704227,0.5950587,0,0.104331,0.404449
3,26.21814,1479927184696.53,6,0.3878374,0.6062163,1,0.120616,0.6747494,5,0.2471757,0.7814394,2,0.7531962,0.7017791,0,0.04338646,0.5037982
3,27.21826,1479927185697.16,6,0.5283136,0.7184892,1,0.06548595,0.7760662,5,0.3362207,0.6673017,2,0.8012252,0.7203122,0,0.1125746,0.5859579
3,28.25159,1479927186731.72,6,0.6744094,0.6107072,1,0.101831,0.768737,5,0.3475647,0.5926019,2,0.6400619,0.3442913,0,0.1279435,0.5639991
3,29.25183,1479927187731.77,6,0.8226757,0.6172403,1,0.1271257,0.7761287,5,0.2696905,0.6791669,2,0.449214,0.3643688,0,0.151628,0.5563809
4,1,1,2,26.10425,27.46423,1479927185959.99,29.52429,1479927188027.39
1,125.18610,1.17756,0,29.78430,1479927188262.78
3,30.28516,1479927188762.88,6,0.9093103,0.745167,1,0.1110959,0.6782227,5,0.2730641,0.7692197,2,0.40131,0.4679349,0,0.2601609,0.5642924
3,31.31848,1479927189796.28,6,0.7802849,0.6092448,1,0.05299234,0.7077023,5,0.3299155,0.7161371,2,0.4491601,0.5638693,0,0.1878095,0.6068723
