%Recollect Version 2.0. Scene/Level: nback2_inter, Game Number: 078
%Note: All true/false values are represented as "1" and "0" respectively.
%Damage:1,Player X Position,Player Y Position,Hearts Left,Time (Relative),Time (Absolute)
%NBackObject:0,Current N Level,Is Correct,Should Be Picked Up,Type,Time of Reveal (R),Time of Reveal (A),Time of Death (R),Time of Death (A)
%Possible values for "Type":Blue=0,Yellow=1,Green=2,Pink=3,White=4,Gray=5,Brown=6,Purple=7,None=8,
0,3,1,0,2,0.07220,1479148800594.52,1.39996,1479148801909.51
0,3,1,0,6,1.33331,1479148801842.61,3.86682,1479148804375.66
0,3,1,0,1,3.76679,1479148804275.97,6.30029,1479148806811.15
0,3,0,0,6,6.13373,1479148806643.64,7.70862,1479148808244.52
0,3,1,0,7,8.63373,1479148809143.46,11.20105,1479148811710.83
0,3,1,0,3,11.10077,1479148811611.86,13.63403,1479148814144.02
0,3,1,0,4,13.53400,1479148814044.24,16.10083,1479148816610.03
1,73.97045,5.16133,2,16.96857,1479148817510.03
0,3,1,0,5,15.96759,1479148816476.25,18.50098,1479148819010.79
0,2,0,1,3,18.43427,1479148818944.14,20.96826,1479148821482.08
0,2,1,0,7,23.33502,1479148825877.23,25.86853,1479148828410.14
1,110.68330,7.50728,1,26.14856,1479148828709.64
0,2,1,0,4,25.86853,1479148828413.39,28.40204,1479148830944.02
0,2,0,1,7,28.33545,1479148830877.76,30.86884,1479148833411.92
0,2,1,1,4,30.76886,1479148833311.05,32.74860,1479148835310.64
0,2,1,0,6,33.13580,1479148835679.01,35.66913,1479148838211.65
0,2,1,1,4,35.60553,1479148838147.31,37.20862,1479148839777.49
0,2,1,0,1,38.10254,1479148840643.97,40.63605,1479148843178.13
0,2,1,0,3,40.53607,1479148843078.69,43.06982,1479148845611.76
0,2,1,0,7,42.96954,1479148845511.89,45.50311,1479148848044.77
1,190.60510,4.41444,0,46.12860,1479148848682.14
