%Recollect Version 2.0. Scene/Level: multi1_intro, Game Number: 019
%Note: All true/false values are represented as "1" and "0" respectively.
%Damage:1,Player X Position,Player Y Position,Hearts Left,Time (Relative),Time (Absolute)
%MultiObjectBugListChanged:5,[Array of Bug Types]
%BugPositions:3,Time (Relative),Time (Absolute),(For Each Bug:)Bug Color,Bug Position X,Bug Position Y
%MultiObjectTask:4,Matched Correctly,Was Collected,Flower Type,Reveal Time (R),Reveal Time (A),Pollenation Time (R) (-1.0 = unpollenated),Pollenation Time (A) (-1.0 = unpollenated),Death Time (R),Death Time (A)
%Possible values for "Flower Types":Red=0,Green=1,Blue=2,Yellow=3,White=4,Magenta=5,
5,2,3,4
3,0,1477697207207.01,2,0.1666666,0.6333334,3,0.4,0.5666667,4,0.8333333,0.7
3,1.033203,1477697208170.79,2,0.1783656,0.6345756,3,0.3847408,0.5829218,4,0.8664411,0.7263095
3,2.033325,1477697209171.04,2,0.08744466,0.6314612,3,0.491511,0.6527766,4,0.8706204,0.5946866
3,3.033386,1477697210171.26,2,0.1419973,0.7776071,3,0.5982797,0.5890006,4,0.8183782,0.6401353
3,4.033447,1477697211171.15,2,0.1810487,0.6747908,3,0.7050483,0.582956,4,0.8667127,0.7404107
3,5.033508,1477697212171.17,2,0.1035484,0.7595407,3,0.4350947,0.402866,4,0.6784526,0.347794
4,1,1,3,2.09906,4.27905,1477697211437.13,5.49908,1477697212637.83
3,6.033569,1477697213171.44,2,0.1283458,0.6963589,3,0.1705973,0.2944814,4,0.7882382,0.4393534
3,7.03363,1477697214171.16,2,0.1746566,0.6262848,3,0.08598661,0.452758,4,0.9242517,0.5587609
3,8.033691,1477697215171.57,2,0.3656964,0.6329216,3,0.1042134,0.5902363,4,0.8598874,0.5811228
3,9.033752,1477697216171.29,2,0.3580499,0.7773492,3,0.23789,0.5843843,4,0.7532816,0.5931867
3,10.03381,1477697217171.49,2,0.2604647,0.7780471,3,0.259547,0.576295,4,0.6713505,0.4241895
3,11.03387,1477697218171.39,2,0.2036593,0.7366543,3,0.3050125,0.588641,4,0.494236,0.4326293
4,1,1,4,8.09906,9.25903,1477697216404.63,11.47906,1477697218637.72
3,12.03394,1477697219171.92,2,0.136883,0.597475,3,0.3703468,0.6704035,4,0.4583454,0.4866877
3,13.06732,1477697220205.73,2,0.2009788,0.6623564,3,0.439466,0.7614025,4,0.5652857,0.6535419
3,14.06738,1477697221205.68,2,0.200974,0.7852119,3,0.3912754,0.7646871,4,0.5277367,0.6500979
3,15.06744,1477697222206.01,2,0.1213,0.6598557,3,0.3045325,0.7217557,4,0.4561439,0.5736106
3,16.0675,1477697223205.93,2,0.7074378,0.2699513,3,0.1519356,0.6233656,4,0.5810943,0.6587769
3,17.0675,1477697224205.77,2,0.484241,0.3555407,3,0.3394661,0.6159752,4,0.506124,0.7439432
4,1,1,2,14.07904,15.93909,1477697223104.44,17.43909,1477697224604.79
5,2,3,4,1
3,18.06763,1477697225205.96,2,0.2090709,0.5727621,3,0.4332495,0.7014847,4,0.6104879,0.7220637,1,0.05381346,0.5144203
3,19.06769,1477697226205.76,2,0.267004,0.5722146,3,0.5414915,0.7747564,4,0.8240156,0.618529,1,0.1064155,0.5955918
3,20.06769,1477697227206.31,2,0.4079914,0.7599204,3,0.6497335,0.6556726,4,0.9050207,0.7623273,1,0.2516413,0.6732304
3,21.06775,1477697228205.94,2,0.2839179,0.6455152,3,0.6865835,0.5902067,4,0.7788439,0.7503077,1,0.1238246,0.750869
3,22.06781,1477697229206.14,2,0.2669907,0.6115898,3,0.5508394,0.6484473,4,0.6903458,0.3981843,1,0.1007977,0.7026427
3,23.06787,1477697230206.26,2,0.3535089,0.5877293,3,0.4353518,0.7736636,4,0.4883347,0.3505701,1,0.1668386,0.6043087
5,2,3,1
4,0,1,3,20.11908,21.67908,1477697228838.11,23.51904,1477697230679.02
3,24.06818,1477697231206.5,2,0.4168921,0.5821807,3,0.3948464,0.7801976,1,0.06849575,0.7695265
3,25.10132,1477697232239.4,2,0.4469829,0.5668777,3,0.4225311,0.7737557,1,0.1786833,0.7302298
3,26.10138,1477697233239.6,2,0.6230659,0.6838401,3,0.3449078,0.7368675,1,0.2099228,0.638753
3,27.1015,1477697234240.03,2,0.7245407,0.742136,3,0.2610016,0.6686656,1,0.1188941,0.5627039
3,28.13483,1477697235272.45,2,0.5469418,0.7083487,3,0.604424,0.3822728,1,0.08965826,0.7459698
3,29.13489,1477697236272.4,2,0.6170263,0.752985,3,0.4727049,0.3891276,1,0.0663166,0.7024814
5,2,1
3,30.13495,1477697237272.55,2,0.641561,0.6464881,1,0.138938,0.5888225
4,0,1,2,26.09906,27.77905,1477697234938.4,30.49908,1477697237639.4
3,31.13501,1477697238273.14,2,0.6162734,0.6040744,1,0.1094933,0.6806817
3,32.13507,1477697239272.68,2,0.7684035,0.7772822,1,0.07350063,0.6302039
3,33.13513,1477697240272.57,2,0.9205337,0.7134317,1,0.1407104,0.6687896
3,34.13556,1477697241273.57,2,0.8721328,0.6356057,1,0.1092467,0.7347708
3,35.16858,1477697242306.96,2,0.7696581,0.7712924,1,0.5599365,0.3298733
4,1,1,1,32.11908,34.73907,1477697241905.37,35.47906,1477697242639.46
3,36.16858,1477697243306.8,2,0.6907167,0.7415196,1,0.1824083,0.3818201
3,37.16864,1477697244306.52,2,0.6610994,0.623779,1,0.1836944,0.5868633
3,38.20203,1477697245340.01,2,0.7381039,0.6085931,1,0.1208405,0.6105912
3,39.20215,1477697246340.5,2,0.6877546,0.6894901,1,0.06438828,0.5767557
3,40.20215,1477697247340.31,2,0.6298132,0.4624643,1,0.1218071,0.7015885
3,41.20221,1477697248339.94,2,0.4537354,0.3900726,1,0.0550499,0.7543309
4,1,1,2,38.07904,39.73907,1477697246905.99,41.95905,1477697249106.41
3,42.20227,1477697249340.86,2,0.3422718,0.4463613,1,0.06945515,0.6671333
3,43.20233,1477697250340.15,2,0.3422928,0.5647648,1,0.1548166,0.6895912
3,44.20239,1477697251340.28,2,0.3422928,0.6304231,1,0.06371403,0.7561371
3,45.23572,1477697252373.42,2,0.3422928,0.6323785,1,0.151042,0.5645362
3,46.23584,1477697253373.33,2,0.2635775,0.7246008,1,0.588582,0.4573346
3,47.23621,1477697254373.57,2,0.1437197,0.5648094,1,0.4543495,0.4889375
4,1,1,1,44.11908,45.67908,1477697252839.39,47.45905,1477697254606.72
5,2,1,5
3,48.26929,1477697255407.36,2,0.1283684,0.6239023,1,0.3290119,0.5141532,5,0.04982662,0.4446809
3,49.30267,1477697256440.75,2,0.2607174,0.7199569,1,0.3866282,0.6119117,5,0.05683327,0.55426
3,50.30273,1477697257440.84,2,0.2547092,0.7297551,1,0.5240936,0.6981593,5,0.06371117,0.5923782
3,51.3028,1477697258440.92,2,0.3469868,0.6970126,1,0.5803223,0.7684073,5,0.1306973,0.6946724
3,52.33618,1477697259473.5,2,0.4215765,0.6633962,1,0.5873384,0.5242521,5,0.1990242,0.6026076
3,53.33636,1477697260474.31,2,0.3817997,0.6116555,1,0.4214249,0.3991654,5,0.2325191,0.5663804
5,2,5
3,54.36963,1477697261507.32,2,0.2761908,0.7826124,5,0.1302824,0.6967356
3,55.36969,1477697262507.55,2,0.198699,0.7344382,5,0.08015728,0.6113874
3,56.36975,1477697263507.6,2,0.1428099,0.7563867,5,0.07374096,0.5790673
3,57.36987,1477697264507.86,2,0.132782,0.780045,5,0.1393604,0.5683902
3,58.4032,1477697265540.89,2,0.2367249,0.7062132,5,0.6147785,0.335157
3,59.40326,1477697266541,2,0.2087402,0.6284728,5,0.4141245,0.3465243
4,1,1,5,56.07904,57.83905,1477697265006.59,59.43909,1477697266607.17
3,60.40332,1477697267541.21,2,0.1367798,0.5906081,5,0.2497702,0.293175
3,61.40338,1477697268541.03,2,0.2327271,0.7073806,5,0.1475229,0.4051509
3,62.40344,1477697269541.08,2,0.1669779,0.7487785,5,0.08103085,0.5344852
3,63.43677,1477697270574.57,2,0.309247,0.7135392,5,0.05738068,0.5767788
3,64.43683,1477697271574.05,2,0.5555496,0.4388337,5,0.1440563,0.659202
3,65.43689,1477697272574.17,2,0.411787,0.4128757,5,0.2307262,0.5958914
4,1,1,2,62.09906,63.77905,1477697270940.27,65.43909,1477697272607.24
3,66.43695,1477697273574.29,2,0.2799835,0.3914931,5,0.3173552,0.5848002
3,67.43701,1477697274574.56,2,0.3088179,0.4530775,5,0.3064299,0.6568741
3,68.43707,1477697275574.34,2,0.470027,0.5574242,5,0.4109526,0.7663367
3,69.43713,1477697276574.56,2,0.582819,0.5946358,5,0.4816227,0.7592145
3,70.43713,1477697277574.42,2,0.6225386,0.6341761,5,0.6939411,0.3577214
3,71.43732,1477697278574.55,2,0.4993238,0.7322552,5,0.6129856,0.4695226
4,0,1,5,68.09906,69.83905,1477697277007.29,71.43909,1477697278607.67
3,72.47064,1477697279608.65,2,0.5632801,0.7586839,5,0.5180883,0.566622
3,73.4707,1477697280608.55,2,0.5293293,0.7874581,5,0.5318403,0.5874268
3,74.47101,1477697281608.78,2,0.5395279,0.7782708,5,0.5024643,0.5613652
3,75.50409,1477697282642.09,2,0.6410112,0.6289232,5,0.2552233,0.5876305
3,76.50421,1477697283642.3,2,0.7385912,0.6600448,5,0.05592346,0.6876848
