%Recollect Version 2.0. Scene/Level: span0_advan, Game Number: 036
%Note: All true/false values are represented as "1" and "0" respectively.
%Damage:1,Player X Position,Player Y Position,Hearts Left,Time (Relative),Time (Absolute)
%SpanCollectionOrder:6,Time (R),Time (A),Is Reversed. (Arrangement order is from bottom left to top right)
%SpanArrangementOrder:7,[Array of Span Types] (Order is from bottom left to top right). 
%SpanPlayerInput:8,beginTime,endTime,[Array of Positions in Arrangment Pressed, followed by time]
6,0.00000,1478821985020.64,0,3,2,1,0
7,3,0,2,1
6,14.11462,1478821999126.91,0,1,2,0,3
7,1,0,3,2
8,6.61462,14.11462,0,8.96722,2,9.33397,3,9.60092,1,9.80072
6,26.27463,1478822011294.04,0,0,3,1,2
7,2,1,0,3
8,18.77463,26.27463,0,20.86795,3,21.66803,1,22.00136,2,22.20139
6,38.83463,1478822023829.37,0,2,1,3,0,1
7,0,3,2,1,1
8,31.35463,38.83463,2,34.06859,3,34.30199,1,35.36877,0,35.60210
6,50.71463,1478822035729.48,0,2,0,1,3,1
7,0,2,1,1,3
8,43.21463,50.71463,2,46.23605,3,46.43594,0,47.26933,4,48.00275,1,48.20270,0,48.43643
6,62.99463,1478822047997.25,0,2,3,1,0,2
7,2,0,2,1,3
8,55.49463,62.99463,1,57.70337,0,58.60342,2,59.23685,4,59.73694,3,60.27029
6,75.41461,1478822060430.52,1,1,3,0,2,1
7,2,0,1,3,1
8,67.91461,75.41461,0,69.77155,4,70.10406,3,70.80411,1,71.10440,2,71.37082
6,87.53464,1478822072532.45,1,0,2,1,0,3,2
7,2,0,1,3,2,0
8,80.05463,87.53464,4,82.53802,3,82.97147,1,84.77145,0,85.33813,2,85.60498
6,99.69461,1478822084699.4,1,1,0,1,0,3,2
7,1,1,0,2,3,0
8,92.19461,99.69461,1,94.40546,2,94.80545,0,95.80542,2,96.37222,5,97.33899,3,97.60559,4,97.83884
6,112.27460,1478822097299.31,1,3,2,3,0,2,1
7,3,2,0,2,3,1
8,104.77460,112.27460,0,107.23950,2,107.50620,1,107.70620,5,108.63960,4,109.07290,3,109.53950
6,124.15460,1478822109166.58,1,3,1,3,1,0,2
7,3,3,2,1,1,0
8,116.65460,124.15460,0,118.64030,1,118.80720,4,119.10680,2,120.37370,3,120.60690,5,120.80700
6,136.41460,1478822121433.83,1,1,3,2,1,3,0
7,3,0,2,3,1,1
8,128.93460,136.41460,0,130.57410,4,130.80750,2,131.04090,1,131.84080,3,134.80760,5,135.44110,2,135.57440
8,141.35460,148.85460,4,143.10810,0,143.37500,2,143.84160,5,144.60820,3,144.87550,1,145.20830
