%Recollect Version 2.0. Scene/Level: nback0_inter, Game Number: 199
%Note: All true/false values are represented as "1" and "0" respectively.
%Damage:1,Player X Position,Player Y Position,Hearts Left,Time (Relative),Time (Absolute)
%NBackObject:0,Current N Level,Is Correct,Should Be Picked Up,Type,Time of Reveal (R),Time of Reveal (A),Time of Death (R),Time of Death (A)
%Possible values for "Type":Blue=0,Yellow=1,Green=2,Pink=3,White=4,Gray=5,Brown=6,Purple=7,None=8,
0,3,1,0,1,1.13362,1479331324333.6,3.66728,1479331326867.77
0,3,1,0,0,3.63367,1479331326833.49,6.16716,1479331329367.42
0,3,1,0,2,6.13387,1479331329333.77,8.66733,1479331331867.52
0,3,1,0,0,8.63663,1479331331836.13,11.16745,1479331334366.74
0,3,1,1,0,10.90100,1479331334101.41,12.48541,1479331335701.19
0,3,1,1,2,13.40105,1479331336600.15,15.00543,1479331338232.26
0,4,1,1,0,15.90128,1479331339099.46,17.48541,1479331340703.12
0,4,1,0,0,20.63498,1479331345868.98,23.16843,1479331348402.4
0,4,1,0,2,23.13510,1479331348369.23,25.66849,1479331350901.67
0,4,1,0,3,25.63525,1479331350868.21,28.16870,1479331353402.1
0,4,1,0,3,28.13544,1479331353368.4,30.66885,1479331355902.31
0,4,1,1,0,30.63547,1479331355868.53,32.20541,1479331357466.51
0,4,1,1,2,33.13599,1479331358368.96,34.74542,1479331360000.03
0,4,1,0,1,35.37006,1479331360602.04,37.90259,1479331363133.64
0,5,1,1,3,37.86929,1479331363101.46,39.44540,1479331364702.61
1,166.69340,0.90207,2,40.16541,1479331367438.43
0,5,1,0,2,42.86938,1479331370136.29,45.40286,1479331372668.43
0,5,0,0,1,45.13626,1479331372402.53,46.76541,1479331374035.35
1,196.61410,0.86559,1,47.64542,1479331374933.7
0,5,1,0,0,47.57031,1479331374836.1,50.10315,1479331377368.28
0,5,1,0,1,50.06982,1479331377336.51,52.60327,1479331379868.48
0,5,1,0,2,52.56992,1479331379835.45,55.10339,1479331382368.28
0,5,1,0,0,55.07031,1479331382337.15,57.60355,1479331384869.41
0,5,1,0,3,57.57062,1479331384837.02,60.10367,1479331387368.66
0,5,1,0,3,59.83694,1479331387104.16,62.37064,1479331389636.72
0,4,0,0,2,62.33731,1479331389602.95,64.28543,1479331391570.61
1,265.49380,0.87474,0,64.86542,1479331394169.35
