%Recollect Version 2.3. Scene/Level: , Game Number: 000
%Note: All true/false values are represented as "1" and "0" respectively.
%Damage:1,Player X Position,Player Y Position,Hearts Left,Time (Relative),Time (Absolute)
%LameBackObject:Algorithm Condition,Trial Number,Current N Level,Lure Rate,Is Correct,Stimulus Type,Stimulus Color,Presentation Time (R),Presentation Time (A),Response Time (R),Response Time (A),Expire Time (R),Expire Time (A)
%Possible values for "Color":Red=0,Blue=1,Green=2,Yellow=3,Purple=4,LightBlue=5,Brown=6,White=7,
%Possible values for "Type":NonTarget=0,Target=1,Lure=2,lessThanN=3,
8,1,2,0.3,1,3,4,3.953613,1486419353713,-1,-1,3.42041,1486419353181
8,2,2,0.3,1,3,6,7.020508,1486419356780,-1,-1,6.453735,1486419356217
8,3,2,0.3,1,2,6,10.05396,1486419359814,-1,-1,9.52063,1486419359283
8,4,2,0.3,1,0,3,13.12097,1486419362881,-1,-1,12.5542,1486419362316
8,5,2,0.3,0,2,3,16.22107,1486419365981,16.92126,1486419366681,15.65466,1486419365417
8,6,2,0.3,1,0,0,19.32104,1486419369081,-1,-1,18.75439,1486419368516
8,7,2,0.3,1,1,3,22.35461,1486419372114,22.98804,1486419372748,21.82129,1486419371583
8,8,2,0.3,1,1,0,25.38818,1486419375148,26.05518,1486419375815,24.85474,1486419374618
8,9,2,0.3,1,1,3,28.45496,1486419378215,28.88831,1486419378648,27.92151,1486419377685
8,10,2,0.3,1,1,0,31.48853,1486419381248,31.98962,1486419381750,30.95508,1486419380718
8,11,2,0.3,1,2,0,34.55591,1486419384316,-1,-1,33.98865,1486419383751
8,12,2,0.3,1,1,0,37.62219,1486419387382,38.08887,1486419387849,37.08887,1486419386853
8,13,2,0.3,1,0,1,40.68896,1486419390449,-1,-1,40.12231,1486419389885
8,14,2,0.3,1,2,1,43.72253,1486419393482,-1,-1,43.18921,1486419392951
8,15,2,0.3,1,0,5,46.75659,1486419396516,-1,-1,46.22266,1486419395985
8,16,2,0.3,1,0,7,49.823,1486419399583,-1,-1,49.28992,1486419399053
8,17,2,0.3,1,2,1,52.88965,1486419402649,-1,-1,52.35632,1486419402120
8,18,2,0.3,1,1,7,55.92322,1486419405683,56.45667,1486419406217,55.38977,1486419405152
8,19,2,0.3,1,0,4,58.99036,1486419408750,-1,-1,58.42346,1486419408186
8,20,2,0.3,0,2,1,62.02356,1486419411783,62.7572,1486419412517,61.49109,1486419411253
8,21,2,0.3,1,0,0,65.09045,1486419414850,-1,-1,64.5238,1486419414286
8,22,2,0.3,1,0,5,68.1239,1486419417884,-1,-1,67.59058,1486419417353
8,1,2,0.3,1,3,2,73.92419,1486419423684,-1,-1,73.42419,1486419423185
8,2,2,0.3,1,3,0,76.69116,1486419426451,-1,-1,76.19104,1486419425953
8,3,2,0.3,1,0,7,79.45789,1486419429218,-1,-1,78.95837,1486419428721
8,4,2,0.3,1,1,0,82.22461,1486419431984,82.82483,1486419432585,81.72473,1486419431487
8,5,2,0.3,1,0,1,84.99146,1486419434751,-1,-1,84.49158,1486419434255
8,6,2,0.3,1,1,0,87.75891,1486419437519,89.6261,1486419439386,87.2583,1486419437021
8,7,2,0.3,1,0,3,90.52515,1486419440285,-1,-1,90.02515,1486419439788
8,8,2,0.3,1,1,0,93.29211,1486419443052,94.02576,1486419443786,92.79199,1486419442554
8,9,2,0.3,1,2,0,96.05884,1486419445818,-1,-1,95.55872,1486419445321
8,10,2,0.3,0,2,3,98.82568,1486419448585,99.75928,1486419449519,98.32556,1486419448088
8,11,2,0.3,1,2,3,101.593,1486419451353,-1,-1,101.0925,1486419450855
8,12,2,0.3,1,0,2,104.3593,1486419454119,-1,-1,103.8593,1486419453622
8,13,2,0.3,1,1,3,107.126,1486419456886,107.6261,1486419457386,106.6261,1486419456388
8,14,2,0.3,1,0,6,109.8929,1486419459653,-1,-1,109.3928,1486419459156
8,15,2,0.3,1,1,3,112.6599,1486419462420,113.3601,1486419463120,112.1598,1486419461923
8,16,2,0.3,0,1,6,115.4265,1486419465186,-1,-1,114.9265,1486419464689
8,17,2,0.3,1,0,5,118.1935,1486419467954,-1,-1,117.6932,1486419467456
8,18,2,0.3,1,0,0,120.9602,1486419470720,-1,-1,120.4601,1486419470222
8,19,2,0.3,1,2,3,123.7269,1486419473487,-1,-1,123.2273,1486419472989
8,20,2,0.3,1,2,3,126.4939,1486419476254,-1,-1,125.9938,1486419475758
8,21,2,0.3,1,0,2,129.2607,1486419479020,-1,-1,128.7607,1486419478523
8,22,2,0.3,1,2,2,132.0275,1486419481787,-1,-1,131.5275,1486419481289
8,1,2,0.3,1,3,0,138.9446,1486419488704,-1,-1,138.5145,1486419488275
8,2,2,0.3,1,3,7,141.4113,1486419491171,-1,-1,140.978,1486419490740
8,3,2,0.3,1,0,3,143.8782,1486419493638,-1,-1,143.4448,1486419493208
8,4,2,0.3,1,1,7,146.345,1486419496105,146.912,1486419496672,145.9116,1486419495674
8,5,2,0.3,1,0,1,148.8118,1486419498571,-1,-1,148.3784,1486419498141
8,6,2,0.3,1,0,5,151.2786,1486419501038,-1,-1,150.8452,1486419500607
8,7,2,0.3,1,0,6,153.7454,1486419503505,-1,-1,153.3121,1486419503075
8,8,2,0.3,1,0,0,156.2122,1486419505972,-1,-1,155.7788,1486419505542
8,9,2,0.3,1,2,0,158.6791,1486419508439,-1,-1,158.2456,1486419508008
8,10,2,0.3,1,0,4,161.1459,1486419510906,-1,-1,160.7124,1486419510475
8,11,2,0.3,1,1,0,163.6125,1486419513372,164.1127,1486419513873,163.1796,1486419512942
8,12,2,0.3,1,2,0,166.0798,1486419515840,-1,-1,165.646,1486419515408
8,13,2,0.3,1,1,0,168.5461,1486419518306,169.6807,1486419519441,168.1129,1486419517875
8,14,2,0.3,1,1,0,171.0131,1486419520773,172.1805,1486419521940,170.5797,1486419520342
8,15,2,0.3,1,2,7,173.4799,1486419523240,-1,-1,173.0464,1486419522809
8,16,2,0.3,1,2,7,175.9467,1486419525706,-1,-1,175.5133,1486419525275
8,17,2,0.3,1,2,0,178.4135,1486419528173,-1,-1,177.9801,1486419527742
8,18,2,0.3,1,0,1,180.8802,1486419530640,-1,-1,180.447,1486419530210
8,19,2,0.3,1,1,0,183.3469,1486419533107,184.181,1486419533941,182.9137,1486419532676
8,20,2,0.3,1,1,1,185.8138,1486419535574,186.481,1486419536241,185.3805,1486419535143
8,21,2,0.3,1,2,1,188.2808,1486419538041,-1,-1,187.8473,1486419537610
8,22,2,0.3,1,0,5,190.7476,1486419540507,-1,-1,190.3141,1486419540076
8,1,2,0.3,1,3,2,195.5811,1486419545341,-1,-1,195.1812,1486419544942
8,2,2,0.3,1,3,7,197.8145,1486419547575,-1,-1,197.4147,1486419547177
8,3,2,0.3,1,0,3,200.0485,1486419549808,-1,-1,199.6482,1486419549411
8,4,2,0.3,1,1,7,202.2815,1486419552041,202.7159,1486419552476,201.8815,1486419551644
8,5,2,0.3,1,1,3,204.5149,1486419554275,204.9818,1486419554742,204.1149,1486419553877
8,6,2,0.3,1,0,5,206.7484,1486419556508,-1,-1,206.3484,1486419556112
8,7,2,0.3,1,0,0,208.9818,1486419558741,-1,-1,208.5818,1486419558345
8,8,2,0.3,1,1,5,211.2153,1486419560975,211.8488,1486419561609,210.8153,1486419560577
8,9,2,0.3,1,2,5,213.4492,1486419563209,-1,-1,213.0487,1486419562811
8,10,2,0.3,1,1,5,215.6823,1486419565442,216.4491,1486419566209,215.2822,1486419565044
8,11,2,0.3,1,0,7,217.9156,1486419567675,-1,-1,217.5156,1486419567279
8,12,2,0.3,1,2,7,220.1492,1486419569909,-1,-1,219.7491,1486419569511
8,13,2,0.3,0,2,5,222.3826,1486419572142,223.016,1486419572776,221.983,1486419571745
8,14,2,0.3,1,2,5,224.6166,1486419574376,-1,-1,224.2166,1486419573979
8,15,2,0.3,1,0,0,226.8496,1486419576609,-1,-1,226.4495,1486419576212
8,16,2,0.3,1,0,2,229.083,1486419578843,-1,-1,228.683,1486419578445
8,17,2,0.3,1,1,0,231.3164,1486419581076,231.8168,1486419581577,230.9164,1486419580679
8,18,2,0.3,1,2,5,233.5499,1486419583311,-1,-1,233.1499,1486419582912
8,19,2,0.3,1,0,3,235.7833,1486419585543,-1,-1,235.3837,1486419585147
8,20,2,0.3,1,0,6,238.0168,1486419587776,-1,-1,237.6168,1486419587380
8,21,2,0.3,1,1,3,240.2504,1486419590010,240.7838,1486419590544,239.8502,1486419589613
8,22,2,0.3,1,2,3,242.4838,1486419592243,-1,-1,242.0836,1486419591846
8,1,2,0.3,1,3,6,252.8844,1486419602644,-1,-1,252.5511,1486419602312
8,2,2,0.3,1,3,0,254.8844,1486419604644,-1,-1,254.5511,1486419604313
8,3,2,0.3,1,0,3,256.8848,1486419606644,-1,-1,256.5511,1486419606313
8,4,2,0.3,1,1,0,258.8845,1486419608644,259.4513,1486419609211,258.5514,1486419608314
8,5,2,0.3,1,0,1,260.8849,1486419610645,-1,-1,260.5515,1486419610314
8,6,2,0.3,1,2,1,262.8849,1486419612645,-1,-1,262.5526,1486419612315
8,7,2,0.3,1,0,5,264.885,1486419614645,-1,-1,264.5518,1486419614314
8,8,2,0.3,1,1,1,266.8851,1486419616645,267.3184,1486419617079,266.5521,1486419616314
8,9,2,0.3,1,0,4,268.8851,1486419618645,-1,-1,268.5521,1486419618316
8,10,2,0.3,1,1,1,270.8853,1486419620645,271.3854,1486419621145,270.552,1486419620315
8,11,2,0.3,1,1,4,272.8856,1486419622645,273.3854,1486419623145,272.5521,1486419622314
8,12,2,0.3,1,1,1,274.8855,1486419624645,275.5199,1486419625280,274.5521,1486419624314
8,13,2,0.3,1,0,6,276.886,1486419626646,-1,-1,276.5522,1486419626315
8,14,2,0.3,1,0,0,278.8859,1486419628646,-1,-1,278.5526,1486419628316
8,15,2,0.3,1,0,2,280.8859,1486419630646,-1,-1,280.5529,1486419630316
8,16,2,0.3,1,2,2,282.8862,1486419632646,-1,-1,282.5526,1486419632315
8,17,2,0.3,1,2,6,284.8861,1486419634646,-1,-1,284.5533,1486419634316
8,18,2,0.3,1,2,0,286.8861,1486419636646,-1,-1,286.553,1486419636315
8,19,2,0.3,1,2,2,288.8865,1486419638646,-1,-1,288.5531,1486419638315
8,20,2,0.3,1,1,0,290.8865,1486419640646,291.4202,1486419641180,290.5531,1486419640316
8,21,2,0.3,1,0,5,292.8866,1486419642646,-1,-1,292.5537,1486419642316
8,22,2,0.3,1,2,2,294.8866,1486419644646,-1,-1,294.5533,1486419644316
8,1,2,0.3,1,3,5,298.2202,1486419647980,-1,-1,297.8871,1486419647647
8,2,2,0.3,1,3,0,300.0535,1486419649813,-1,-1,299.7203,1486419649485
8,3,2,0.3,1,1,5,301.8877,1486419651647,302.5208,1486419652281,301.5537,1486419651316
8,4,2,0.3,1,0,6,303.7216,1486419653481,-1,-1,303.3871,1486419653150
8,5,2,0.3,1,0,3,305.5538,1486419655314,-1,-1,305.2206,1486419654983
8,6,2,0.3,1,0,4,307.3879,1486419657148,-1,-1,307.0541,1486419656816
8,7,2,0.3,1,1,3,309.2208,1486419658981,309.8876,1486419659647,308.8873,1486419658650
8,8,2,0.3,1,0,5,311.0542,1486419660814,-1,-1,310.7209,1486419660483
8,9,2,0.3,1,0,0,312.8877,1486419662647,-1,-1,312.5543,1486419662316
8,10,2,0.3,1,2,0,314.7211,1486419664481,-1,-1,314.3877,1486419664150
8,11,2,0.3,1,0,4,316.5546,1486419666314,-1,-1,316.2212,1486419665984
8,12,2,0.3,1,1,0,318.3879,1486419668148,318.9547,1486419668715,318.0547,1486419667818
8,13,2,0.3,1,2,0,320.2216,1486419669981,-1,-1,319.8881,1486419669650
8,14,2,0.3,0,2,4,322.0549,1486419671815,322.9553,1486419672715,321.7216,1486419671484
8,15,2,0.3,1,0,3,323.8887,1486419673648,-1,-1,323.5549,1486419673317
8,16,2,0.3,1,0,5,325.7224,1486419675482,-1,-1,325.3884,1486419675151
8,17,2,0.3,1,2,5,327.5552,1486419677316,-1,-1,327.2218,1486419676986
8,18,2,0.3,0,2,3,329.3885,1486419679148,329.9221,1486419679683,329.0553,1486419678817
8,19,2,0.3,1,1,5,331.2222,1486419680982,331.9222,1486419681682,330.8888,1486419680652
8,20,2,0.3,1,1,3,333.0554,1486419682815,333.5555,1486419683316,332.722,1486419682485
8,21,2,0.3,1,2,3,334.8889,1486419684649,-1,-1,334.5555,1486419684318
8,22,2,0.3,1,1,3,336.7223,1486419686482,337.2227,1486419686983,336.389,1486419686152
8,1,2,0.3,1,3,5,340.1227,1486419689882,-1,-1,339.8224,1486419689583
8,2,2,0.3,1,3,0,341.7562,1486419691517,-1,-1,341.4559,1486419691218
8,3,2,0.3,1,0,6,343.3895,1486419693149,-1,-1,343.0895,1486419692852
8,4,2,0.3,1,2,6,345.0228,1486419694783,-1,-1,344.7233,1486419694485
8,5,2,0.3,0,2,0,346.6563,1486419696416,347.8231,1486419697583,346.3562,1486419696120
8,6,2,0.3,1,0,5,348.2903,1486419698050,-1,-1,347.9897,1486419697752
8,7,2,0.3,1,2,5,349.9231,1486419699683,-1,-1,349.623,1486419699385
8,8,2,0.3,1,0,2,351.5565,1486419701316,-1,-1,351.2565,1486419701019
8,9,2,0.3,1,2,2,353.1901,1486419702950,-1,-1,352.8899,1486419702652
8,10,2,0.3,1,1,2,354.8234,1486419704583,355.957,1486419705717,354.5233,1486419704286
8,11,2,0.3,1,0,3,356.4568,1486419706216,-1,-1,356.1569,1486419705919
8,12,2,0.3,1,0,4,358.0903,1486419707850,-1,-1,357.7902,1486419707553
8,13,2,0.3,1,1,3,359.7238,1486419709483,360.4902,1486419710250,359.4236,1486419709187
8,14,2,0.3,1,1,4,361.3572,1486419711117,362.0571,1486419711817,361.057,1486419710819
8,15,2,0.3,1,0,6,362.9906,1486419712750,-1,-1,362.6906,1486419712454
8,16,2,0.3,0,1,4,364.625,1486419714385,-1,-1,364.3239,1486419714087
8,17,2,0.3,1,0,2,366.2574,1486419716018,-1,-1,365.9573,1486419715720
8,18,2,0.3,0,2,6,367.8907,1486419717650,368.6913,1486419718451,367.5907,1486419717353
8,19,2,0.3,1,0,1,369.5242,1486419719284,-1,-1,369.2249,1486419718987
8,20,2,0.3,1,2,1,371.1576,1486419720917,-1,-1,370.8575,1486419720621
8,21,2,0.3,1,1,1,372.791,1486419722551,373.5577,1486419723318,372.491,1486419722253
8,22,2,0.3,1,1,1,374.4246,1486419724184,375.1581,1486419724918,374.1249,1486419723887
8,1,2,0.3,1,3,2,378.4913,1486419728251,-1,-1,378.1915,1486419727952
8,2,2,0.3,1,3,4,380.1248,1486419729884,-1,-1,379.8247,1486419729587
8,3,2,0.3,1,1,2,381.7584,1486419731518,382.3915,1486419732151,381.4583,1486419731222
8,4,2,0.3,1,2,2,383.3916,1486419733151,-1,-1,383.0916,1486419732853
8,5,2,0.3,1,1,2,385.025,1486419734785,385.6254,1486419735385,384.7251,1486419734487
8,6,2,0.3,1,0,0,386.6584,1486419736418,-1,-1,386.3585,1486419736121
8,7,2,0.3,1,1,2,388.2919,1486419738052,388.7588,1486419738519,387.9918,1486419737755
8,8,2,0.3,0,2,2,389.9253,1486419739685,390.7588,1486419740519,389.6254,1486419739389
8,9,2,0.3,1,1,2,391.5587,1486419741318,392.0588,1486419741819,391.2587,1486419741022
8,10,2,0.3,1,2,0,393.1921,1486419742952,-1,-1,392.8922,1486419742654
8,11,2,0.3,1,2,0,394.8256,1486419744585,-1,-1,394.5255,1486419744288
8,12,2,0.3,1,0,4,396.459,1486419746219,-1,-1,396.1591,1486419745923
8,13,2,0.3,1,0,3,398.0925,1486419747852,-1,-1,397.7926,1486419747555
8,14,2,0.3,1,1,4,399.726,1486419749486,400.1925,1486419749952,399.4258,1486419749188
8,15,2,0.3,1,2,4,401.3595,1486419751119,-1,-1,401.0597,1486419750822
8,16,2,0.3,1,0,5,402.9928,1486419752752,-1,-1,402.6927,1486419752455
8,17,2,0.3,1,1,4,404.6266,1486419754386,405.1263,1486419754886,404.3262,1486419754088
8,18,2,0.3,1,0,2,406.2596,1486419756019,-1,-1,405.9597,1486419755723
8,19,2,0.3,1,0,0,407.8931,1486419757653,-1,-1,407.593,1486419757355
8,20,2,0.3,1,0,7,409.5265,1486419759286,-1,-1,409.2264,1486419758988
8,21,2,0.3,1,0,5,411.1611,1486419760921,-1,-1,410.8599,1486419760622
8,22,2,0.3,1,2,2,412.7933,1486419762553,-1,-1,412.4933,1486419762255
8,1,2,0.3,1,3,6,415.4268,1486419765186,-1,-1,415.1602,1486419764921
8,2,2,0.3,1,3,5,416.8936,1486419766653,-1,-1,416.6268,1486419766389
8,3,2,0.3,1,1,6,418.3602,1486419768120,418.9937,1486419768754,418.0936,1486419767857
8,4,2,0.3,1,2,6,419.827,1486419769587,-1,-1,419.5603,1486419769323
8,5,2,0.3,1,2,5,421.2938,1486419771053,-1,-1,421.0271,1486419770790
8,6,2,0.3,1,1,6,422.7611,1486419772521,423.394,1486419773154,422.4938,1486419772257
8,7,2,0.3,1,0,3,424.2273,1486419773987,-1,-1,423.9607,1486419773723
8,8,2,0.3,1,1,6,425.6941,1486419775454,426.2941,1486419776054,425.4274,1486419775189
8,9,2,0.3,1,0,4,427.1609,1486419776921,-1,-1,426.8948,1486419776657
8,10,2,0.3,1,0,7,428.6276,1486419778387,-1,-1,428.3608,1486419778124
8,11,2,0.3,1,0,1,430.0942,1486419779854,-1,-1,429.8276,1486419779591
8,12,2,0.3,1,1,7,431.561,1486419781321,432.0613,1486419781821,431.2943,1486419781057
8,13,2,0.3,1,2,7,433.0277,1486419782787,-1,-1,432.7611,1486419782523
8,14,2,0.3,1,0,2,434.4945,1486419784254,-1,-1,434.2278,1486419783990
8,15,2,0.3,1,1,7,435.9613,1486419785721,436.495,1486419786256,435.6946,1486419785457
8,16,2,0.3,1,0,1,437.4285,1486419787188,-1,-1,437.1619,1486419786924
8,17,2,0.3,1,1,7,438.8948,1486419788654,439.6283,1486419789388,438.6281,1486419788391
8,18,2,0.3,1,2,7,440.3615,1486419790121,-1,-1,440.0948,1486419789857
8,19,2,0.3,1,0,6,441.8284,1486419791588,-1,-1,441.5616,1486419791323
8,20,2,0.3,1,0,0,443.295,1486419793055,-1,-1,443.0283,1486419792790
8,21,2,0.3,1,2,7,444.7617,1486419794521,-1,-1,444.4951,1486419794258
8,22,2,0.3,1,2,7,446.2285,1486419795988,-1,-1,445.9618,1486419795724
8,1,2,0.3,1,3,0,449.2286,1486419798988,-1,-1,448.9955,1486419798756
8,2,2,0.3,1,3,5,450.5621,1486419800322,-1,-1,450.3287,1486419800091
8,3,2,0.3,1,1,0,451.8955,1486419801655,452.4291,1486419802189,451.6627,1486419801425
8,4,2,0.3,1,0,3,453.2289,1486419802989,-1,-1,452.9956,1486419802758
8,5,2,0.3,1,0,6,454.5627,1486419804322,-1,-1,454.329,1486419804091
8,6,2,0.3,1,1,3,455.8958,1486419805655,456.4961,1486419806256,455.6625,1486419805425
8,7,2,0.3,1,1,6,457.2291,1486419806989,457.896,1486419807656,456.9963,1486419806759
8,8,2,0.3,1,0,1,458.5625,1486419808322,-1,-1,458.3292,1486419808091
8,9,2,0.3,1,2,3,459.896,1486419809656,-1,-1,459.6627,1486419809426
8,10,2,0.3,1,0,0,461.2294,1486419810989,-1,-1,460.996,1486419810759
8,11,2,0.3,1,0,2,462.5627,1486419812322,-1,-1,462.3295,1486419812093
8,12,2,0.3,1,2,2,463.8967,1486419813656,-1,-1,463.6628,1486419813425
8,13,2,0.3,0,2,0,465.2296,1486419814989,465.9636,1486419815724,464.9962,1486419814758
8,14,2,0.3,0,2,0,466.5634,1486419816323,467.13,1486419816890,466.3296,1486419816094
8,15,2,0.3,1,0,4,467.8964,1486419817656,-1,-1,467.6631,1486419817426
8,16,2,0.3,1,2,2,469.2299,1486419818990,-1,-1,468.9968,1486419818759
8,17,2,0.3,1,1,4,470.5632,1486419820323,471.3303,1486419821090,470.33,1486419820092
8,18,2,0.3,0,1,2,471.8966,1486419821656,-1,-1,471.6633,1486419821426
8,19,2,0.3,1,2,2,473.2302,1486419822990,-1,-1,472.9967,1486419822760
8,20,2,0.3,1,0,6,474.5635,1486419824323,-1,-1,474.3302,1486419824092
8,21,2,0.3,1,1,2,475.8973,1486419825657,476.431,1486419826194,475.6637,1486419825427
8,22,2,0.3,1,0,0,477.2305,1486419826990,-1,-1,476.9968,1486419826759
8,1,2,0.3,1,3,4,479.6637,1486419829423,-1,-1,479.4307,1486419829191
8,2,2,0.3,1,3,7,480.9972,1486419830757,-1,-1,480.7637,1486419830527
8,3,2,0.3,1,1,4,482.3304,1486419832091,482.7975,1486419832557,482.0972,1486419831859
8,4,2,0.3,1,0,3,483.6639,1486419833424,-1,-1,483.4307,1486419833193
8,5,2,0.3,1,2,7,484.9973,1486419834757,-1,-1,484.7642,1486419834526
8,6,2,0.3,1,0,2,486.3308,1486419836090,-1,-1,486.0974,1486419835860
8,7,2,0.3,1,1,7,487.6642,1486419837424,488.1646,1486419837925,487.431,1486419837193
8,8,2,0.3,1,2,3,488.9976,1486419838757,-1,-1,488.7643,1486419838526
8,9,2,0.3,1,2,2,490.3312,1486419840091,-1,-1,490.0977,1486419839860
8,10,2,0.3,1,1,3,491.6644,1486419841424,492.5978,1486419842358,491.4312,1486419841194
8,11,2,0.3,1,2,3,492.9978,1486419842757,-1,-1,492.7644,1486419842526
8,12,2,0.3,1,1,3,494.3312,1486419844091,494.9982,1486419844758,494.0979,1486419843862
8,13,2,0.3,1,0,5,495.6647,1486419845424,-1,-1,495.4315,1486419845195
8,14,2,0.3,1,0,6,496.998,1486419846758,-1,-1,496.7646,1486419846527
8,15,2,0.3,1,2,3,498.3314,1486419848091,-1,-1,498.0981,1486419847860
8,16,2,0.3,1,0,7,499.6648,1486419849424,-1,-1,499.4316,1486419849194
8,17,2,0.3,1,0,2,500.9987,1486419850758,-1,-1,500.7649,1486419850529
8,18,2,0.3,1,2,6,502.3317,1486419852091,-1,-1,502.0988,1486419851861
8,19,2,0.3,1,0,5,503.6652,1486419853425,-1,-1,503.4318,1486419853194
8,20,2,0.3,1,1,6,504.9985,1486419854758,505.5319,1486419855292,504.7651,1486419854528
8,21,2,0.3,1,0,3,506.3322,1486419856092,-1,-1,506.0985,1486419855861
8,22,2,0.3,1,1,6,507.6653,1486419857425,508.1989,1486419857959,507.432,1486419857195
8,1,2,0.3,1,3,1,510.0654,1486419859825,-1,-1,509.833,1486419859593
8,2,2,0.3,1,3,7,511.2991,1486419861059,-1,-1,511.0656,1486419860828
8,3,2,0.3,1,0,4,512.5322,1486419862292,-1,-1,512.2988,1486419862061
8,4,2,0.3,1,0,0,513.7656,1486419863525,-1,-1,513.5323,1486419863294
8,5,2,0.3,0,1,4,515.0002,1486419864760,-1,-1,514.7656,1486419864529
8,6,2,0.3,1,0,1,516.2324,1486419865992,-1,-1,515.9994,1486419865762
8,7,2,0.3,1,1,4,517.4658,1486419867226,518.0999,1486419867860,517.2328,1486419866995
8,8,2,0.3,1,0,2,518.6995,1486419868459,-1,-1,518.4659,1486419868228
8,9,2,0.3,1,1,4,519.9326,1486419869692,520.5328,1486419870293,519.6996,1486419869462
8,10,2,0.3,0,2,4,521.166,1486419870926,521.6993,1486419871459,520.9327,1486419870695
8,11,2,0.3,1,0,5,522.3995,1486419872159,-1,-1,522.1661,1486419871928
8,12,2,0.3,1,2,2,523.6331,1486419873393,-1,-1,523.3997,1486419873162
8,13,2,0.3,1,2,2,524.8662,1486419874626,-1,-1,524.6333,1486419874396
8,14,2,0.3,1,0,3,526.0997,1486419875859,-1,-1,525.8671,1486419875629
8,15,2,0.3,1,0,0,527.3331,1486419877093,-1,-1,527.0997,1486419876863
8,16,2,0.3,1,1,3,528.5665,1486419878326,528.9666,1486419878726,528.3331,1486419878095
8,17,2,0.3,1,2,2,529.7999,1486419879560,-1,-1,529.5665,1486419879329
8,18,2,0.3,1,2,2,531.0333,1486419880793,-1,-1,530.8,1486419880562
8,19,2,0.3,1,2,0,532.2667,1486419882026,-1,-1,532.0339,1486419881797
8,20,2,0.3,1,1,2,533.5001,1486419883260,534.0337,1486419883794,533.2666,1486419883030
8,21,2,0.3,1,1,0,534.7335,1486419884493,535.4351,1486419885195,534.5001,1486419884262
8,22,2,0.3,1,0,3,535.9675,1486419885727,-1,-1,535.7335,1486419885497
8,1,2,0.3,1,3,7,541.2672,1486419891027,-1,-1,541.0341,1486419890795
8,2,2,0.3,1,3,5,542.4006,1486419892160,-1,-1,542.1672,1486419891930
8,3,2,0.3,1,1,7,543.5339,1486419893294,544.2009,1486419893961,543.3007,1486419893065
8,4,2,0.3,1,0,2,544.6674,1486419894427,-1,-1,544.4341,1486419894196
8,5,2,0.3,1,1,7,545.8007,1486419895560,546.3341,1486419896094,545.5675,1486419895329
8,6,2,0.3,1,0,1,546.9347,1486419896694,-1,-1,546.7009,1486419896464
8,7,2,0.3,1,0,0,548.0676,1486419897827,-1,-1,547.8342,1486419897597
8,8,2,0.3,1,1,1,549.2009,1486419898961,549.6686,1486419899429,548.9677,1486419898732
8,9,2,0.3,1,2,7,550.3345,1486419900095,-1,-1,550.1011,1486419899864
8,10,2,0.3,1,2,7,551.4678,1486419901228,-1,-1,551.2347,1486419900997
8,11,2,0.3,1,0,3,552.6011,1486419902361,-1,-1,552.3678,1486419902131
8,12,2,0.3,1,2,1,553.7345,1486419903494,-1,-1,553.5017,1486419903264
8,13,2,0.3,1,1,3,554.8685,1486419904624,555.4015,1486419905155,554.6346,1486419904394
8,14,2,0.3,1,1,1,556.0013,1486419905753,556.5017,1486419906251,555.7682,1486419905523
8,15,2,0.3,0,2,1,557.1346,1486419906881,557.6348,1486419907380,556.9019,1486419906652
8,16,2,0.3,0,2,3,558.2682,1486419908010,558.7682,1486419908509,558.0348,1486419907781
8,17,2,0.3,0,2,3,559.4017,1486419909139,559.8683,1486419909604,559.1682,1486419908909
8,18,2,0.3,1,0,6,560.5352,1486419910268,-1,-1,560.302,1486419910039
8,19,2,0.3,1,0,4,561.6682,1486419911397,-1,-1,561.4349,1486419911166
8,20,2,0.3,1,1,6,562.802,1486419912527,563.6017,1486419913327,562.5684,1486419912295
8,21,2,0.3,1,0,1,563.9351,1486419913660,-1,-1,563.7017,1486419913429
8,22,2,0.3,1,0,0,565.0686,1486419914793,-1,-1,564.8357,1486419914563
8,1,2,0.3,1,3,6,571.7356,1486419921460,-1,-1,571.5024,1486419921228
8,2,2,0.3,1,3,3,572.869,1486419922594,-1,-1,572.6356,1486419922364
8,3,2,0.3,1,0,0,574.0026,1486419923727,-1,-1,573.7697,1486419923497
8,4,2,0.3,1,2,0,575.1357,1486419924861,-1,-1,574.9025,1486419924630
8,5,2,0.3,1,0,2,576.2692,1486419925994,-1,-1,576.0358,1486419925763
8,6,2,0.3,1,1,0,577.4026,1486419927127,577.9031,1486419927628,577.1692,1486419926898
8,7,2,0.3,1,2,0,578.5366,1486419928261,-1,-1,578.3026,1486419928030
8,8,2,0.3,0,2,2,579.6694,1486419929394,580.2035,1486419929929,579.436,1486419929164
8,9,2,0.3,1,0,7,580.8027,1486419930528,-1,-1,580.5695,1486419930297
8,10,2,0.3,1,1,2,581.9362,1486419931661,582.4362,1486419932161,581.7028,1486419931430
8,11,2,0.3,1,1,7,583.0696,1486419932794,583.5029,1486419933228,582.8362,1486419932564
8,12,2,0.3,1,0,3,584.203,1486419933928,-1,-1,583.9697,1486419933697
8,13,2,0.3,1,0,4,585.3364,1486419935061,-1,-1,585.103,1486419934830
8,14,2,0.3,1,0,0,586.4698,1486419936195,-1,-1,586.2363,1486419935965
8,15,2,0.3,1,1,4,587.6031,1486419937328,588.1367,1486419937862,587.3699,1486419937097
8,16,2,0.3,1,0,1,588.7366,1486419938461,-1,-1,588.5032,1486419938231
8,17,2,0.3,1,0,5,589.87,1486419939595,-1,-1,589.6366,1486419939365
8,18,2,0.3,1,2,5,591.0033,1486419940728,-1,-1,590.7699,1486419940497
8,19,2,0.3,1,2,4,592.1368,1486419941862,-1,-1,591.9033,1486419941631
8,20,2,0.3,1,2,1,593.2705,1486419942995,-1,-1,593.0369,1486419942764
8,21,2,0.3,1,1,4,594.4034,1486419944129,595.2369,1486419944962,594.1702,1486419943898
8,22,2,0.3,1,1,1,595.5369,1486419945262,596.1368,1486419945862,595.3035,1486419945031
8,1,2,0.3,1,3,3,597.7037,1486419947428,-1,-1,597.5371,1486419947263
8,2,2,0.3,1,3,0,598.6704,1486419948395,-1,-1,598.5037,1486419948232
8,3,2,0.3,1,1,3,599.6372,1486419949362,600.1041,1486419949830,599.4705,1486419949197
8,4,2,0.3,1,2,3,600.6039,1486419950329,-1,-1,600.4371,1486419950165
8,5,2,0.3,1,1,3,601.5706,1486419951295,602.204,1486419951929,601.4039,1486419951131
8,6,2,0.3,0,2,0,602.5372,1486419952262,603.1042,1486419952829,602.3707,1486419952099
8,7,2,0.3,1,0,1,603.504,1486419953229,-1,-1,603.3374,1486419953065
8,8,2,0.3,1,0,2,604.4709,1486419954196,-1,-1,604.3042,1486419954032
8,9,2,0.3,1,2,3,605.4375,1486419955162,-1,-1,605.271,1486419954999
8,10,2,0.3,1,2,3,606.4042,1486419956129,-1,-1,606.2374,1486419955965
8,11,2,0.3,1,0,4,607.371,1486419957096,-1,-1,607.2042,1486419956932
8,12,2,0.3,1,0,0,608.338,1486419958063,-1,-1,608.171,1486419957899
8,13,2,0.3,1,1,4,609.3043,1486419959029,609.9044,1486419959629,609.1377,1486419958865
8,14,2,0.3,1,1,0,610.2714,1486419959996,610.7043,1486419960429,610.1044,1486419959834
8,15,2,0.3,1,0,6,611.2378,1486419960963,-1,-1,611.0712,1486419960799
8,16,2,0.3,1,1,0,612.2045,1486419961929,612.9049,1486419962630,612.038,1486419961766
8,17,2,0.3,0,1,6,613.1713,1486419962896,-1,-1,613.0046,1486419962732
8,18,2,0.3,1,2,6,614.1379,1486419963863,-1,-1,613.9713,1486419963700
8,19,2,0.3,1,0,1,615.1047,1486419964830,-1,-1,614.9391,1486419964666
8,20,2,0.3,1,0,2,616.0715,1486419965796,-1,-1,615.9054,1486419965633
8,21,2,0.3,1,0,7,617.0382,1486419966763,-1,-1,616.8715,1486419966598
8,22,2,0.3,0,2,1,618.0049,1486419967730,618.5717,1486419968297,617.8387,1486419967566
8,1,2,0.3,1,3,6,619.9717,1486419969696,-1,-1,619.8049,1486419969530
8,2,2,0.3,1,3,2,620.9384,1486419970663,-1,-1,620.7717,1486419970500
8,3,2,0.3,0,2,2,621.905,1486419971630,622.4386,1486419972164,621.7384,1486419971466
8,4,2,0.3,1,1,2,622.8718,1486419972597,623.4053,1486419973130,622.7057,1486419972433
8,5,2,0.3,1,2,5,623.8385,1486419973563,-1,-1,623.6719,1486419973399
8,6,2,0.3,0,2,5,624.8052,1486419974530,625.2726,1486419974998,624.6385,1486419974366
8,7,2,0.3,1,0,1,625.772,1486419975497,-1,-1,625.6052,1486419975332
8,8,2,0.3,1,2,2,626.7386,1486419976463,-1,-1,626.5719,1486419976299
8,9,2,0.3,1,0,6,627.7053,1486419977430,-1,-1,627.5387,1486419977267
8,10,2,0.3,0,2,6,628.6721,1486419978397,629.1729,1486419978898,628.5054,1486419978233
8,11,2,0.3,1,1,6,629.6388,1486419979364,630.1056,1486419979831,629.4722,1486419979200
8,12,2,0.3,0,1,6,630.6056,1486419980330,-1,-1,630.4388,1486419980168
8,13,2,0.3,1,0,4,631.5723,1486419981297,-1,-1,631.4056,1486419981133
8,14,2,0.3,1,1,6,632.5396,1486419982264,633.1725,1486419982897,632.3722,1486419982099
8,15,2,0.3,1,0,5,633.5057,1486419983230,-1,-1,633.3394,1486419983067
8,16,2,0.3,1,1,6,634.4724,1486419984197,635.0059,1486419984731,634.3058,1486419984033
8,17,2,0.3,1,2,4,635.4392,1486419985164,-1,-1,635.2727,1486419985001
8,18,2,0.3,1,0,2,636.4059,1486419986131,-1,-1,636.2393,1486419985967
8,19,2,0.3,0,0,0,637.3726,1486419987097,637.7062,1486419987431,637.2059,1486419986934
8,20,2,0.3,1,0,5,638.3392,1486419988064,-1,-1,638.1727,1486419987900
8,21,2,0.3,1,0,1,639.306,1486419989031,-1,-1,639.1395,1486419988867
8,22,2,0.3,1,1,5,640.2728,1486419989998,640.673,1486419990398,640.1061,1486419989834
8,1,2,0.3,1,3,7,656.3403,1486420006065,-1,-1,656.1738,1486420005899
8,2,2,0.3,1,3,5,657.307,1486420007032,-1,-1,657.1404,1486420006868
8,3,2,0.3,1,1,7,658.2738,1486420007999,659.0739,1486420008799,658.1075,1486420007835
8,4,2,0.3,1,2,7,659.2406,1486420008965,-1,-1,659.0739,1486420008801
8,5,2,0.3,1,1,7,660.2073,1486420009932,660.874,1486420010599,660.0405,1486420009770
8,6,2,0.3,0,2,5,661.174,1486420010899,661.9407,1486420011666,661.0072,1486420010735
8,7,2,0.3,1,0,6,662.1407,1486420011866,-1,-1,661.974,1486420011701
8,8,2,0.3,1,0,4,663.1074,1486420012832,-1,-1,662.9408,1486420012668
8,9,2,0.3,1,0,1,664.0741,1486420013799,-1,-1,663.9075,1486420013635
8,10,2,0.3,1,0,2,665.0409,1486420014766,-1,-1,664.8741,1486420014601
8,11,2,0.3,1,0,5,666.0076,1486420015732,-1,-1,665.8409,1486420015568
8,12,2,0.3,1,0,0,666.9747,1486420016700,-1,-1,666.8076,1486420016535
8,13,2,0.3,0,1,5,667.941,1486420017666,-1,-1,667.7744,1486420017502
8,14,2,0.3,0,1,0,668.9077,1486420018632,-1,-1,668.7412,1486420018469
8,15,2,0.3,0,2,0,669.8744,1486420019599,670.608,1486420020333,669.7078,1486420019436
8,16,2,0.3,1,2,5,670.8412,1486420020566,-1,-1,670.6744,1486420020402
8,17,2,0.3,1,0,1,671.8079,1486420021533,-1,-1,671.6416,1486420021369
8,18,2,0.3,1,1,5,672.7745,1486420022499,673.3082,1486420023033,672.6079,1486420022335
8,19,2,0.3,1,2,5,673.7413,1486420023466,-1,-1,673.5746,1486420023302
8,20,2,0.3,1,0,6,674.708,1486420024433,-1,-1,674.5414,1486420024271
8,21,2,0.3,1,2,6,675.6748,1486420025400,-1,-1,675.5081,1486420025236
8,22,2,0.3,1,1,6,676.6415,1486420026366,677.1415,1486420026866,676.4749,1486420026202
8,1,2,0.3,1,3,7,679.2417,1486420028966,-1,-1,679.0752,1486420028801
8,2,2,0.3,1,3,3,680.2084,1486420029933,-1,-1,680.0417,1486420029769
8,3,2,0.3,1,2,3,681.175,1486420030900,-1,-1,681.0084,1486420030737
8,4,2,0.3,0,0,7,682.1418,1486420031867,682.642,1486420032368,681.9751,1486420031702
8,5,2,0.3,0,2,7,683.1085,1486420032833,683.6421,1486420033367,682.9418,1486420032669
8,6,2,0.3,1,0,5,684.0752,1486420033800,-1,-1,683.9086,1486420033636
8,7,2,0.3,1,0,4,685.0419,1486420034767,-1,-1,684.8754,1486420034603
8,8,2,0.3,1,2,7,686.0087,1486420035733,-1,-1,685.842,1486420035570
8,9,2,0.3,1,2,7,686.9756,1486420036701,-1,-1,686.8093,1486420036537
8,10,2,0.3,1,1,7,687.942,1486420037667,688.4424,1486420038167,687.7754,1486420037502
8,11,2,0.3,1,1,7,688.9088,1486420038634,689.509,1486420039234,688.7423,1486420038470
8,12,2,0.3,1,2,6,689.8756,1486420039600,-1,-1,689.7089,1486420039436
8,13,2,0.3,1,1,7,690.8423,1486420040567,691.3762,1486420041101,690.6757,1486420040403
8,14,2,0.3,1,0,0,691.809,1486420041534,-1,-1,691.6423,1486420041370
8,15,2,0.3,1,0,3,692.7758,1486420042500,-1,-1,692.6096,1486420042337
8,16,2,0.3,1,0,2,693.7424,1486420043467,-1,-1,693.5759,1486420043303
8,17,2,0.3,1,1,3,694.7091,1486420044434,695.1761,1486420044901,694.5425,1486420044270
8,18,2,0.3,1,1,2,695.676,1486420045401,696.1429,1486420045868,695.5092,1486420045238
8,19,2,0.3,1,0,5,696.6426,1486420046367,-1,-1,696.476,1486420046204
8,20,2,0.3,1,2,5,697.6094,1486420047334,-1,-1,697.4429,1486420047170
8,21,2,0.3,1,0,4,698.5765,1486420048301,-1,-1,698.4094,1486420048137
8,22,2,0.3,1,1,5,699.5428,1486420049268,700.0431,1486420049768,699.3761,1486420049103
8,1,2,0.3,1,3,4,701.5096,1486420051234,-1,-1,701.3436,1486420051069
8,2,2,0.3,1,3,3,702.4097,1486420052134,-1,-1,702.2429,1486420051971
8,3,2,0.3,1,0,2,703.3097,1486420053035,-1,-1,703.1429,1486420052870
8,4,2,0.3,1,0,5,704.2098,1486420053935,-1,-1,704.043,1486420053771
8,5,2,0.3,1,0,7,705.1099,1486420054835,-1,-1,704.9431,1486420054670
8,6,2,0.3,1,0,4,706.0099,1486420055735,-1,-1,705.8431,1486420055572
8,7,2,0.3,1,2,4,706.9098,1486420056635,-1,-1,706.7432,1486420056471
8,8,2,0.3,0,1,4,707.8098,1486420057535,-1,-1,707.6438,1486420057371
8,9,2,0.3,0,1,4,708.71,1486420058435,-1,-1,708.5432,1486420058271
8,10,2,0.3,0,0,3,709.6104,1486420059336,709.6775,1486420059403,709.444,1486420059171
8,11,2,0.3,0,0,6,710.5101,1486420060235,711.1768,1486420060902,710.3434,1486420060072
8,12,2,0.3,1,1,3,711.4102,1486420061135,712.0776,1486420061803,711.2434,1486420060971
8,13,2,0.3,0,2,3,712.3101,1486420062035,712.777,1486420062502,712.1436,1486420061871
8,14,2,0.3,1,0,7,713.2103,1486420062935,-1,-1,713.0436,1486420062771
8,15,2,0.3,1,2,6,714.1108,1486420063836,-1,-1,713.9436,1486420063671
8,16,2,0.3,1,1,7,715.0104,1486420064735,715.5112,1486420065236,714.8436,1486420064572
8,17,2,0.3,1,2,7,715.9104,1486420065635,-1,-1,715.7437,1486420065471
8,18,2,0.3,1,0,1,716.8104,1486420066535,-1,-1,716.6438,1486420066371
8,19,2,0.3,1,1,7,717.7106,1486420067435,718.1779,1486420067903,717.5438,1486420067273
8,20,2,0.3,1,1,1,718.6105,1486420068335,719.0441,1486420068769,718.4438,1486420068171
8,21,2,0.3,0,2,1,719.5106,1486420069235,720.1113,1486420069836,719.3439,1486420069072
8,22,2,0.3,0,2,7,720.4105,1486420070135,720.9106,1486420070636,720.2439,1486420069971
8,1,2,0.3,1,3,4,722.1113,1486420071836,-1,-1,721.9452,1486420071671
8,2,2,0.3,1,3,1,723.0774,1486420072802,-1,-1,722.9114,1486420072639
8,3,2,0.3,1,1,4,724.0442,1486420073769,724.5449,1486420074270,723.8774,1486420073605
8,4,2,0.3,1,0,5,725.011,1486420074736,-1,-1,724.8442,1486420074572
8,5,2,0.3,1,1,4,725.9775,1486420075702,726.4111,1486420076136,725.8108,1486420075539
8,6,2,0.3,1,2,1,726.9441,1486420076669,-1,-1,726.7776,1486420076505
8,7,2,0.3,1,2,5,727.9111,1486420077636,-1,-1,727.7449,1486420077472
8,8,2,0.3,0,2,4,728.8777,1486420078604,729.6777,1486420079403,728.7112,1486420078438
8,9,2,0.3,0,2,1,729.8445,1486420079570,730.4446,1486420080170,729.6777,1486420079407
8,10,2,0.3,1,0,0,730.8113,1486420080536,-1,-1,730.6448,1486420080372
8,11,2,0.3,1,2,4,731.7778,1486420081503,-1,-1,731.6111,1486420081338
8,12,2,0.3,1,2,1,732.7451,1486420082470,-1,-1,732.5779,1486420082305
8,13,2,0.3,1,0,7,733.7117,1486420083436,-1,-1,733.5447,1486420083272
8,14,2,0.3,1,1,1,734.678,1486420084403,735.1118,1486420084837,734.5115,1486420084240
8,15,2,0.3,1,0,5,735.6448,1486420085370,-1,-1,735.4785,1486420085206
8,16,2,0.3,1,0,4,736.6116,1486420086336,-1,-1,736.4448,1486420086172
8,17,2,0.3,0,1,5,737.5784,1486420087303,-1,-1,737.4116,1486420087139
8,18,2,0.3,1,0,7,738.5449,1486420088270,-1,-1,738.3782,1486420088106
8,19,2,0.3,1,0,1,739.5117,1486420089236,-1,-1,739.3452,1486420089072
8,20,2,0.3,1,0,2,740.4785,1486420090203,-1,-1,740.3118,1486420090039
8,21,2,0.3,1,1,1,741.4451,1486420091171,742.0117,1486420091737,741.2786,1486420091006
8,22,2,0.3,1,1,2,742.4119,1486420092137,743.1118,1486420092837,742.2451,1486420091972
8,1,2,0.3,1,3,5,744.4119,1486420094137,-1,-1,744.2454,1486420093971
8,2,2,0.3,1,3,1,745.3787,1486420095104,-1,-1,745.2119,1486420094940
8,3,2,0.3,1,1,5,746.3455,1486420096070,746.8455,1486420096570,746.1787,1486420095906
8,4,2,0.3,1,2,5,747.312,1486420097037,-1,-1,747.1455,1486420096874
8,5,2,0.3,1,1,5,748.2788,1486420098004,748.8455,1486420098571,748.1121,1486420097839
8,6,2,0.3,1,0,4,749.2456,1486420098970,-1,-1,749.0789,1486420098807
8,7,2,0.3,1,0,2,750.2124,1486420099937,-1,-1,750.0457,1486420099773
8,8,2,0.3,1,1,4,751.179,1486420100904,751.7793,1486420101504,751.0125,1486420100740
8,9,2,0.3,1,0,0,752.1458,1486420101870,-1,-1,751.979,1486420101707
8,10,2,0.3,1,2,0,753.1125,1486420102837,-1,-1,752.9458,1486420102673
8,11,2,0.3,0,2,4,754.0791,1486420103804,754.5459,1486420104271,753.9126,1486420103640
8,12,2,0.3,1,0,1,755.0459,1486420104771,-1,-1,754.8792,1486420104608
8,13,2,0.3,1,1,4,756.0132,1486420105738,756.4465,1486420106171,755.8459,1486420105573
8,14,2,0.3,1,0,7,756.9795,1486420106704,-1,-1,756.8127,1486420106540
8,15,2,0.3,1,0,0,757.946,1486420107671,-1,-1,757.7795,1486420107507
8,16,2,0.3,0,1,7,758.9128,1486420108638,-1,-1,758.7461,1486420108473
8,17,2,0.3,1,0,3,759.8796,1486420109604,-1,-1,759.7126,1486420109442
8,18,2,0.3,0,2,0,760.8462,1486420110571,761.313,1486420111038,760.6797,1486420110407
8,19,2,0.3,0,2,0,761.813,1486420111538,762.3464,1486420112071,761.6462,1486420111374
8,20,2,0.3,0,2,3,762.7803,1486420112505,763.3804,1486420113105,762.613,1486420112340
8,21,2,0.3,1,0,2,763.7463,1486420113471,-1,-1,763.5798,1486420113307
8,22,2,0.3,1,1,3,764.7131,1486420114438,765.1799,1486420114905,764.5464,1486420114274
8,1,2,0.3,1,3,3,766.5801,1486420116305,-1,-1,766.4131,1486420116139
8,2,2,0.3,1,3,5,767.5466,1486420117271,-1,-1,767.3799,1486420117108
8,3,2,0.3,1,0,1,768.5134,1486420118238,-1,-1,768.3467,1486420118074
8,4,2,0.3,1,0,3,769.4805,1486420119205,-1,-1,769.3132,1486420119041
8,5,2,0.3,1,0,6,770.4468,1486420120171,-1,-1,770.2805,1486420120009
8,6,2,0.3,1,2,6,771.4136,1486420121138,-1,-1,771.2468,1486420120974
8,7,2,0.3,1,0,5,772.3801,1486420122105,-1,-1,772.2136,1486420121941
8,8,2,0.3,1,1,6,773.3469,1486420123072,773.947,1486420123672,773.1802,1486420122908
8,9,2,0.3,1,1,5,774.3137,1486420124038,774.7803,1486420124505,774.147,1486420123874
8,10,2,0.3,1,1,6,775.2803,1486420125005,775.8137,1486420125539,775.1138,1486420124841
8,11,2,0.3,1,0,0,776.2476,1486420125972,-1,-1,776.0806,1486420125808
8,12,2,0.3,1,2,0,777.2139,1486420126939,-1,-1,777.0474,1486420126775
8,13,2,0.3,1,0,1,778.1807,1486420127905,-1,-1,778.0139,1486420127742
8,14,2,0.3,1,2,1,779.1472,1486420128872,-1,-1,778.9805,1486420128708
8,15,2,0.3,0,2,0,780.114,1486420129839,780.8474,1486420130572,779.9473,1486420129676
8,16,2,0.3,1,1,1,781.0808,1486420130805,781.6482,1486420131373,780.9148,1486420130642
8,17,2,0.3,0,2,1,782.0476,1486420131772,782.5474,1486420132272,781.8809,1486420131608
8,18,2,0.3,1,1,1,783.0142,1486420132739,783.6145,1486420133339,782.8474,1486420132575
8,19,2,0.3,1,1,1,783.9807,1486420133706,784.5479,1486420134273,783.8142,1486420133543
8,20,2,0.3,1,2,3,784.9475,1486420134672,-1,-1,784.781,1486420134509
8,21,2,0.3,1,0,6,785.9143,1486420135639,-1,-1,785.7476,1486420135476
8,22,2,0.3,1,0,7,786.8811,1486420136606,-1,-1,786.7144,1486420136442
8,1,2,0.3,1,3,5,792.748,1486420142473,-1,-1,792.582,1486420142308
8,2,2,0.3,1,3,4,793.6482,1486420143373,-1,-1,793.4814,1486420143209
8,3,2,0.3,1,0,1,794.5481,1486420144274,-1,-1,794.3821,1486420144111
8,4,2,0.3,1,0,7,795.4482,1486420145173,-1,-1,795.2815,1486420145009
8,5,2,0.3,0,2,4,796.3481,1486420146073,797.0483,1486420146773,796.1816,1486420145909
8,6,2,0.3,1,0,3,797.2483,1486420146973,-1,-1,797.0818,1486420146809
8,7,2,0.3,1,0,5,798.1484,1486420147873,-1,-1,797.9824,1486420147710
8,8,2,0.3,0,0,6,799.0483,1486420148773,799.7151,1486420149440,798.8823,1486420148611
8,9,2,0.3,1,1,5,799.9485,1486420149673,800.4492,1486420150174,799.7817,1486420149509
8,10,2,0.3,0,2,5,800.8484,1486420150573,801.3821,1486420151107,800.6819,1486420150409
8,11,2,0.3,1,0,1,801.7485,1486420151473,-1,-1,801.582,1486420151309
8,12,2,0.3,1,2,1,802.6489,1486420152374,-1,-1,802.4819,1486420152209
8,13,2,0.3,1,0,3,803.5486,1486420153273,-1,-1,803.3818,1486420153109
8,14,2,0.3,1,1,1,804.4487,1486420154173,805.082,1486420154807,804.2822,1486420154009
8,15,2,0.3,1,0,0,805.3486,1486420155073,-1,-1,805.1824,1486420154909
8,16,2,0.3,1,1,1,806.2488,1486420155974,806.7156,1486420156441,806.082,1486420155810
8,17,2,0.3,0,2,3,807.1492,1486420156874,807.6824,1486420157407,806.9822,1486420156709
8,18,2,0.3,0,2,3,808.0488,1486420157774,808.4822,1486420158207,807.8823,1486420157612
8,19,2,0.3,1,1,3,808.949,1486420158674,809.3491,1486420159074,808.7827,1486420158510
8,20,2,0.3,0,2,1,809.8489,1486420159574,810.3823,1486420160107,809.6824,1486420159410
8,21,2,0.3,0,1,3,810.749,1486420160474,-1,-1,810.5823,1486420160310
8,22,2,0.3,0,1,1,811.6492,1486420161374,-1,-1,811.4824,1486420161210
8,1,2,0.3,1,3,0,813.4165,1486420163141,-1,-1,813.2493,1486420162975
8,2,2,0.3,1,3,7,814.3826,1486420164107,-1,-1,814.2158,1486420163943
8,3,2,0.3,0,1,0,815.3494,1486420165075,-1,-1,815.1826,1486420164910
8,4,2,0.3,1,1,7,816.3159,1486420166041,817.0828,1486420166808,816.1494,1486420165877
8,5,2,0.3,1,2,7,817.2827,1486420167007,-1,-1,817.1162,1486420166844
8,6,2,0.3,0,1,7,818.2495,1486420167974,-1,-1,818.0828,1486420167812
8,7,2,0.3,0,2,0,819.2161,1486420168941,819.5166,1486420169242,819.0496,1486420168777
8,8,2,0.3,1,0,6,820.1829,1486420169908,-1,-1,820.0161,1486420169745
8,9,2,0.3,1,0,5,821.1497,1486420170874,-1,-1,820.9829,1486420170711
8,10,2,0.3,0,2,5,822.1165,1486420171841,822.7168,1486420172442,821.9497,1486420171677
8,11,2,0.3,0,2,6,823.083,1486420172808,823.6501,1486420173375,822.9163,1486420172645
8,12,2,0.3,0,2,6,824.051,1486420173776,824.8164,1486420174541,823.8831,1486420173610
8,13,2,0.3,1,1,6,825.0166,1486420174741,825.5498,1486420175275,824.8499,1486420174577
8,14,2,0.3,1,1,6,825.9832,1486420175708,826.584,1486420176309,825.8169,1486420175544
8,15,2,0.3,1,0,2,826.95,1486420176675,-1,-1,826.7834,1486420176511
8,16,2,0.3,1,0,4,827.9167,1486420177641,-1,-1,827.75,1486420177477
8,17,2,0.3,1,0,3,828.8833,1486420178608,-1,-1,828.7168,1486420178445
8,18,2,0.3,1,0,7,829.8501,1486420179575,-1,-1,829.6836,1486420179411
8,19,2,0.3,0,0,6,830.8169,1486420180542,831.5842,1486420181309,830.6501,1486420180378
8,20,2,0.3,1,1,7,831.7834,1486420181508,832.4504,1486420182175,831.6169,1486420181344
8,21,2,0.3,1,0,0,832.7502,1486420182475,-1,-1,832.5835,1486420182312
8,22,2,0.3,0,2,0,833.7168,1486420183442,834.1836,1486420183909,833.5503,1486420183278
8,1,2,0.3,1,3,5,836.0505,1486420185775,-1,-1,835.8174,1486420185543
8,2,2,0.3,1,3,1,837.1838,1486420186909,-1,-1,836.9504,1486420186677
8,3,2,0.3,1,1,5,838.3171,1486420188042,838.884,1486420188609,838.0845,1486420187812
8,4,2,0.3,1,2,5,839.4507,1486420189175,-1,-1,839.2173,1486420188945
8,5,2,0.3,1,0,4,840.584,1486420190309,-1,-1,840.3506,1486420190078
8,6,2,0.3,1,0,2,841.7175,1486420191442,-1,-1,841.4841,1486420191211
8,7,2,0.3,0,2,5,842.8508,1486420192576,843.418,1486420193143,842.6174,1486420192346
8,8,2,0.3,1,2,5,843.9841,1486420193709,-1,-1,843.751,1486420193478
8,9,2,0.3,1,0,6,845.1182,1486420194843,-1,-1,844.8848,1486420194614
8,10,2,0.3,1,2,2,846.2515,1486420195976,-1,-1,846.0178,1486420195745
8,11,2,0.3,1,1,6,847.3845,1486420197109,847.8513,1486420197577,847.1511,1486420196878
8,12,2,0.3,1,1,2,848.5178,1486420198243,848.918,1486420198643,848.2844,1486420198012
8,13,2,0.3,1,0,5,849.6514,1486420199376,-1,-1,849.4185,1486420199146
8,14,2,0.3,1,1,2,850.7847,1486420200509,851.218,1486420200943,850.5518,1486420200281
8,15,2,0.3,1,1,5,851.918,1486420201643,852.3513,1486420202076,851.6846,1486420201413
8,16,2,0.3,1,0,1,853.0515,1486420202776,-1,-1,852.8181,1486420202546
8,17,2,0.3,1,0,3,854.1848,1486420203910,-1,-1,853.9517,1486420203679
8,18,2,0.3,1,0,7,855.3181,1486420205043,-1,-1,855.085,1486420204813
8,19,2,0.3,1,0,0,856.4517,1486420206176,-1,-1,856.2183,1486420205946
8,20,2,0.3,1,1,7,857.585,1486420207310,858.1521,1486420207877,857.3518,1486420207081
8,21,2,0.3,1,2,7,858.7185,1486420208443,-1,-1,858.4851,1486420208212
8,22,2,0.3,0,2,0,859.8521,1486420209577,860.3186,1486420210044,859.6184,1486420209346
8,1,2,0.3,1,3,1,862.4854,1486420212210,-1,-1,862.3188,1486420212044
8,2,2,0.3,1,3,0,863.4519,1486420213177,-1,-1,863.2854,1486420213014
8,3,2,0.3,1,2,0,864.4189,1486420214144,-1,-1,864.252,1486420213980
8,4,2,0.3,0,0,1,865.3855,1486420215110,865.9858,1486420215711,865.2188,1486420214946
8,5,2,0.3,1,1,0,866.3523,1486420216077,867.0857,1486420216811,866.1855,1486420215913
8,6,2,0.3,1,1,1,867.3188,1486420217044,867.8523,1486420217578,867.1523,1486420216881
8,7,2,0.3,1,0,5,868.2856,1486420218010,-1,-1,868.1189,1486420217846
8,8,2,0.3,1,1,1,869.2522,1486420218977,869.6855,1486420219411,869.0864,1486420218814
8,9,2,0.3,1,0,4,870.219,1486420219944,-1,-1,870.0522,1486420219779
8,10,2,0.3,0,2,5,871.1858,1486420220911,871.72,1486420221445,871.019,1486420220746
8,11,2,0.3,1,0,7,872.1526,1486420221877,-1,-1,871.9863,1486420221714
8,12,2,0.3,1,2,1,873.1191,1486420222844,-1,-1,872.9526,1486420222681
8,13,2,0.3,1,0,6,874.0859,1486420223811,-1,-1,873.9192,1486420223647
8,14,2,0.3,1,2,7,875.0535,1486420224778,-1,-1,874.886,1486420224613
8,15,2,0.3,0,1,6,876.0195,1486420225744,-1,-1,875.8528,1486420225580
8,16,2,0.3,1,0,2,876.9866,1486420226711,-1,-1,876.8196,1486420226547
8,17,2,0.3,0,2,7,877.9534,1486420227678,878.5864,1486420228311,877.7864,1486420227515
8,18,2,0.3,1,1,2,878.9197,1486420228644,879.5864,1486420229311,878.7529,1486420228480
8,19,2,0.3,1,0,0,879.8865,1486420229611,-1,-1,879.7197,1486420229447
8,20,2,0.3,1,0,6,880.8538,1486420230578,-1,-1,880.6863,1486420230413
8,21,2,0.3,0,2,2,881.8196,1486420231544,882.4531,1486420232178,881.6531,1486420231381
8,22,2,0.3,0,1,6,882.7866,1486420232511,-1,-1,882.6204,1486420232348
8,1,2,0.3,1,3,5,885.5205,1486420235245,-1,-1,885.2866,1486420235012
8,2,2,0.3,1,3,7,886.6533,1486420236378,-1,-1,886.4199,1486420236148
8,3,2,0.3,1,1,5,887.7866,1486420237512,888.2537,1486420237979,887.5535,1486420237281
8,4,2,0.3,1,0,3,888.9202,1486420238645,-1,-1,888.6868,1486420238414
8,5,2,0.3,1,2,7,890.0535,1486420239778,-1,-1,889.8203,1486420239548
8,6,2,0.3,1,0,0,891.1868,1486420240912,-1,-1,890.9541,1486420240681
8,7,2,0.3,1,0,4,892.3203,1486420242045,-1,-1,892.0872,1486420241815
8,8,2,0.3,0,1,0,893.4536,1486420243178,-1,-1,893.2205,1486420242948
8,9,2,0.3,1,0,3,894.5872,1486420244312,-1,-1,894.3538,1486420244082
8,10,2,0.3,0,2,4,895.7205,1486420245445,896.3218,1486420246047,895.4871,1486420245214
8,11,2,0.3,1,2,4,896.854,1486420246579,-1,-1,896.6204,1486420246348
8,12,2,0.3,0,2,3,897.9873,1486420247712,898.3875,1486420248112,897.7539,1486420247483
8,13,2,0.3,1,1,4,899.1208,1486420248846,899.6541,1486420249379,898.8872,1486420248615
8,14,2,0.3,0,2,4,900.2542,1486420249979,900.7212,1486420250446,900.0208,1486420249748
8,15,2,0.3,1,0,1,901.3875,1486420251112,-1,-1,901.1543,1486420250883
8,16,2,0.3,0,2,3,902.521,1486420252246,903.0876,1486420252813,902.2881,1486420252016
8,17,2,0.3,0,0,2,903.6543,1486420253379,903.9543,1486420253679,903.4209,1486420253149
8,18,2,0.3,1,0,7,904.7878,1486420254513,-1,-1,904.5542,1486420254282
8,19,2,0.3,0,1,2,905.9211,1486420255646,-1,-1,905.688,1486420255418
8,20,2,0.3,1,1,7,907.0544,1486420256780,907.0881,1486420256813,906.821,1486420256549
8,21,2,0.3,1,0,6,908.1877,1486420257913,-1,-1,907.9551,1486420257682
8,22,2,0.3,0,1,7,909.3218,1486420259046,-1,-1,909.0879,1486420258816
8,1,2,0.3,1,3,6,915.4219,1486420265147,-1,-1,915.1885,1486420264914
8,2,2,0.3,1,3,4,916.655,1486420266380,-1,-1,916.4216,1486420266150
8,3,2,0.3,1,0,0,917.8884,1486420267613,-1,-1,917.655,1486420267384
8,4,2,0.3,1,2,0,919.1218,1486420268847,-1,-1,918.8884,1486420268616
8,5,2,0.3,1,0,1,920.3552,1486420270080,-1,-1,920.1218,1486420269849
8,6,2,0.3,1,0,3,921.5886,1486420271313,-1,-1,921.3552,1486420271083
8,7,2,0.3,1,0,2,922.822,1486420272547,-1,-1,922.5886,1486420272316
8,8,2,0.3,1,1,3,924.0554,1486420273780,924.5559,1486420274281,923.822,1486420273551
8,9,2,0.3,1,1,2,925.2888,1486420275014,925.7222,1486420275447,925.0554,1486420274783
8,10,2,0.3,1,2,2,926.5225,1486420276247,-1,-1,926.2888,1486420276016
8,11,2,0.3,1,1,2,927.7556,1486420277480,928.3225,1486420278048,927.5222,1486420277251
8,12,2,0.3,1,1,2,928.989,1486420278714,929.5894,1486420279314,928.7556,1486420278484
8,13,2,0.3,1,0,3,930.2224,1486420279947,-1,-1,929.989,1486420279716
8,14,2,0.3,1,1,2,931.4558,1486420281181,931.9561,1486420281681,931.2229,1486420280950
8,15,2,0.3,1,0,1,932.6892,1486420282414,-1,-1,932.4558,1486420282183
8,16,2,0.3,1,2,1,933.9226,1486420283647,-1,-1,933.6897,1486420283417
8,17,2,0.3,1,1,1,935.156,1486420284881,935.8894,1486420285615,934.9231,1486420284650
8,18,2,0.3,1,2,2,936.3894,1486420286114,-1,-1,936.156,1486420285885
8,19,2,0.3,1,2,2,937.6228,1486420287348,-1,-1,937.3896,1486420287117
8,20,2,0.3,0,2,1,938.8577,1486420288583,939.5229,1486420289248,938.6228,1486420288351
8,21,2,0.3,1,0,6,940.0898,1486420289814,-1,-1,939.8562,1486420289584
8,22,2,0.3,1,0,4,941.3232,1486420291048,-1,-1,941.0896,1486420290817
8,1,2,0.3,1,3,7,944.6902,1486420294415,-1,-1,944.457,1486420294183
8,2,2,0.3,1,3,6,945.8232,1486420295548,-1,-1,945.5906,1486420295318
8,3,2,0.3,1,0,1,946.9568,1486420296681,-1,-1,946.7239,1486420296451
8,4,2,0.3,1,1,6,948.0901,1486420297815,948.8574,1486420298582,947.8567,1486420297584
8,5,2,0.3,1,0,3,949.2234,1486420298948,-1,-1,948.9902,1486420298718
8,6,2,0.3,1,0,2,950.3569,1486420300082,-1,-1,950.1235,1486420299852
8,7,2,0.3,1,1,3,951.491,1486420301216,951.8904,1486420301615,951.2568,1486420300984
8,8,2,0.3,1,0,7,952.6235,1486420302348,-1,-1,952.3904,1486420302118
8,9,2,0.3,1,2,2,953.7571,1486420303482,-1,-1,953.5237,1486420303251
8,10,2,0.3,1,0,0,954.8904,1486420304615,-1,-1,954.657,1486420304384
8,11,2,0.3,1,2,3,956.0239,1486420305749,-1,-1,955.7905,1486420305519
8,12,2,0.3,1,1,0,957.1572,1486420306882,957.7239,1486420307449,956.9265,1486420306653
8,13,2,0.3,1,2,0,958.2905,1486420308015,-1,-1,958.0574,1486420307786
8,14,2,0.3,0,2,3,959.4241,1486420309149,960.0244,1486420309749,959.1907,1486420308918
8,15,2,0.3,1,0,7,960.5581,1486420310283,-1,-1,960.3242,1486420310051
8,16,2,0.3,1,1,3,961.6909,1486420311416,962.1909,1486420311916,961.4575,1486420311185
8,17,2,0.3,1,1,7,962.8242,1486420312550,963.3579,1486420313083,962.5911,1486420312318
8,18,2,0.3,1,2,7,963.9583,1486420313683,-1,-1,963.7244,1486420313452
8,19,2,0.3,0,2,3,965.0911,1486420314816,965.5244,1486420315250,964.8577,1486420314585
8,20,2,0.3,1,0,1,966.2246,1486420315949,-1,-1,965.9912,1486420315719
8,21,2,0.3,1,0,5,967.3579,1486420317083,-1,-1,967.1245,1486420316853
8,22,2,0.3,1,1,1,968.4912,1486420318216,969.1248,1486420318850,968.2578,1486420317986
8,1,2,0.3,1,3,2,970.5581,1486420320283,-1,-1,970.3914,1486420320117
8,2,2,0.3,1,3,5,971.5249,1486420321250,-1,-1,971.3582,1486420321085
8,3,2,0.3,1,0,0,972.4915,1486420322216,-1,-1,972.3247,1486420322052
8,4,2,0.3,1,1,5,973.4583,1486420323183,973.9585,1486420323683,973.2915,1486420323019
8,5,2,0.3,1,2,5,974.425,1486420324150,-1,-1,974.2583,1486420323986
8,6,2,0.3,0,2,0,975.3916,1486420325116,975.9587,1486420325684,975.2249,1486420324952
8,7,2,0.3,1,0,7,976.3584,1486420326083,-1,-1,976.1917,1486420325920
8,8,2,0.3,1,1,0,977.325,1486420327050,977.8586,1486420327584,977.1584,1486420326886
8,9,2,0.3,1,1,7,978.2917,1486420328017,978.8921,1486420328618,978.1252,1486420327854
8,10,2,0.3,1,0,1,979.2585,1486420328983,-1,-1,979.092,1486420328819
8,11,2,0.3,1,0,6,980.2253,1486420329950,-1,-1,980.0586,1486420329786
8,12,2,0.3,1,2,6,981.1921,1486420330917,-1,-1,981.0251,1486420330752
8,13,2,0.3,1,2,7,982.1587,1486420331883,-1,-1,981.9919,1486420331719
8,14,2,0.3,1,1,6,983.1252,1486420332850,983.8257,1486420333551,982.9587,1486420332687
8,15,2,0.3,1,0,0,984.0923,1486420333817,-1,-1,983.9255,1486420333653
8,16,2,0.3,1,0,1,985.0588,1486420334784,-1,-1,984.8921,1486420334619
8,17,2,0.3,1,1,0,986.0254,1486420335750,986.5256,1486420336251,985.8589,1486420335586
8,18,2,0.3,1,0,5,986.9927,1486420336717,-1,-1,986.8257,1486420336553
8,19,2,0.3,1,2,5,987.959,1486420337684,-1,-1,987.7922,1486420337520
8,20,2,0.3,1,1,5,988.9258,1486420338651,989.4924,1486420339218,988.759,1486420338486
8,21,2,0.3,1,0,3,989.8923,1486420339617,-1,-1,989.7258,1486420339453
8,22,2,0.3,0,2,3,990.8591,1486420340584,991.3262,1486420341051,990.6924,1486420340420
8,1,2,0.3,1,3,2,993.5259,1486420343251,-1,-1,993.3594,1486420343085
8,2,2,0.3,1,3,1,994.426,1486420344151,-1,-1,994.26,1486420343989
8,3,2,0.3,1,0,7,995.3267,1486420345051,-1,-1,995.1594,1486420344887
8,4,2,0.3,1,2,7,996.2261,1486420345951,-1,-1,996.0596,1486420345787
8,5,2,0.3,1,0,3,997.1262,1486420346851,-1,-1,996.9597,1486420346687
8,6,2,0.3,0,1,7,998.0261,1486420347751,-1,-1,997.8599,1486420347588
8,7,2,0.3,0,2,7,998.927,1486420348652,998.9929,1486420348718,998.7598,1486420348487
8,8,2,0.3,1,1,7,999.8264,1486420349551,1000.36,1486420350085,999.6597,1486420349387
8,9,2,0.3,1,1,7,1000.726,1486420350451,1001.327,1486420351052,1000.56,1486420350287
8,10,2,0.3,1,1,7,1001.626,1486420351351,1002.16,1486420351885,1001.46,1486420351187
8,11,2,0.3,1,0,3,1002.527,1486420352251,-1,-1,1002.36,1486420352087
8,12,2,0.3,1,1,7,1003.427,1486420353152,1003.893,1486420353618,1003.26,1486420352989
8,13,2,0.3,1,0,1,1004.327,1486420354051,-1,-1,1004.16,1486420353887
8,14,2,0.3,1,2,3,1005.227,1486420354951,-1,-1,1005.06,1486420354787
8,15,2,0.3,1,1,1,1006.127,1486420355852,1006.76,1486420356485,1005.96,1486420355688
8,16,2,0.3,1,2,1,1007.027,1486420356752,-1,-1,1006.86,1486420356588
8,17,2,0.3,1,0,0,1007.927,1486420357652,-1,-1,1007.76,1486420357488
8,18,2,0.3,1,0,6,1008.827,1486420358552,-1,-1,1008.66,1486420358388
8,19,2,0.3,1,0,4,1009.727,1486420359452,-1,-1,1009.56,1486420359288
8,20,2,0.3,1,0,3,1010.627,1486420360352,-1,-1,1010.46,1486420360188
8,21,2,0.3,1,2,0,1011.528,1486420361252,-1,-1,1011.36,1486420361088
8,22,2,0.3,1,2,0,1012.427,1486420362152,-1,-1,1012.26,1486420361988
8,1,2,0.3,1,3,3,1018.827,1486420368552,-1,-1,1018.661,1486420368387
8,2,2,0.3,1,3,2,1019.661,1486420369386,-1,-1,1019.494,1486420369223
8,3,2,0.3,1,0,0,1020.494,1486420370219,-1,-1,1020.327,1486420370055
8,4,2,0.3,1,1,2,1021.328,1486420371053,1021.861,1486420371586,1021.161,1486420370888
8,5,2,0.3,1,1,0,1022.161,1486420371886,1022.661,1486420372386,1021.994,1486420371723
8,6,2,0.3,1,1,2,1022.994,1486420372719,1023.461,1486420373186,1022.828,1486420372555
8,7,2,0.3,0,2,2,1023.828,1486420373553,1024.294,1486420374019,1023.661,1486420373389
8,8,2,0.3,0,2,0,1024.661,1486420374386,1025.328,1486420375053,1024.494,1486420374222
8,9,2,0.3,1,2,0,1025.495,1486420375220,-1,-1,1025.328,1486420375056
8,10,2,0.3,1,0,1,1026.328,1486420376053,-1,-1,1026.164,1486420375892
8,11,2,0.3,1,0,5,1027.161,1486420376887,-1,-1,1026.995,1486420376722
8,12,2,0.3,1,1,1,1027.995,1486420377719,1028.595,1486420378320,1027.828,1486420377555
8,13,2,0.3,1,0,6,1028.828,1486420378553,-1,-1,1028.661,1486420378389
8,14,2,0.3,1,1,1,1029.661,1486420379386,1030.228,1486420379953,1029.495,1486420379222
8,15,2,0.3,0,2,1,1030.495,1486420380220,1030.962,1486420380687,1030.328,1486420380056
8,16,2,0.3,1,0,3,1031.328,1486420381053,-1,-1,1031.161,1486420380890
8,17,2,0.3,1,0,4,1032.162,1486420381887,-1,-1,1031.995,1486420381722
8,18,2,0.3,1,0,2,1032.995,1486420382720,-1,-1,1032.828,1486420382556
8,19,2,0.3,1,2,1,1033.828,1486420383553,-1,-1,1033.662,1486420383390
8,20,2,0.3,1,2,3,1034.662,1486420384386,-1,-1,1034.495,1486420384223
8,21,2,0.3,0,1,1,1035.495,1486420385220,-1,-1,1035.329,1486420385056
8,22,2,0.3,1,0,6,1036.328,1486420386053,-1,-1,1036.162,1486420385889
8,1,2,0.3,1,3,6,1039.695,1486420389420,-1,-1,1039.529,1486420389255
8,2,2,0.3,1,3,3,1040.529,1486420390253,-1,-1,1040.362,1486420390089
8,3,2,0.3,1,0,2,1041.362,1486420391087,-1,-1,1041.195,1486420390924
8,4,2,0.3,1,2,2,1042.195,1486420391920,-1,-1,1042.029,1486420391756
8,5,2,0.3,0,2,3,1043.029,1486420392754,1043.629,1486420393354,1042.862,1486420392590
8,6,2,0.3,1,0,4,1043.862,1486420393587,-1,-1,1043.695,1486420393423
8,7,2,0.3,1,1,3,1044.696,1486420394420,1045.065,1486420394790,1044.529,1486420394256
8,8,2,0.3,0,1,4,1045.53,1486420395254,-1,-1,1045.362,1486420395092
8,9,2,0.3,1,0,1,1046.363,1486420396087,-1,-1,1046.196,1486420395923
8,10,2,0.3,1,1,4,1047.196,1486420396920,1047.763,1486420397488,1047.029,1486420396756
8,11,2,0.3,1,0,5,1048.029,1486420397754,-1,-1,1047.863,1486420397590
8,12,2,0.3,1,0,6,1048.863,1486420398587,-1,-1,1048.696,1486420398423
8,13,2,0.3,1,0,0,1049.696,1486420399421,-1,-1,1049.529,1486420399257
8,14,2,0.3,1,2,5,1050.529,1486420400254,-1,-1,1050.363,1486420400090
8,15,2,0.3,1,0,3,1051.363,1486420401087,-1,-1,1051.196,1486420400923
8,16,2,0.3,1,2,6,1052.196,1486420401921,-1,-1,1052.029,1486420401758
8,17,2,0.3,1,2,5,1053.03,1486420402754,-1,-1,1052.863,1486420402590
8,18,2,0.3,1,1,6,1053.863,1486420403587,1054.53,1486420404255,1053.696,1486420403424
8,19,2,0.3,1,1,5,1054.696,1486420404421,1055.163,1486420404888,1054.53,1486420404258
8,20,2,0.3,1,1,6,1055.53,1486420405254,1056.063,1486420405788,1055.363,1486420405090
8,21,2,0.3,1,0,7,1056.363,1486420406088,-1,-1,1056.197,1486420405924
8,22,2,0.3,1,2,7,1057.196,1486420406921,-1,-1,1057.03,1486420406757
8,1,2,0.3,1,3,5,1059.096,1486420408821,-1,-1,1058.93,1486420408656
8,2,2,0.3,1,3,3,1059.863,1486420409588,-1,-1,1059.696,1486420409424
8,3,2,0.3,1,0,2,1060.63,1486420410355,-1,-1,1060.463,1486420410190
8,4,2,0.3,1,0,0,1061.396,1486420411121,-1,-1,1061.23,1486420410958
8,5,2,0.3,1,0,4,1062.164,1486420411888,-1,-1,1061.997,1486420411724
8,6,2,0.3,0,1,0,1062.93,1486420412655,-1,-1,1062.763,1486420412492
8,7,2,0.3,0,0,5,1063.697,1486420413421,1064.298,1486420414023,1063.53,1486420413258
8,8,2,0.3,1,0,3,1064.463,1486420414188,-1,-1,1064.298,1486420414029
8,9,2,0.3,1,2,4,1065.23,1486420414955,-1,-1,1065.064,1486420414791
8,10,2,0.3,1,1,3,1065.997,1486420415721,1066.53,1486420416255,1065.83,1486420415558
8,11,2,0.3,0,2,3,1066.763,1486420416488,1067.331,1486420417055,1066.597,1486420416326
8,12,2,0.3,0,1,3,1067.53,1486420417255,-1,-1,1067.364,1486420417091
8,13,2,0.3,1,2,4,1068.297,1486420418022,-1,-1,1068.13,1486420417858
8,14,2,0.3,0,2,4,1069.064,1486420418788,1069.397,1486420419122,1068.897,1486420418624
8,15,2,0.3,1,2,3,1069.831,1486420419555,-1,-1,1069.664,1486420419391
8,16,2,0.3,1,0,0,1070.597,1486420420322,-1,-1,1070.43,1486420420158
8,17,2,0.3,1,2,4,1071.364,1486420421088,-1,-1,1071.197,1486420420925
8,18,2,0.3,1,0,7,1072.131,1486420421855,-1,-1,1071.964,1486420421691
8,19,2,0.3,1,0,1,1072.897,1486420422622,-1,-1,1072.731,1486420422458
8,20,2,0.3,1,1,7,1073.664,1486420423389,1074.164,1486420423889,1073.497,1486420423224
8,21,2,0.3,1,1,1,1074.431,1486420424155,1074.864,1486420424589,1074.264,1486420423993
8,22,2,0.3,1,1,7,1075.197,1486420424922,1075.664,1486420425389,1075.031,1486420424758
8,1,2,0.3,1,3,2,1076.997,1486420426722,-1,-1,1076.831,1486420426556
8,2,2,0.3,1,3,1,1077.831,1486420427556,-1,-1,1077.664,1486420427393
8,3,2,0.3,0,2,1,1078.664,1486420428389,1079.231,1486420428956,1078.498,1486420428225
8,4,2,0.3,1,0,4,1079.498,1486420429222,-1,-1,1079.331,1486420429058
8,5,2,0.3,0,2,4,1080.331,1486420430056,1080.898,1486420430623,1080.164,1486420429893
8,6,2,0.3,1,0,2,1081.164,1486420430889,-1,-1,1080.998,1486420430725
8,7,2,0.3,1,0,6,1081.998,1486420431722,-1,-1,1081.831,1486420431558
8,8,2,0.3,1,2,4,1082.831,1486420432556,-1,-1,1082.664,1486420432392
8,9,2,0.3,1,1,6,1083.664,1486420433389,1083.898,1486420433623,1083.498,1486420433227
8,10,2,0.3,1,0,0,1084.498,1486420434223,-1,-1,1084.331,1486420434058
8,11,2,0.3,0,2,0,1085.331,1486420435056,1085.865,1486420435590,1085.165,1486420434893
8,12,2,0.3,1,0,3,1086.165,1486420435889,-1,-1,1085.998,1486420435725
8,13,2,0.3,1,2,3,1086.998,1486420436723,-1,-1,1086.831,1486420436559
8,14,2,0.3,0,1,3,1087.832,1486420437557,-1,-1,1087.665,1486420437393
8,15,2,0.3,0,1,3,1088.665,1486420438389,-1,-1,1088.498,1486420438226
8,16,2,0.3,0,1,3,1089.498,1486420439223,-1,-1,1089.331,1486420439059
8,17,2,0.3,1,0,7,1090.332,1486420440057,-1,-1,1090.165,1486420439892
8,18,2,0.3,0,1,3,1091.165,1486420440890,-1,-1,1090.998,1486420440725
8,19,2,0.3,0,1,7,1091.998,1486420441723,-1,-1,1091.832,1486420441560
8,20,2,0.3,1,2,7,1092.832,1486420442556,-1,-1,1092.665,1486420442393
8,21,2,0.3,1,0,1,1093.665,1486420443390,-1,-1,1093.498,1486420443227
8,22,2,0.3,0,0,6,1094.498,1486420444223,1094.632,1486420444357,1094.332,1486420444059
8,1,2,0.3,1,3,1,1103.032,1486420452757,-1,-1,1102.865,1486420452591
8,2,2,0.3,1,3,5,1103.932,1486420453657,-1,-1,1103.765,1486420453494
8,3,2,0.3,1,0,2,1104.833,1486420454558,-1,-1,1104.666,1486420454393
8,4,2,0.3,1,2,2,1105.732,1486420455457,-1,-1,1105.566,1486420455293
8,5,2,0.3,1,1,2,1106.632,1486420456357,1107.3,1486420457024,1106.466,1486420456193
8,6,2,0.3,1,1,2,1107.532,1486420457257,1108.033,1486420457758,1107.366,1486420457094
8,7,2,0.3,1,2,3,1108.433,1486420458158,-1,-1,1108.266,1486420457993
8,8,2,0.3,1,1,2,1109.333,1486420459057,1109.933,1486420459658,1109.166,1486420458893
8,9,2,0.3,1,2,2,1110.232,1486420459957,-1,-1,1110.066,1486420459793
8,10,2,0.3,1,0,7,1111.133,1486420460857,-1,-1,1110.966,1486420460694
8,11,2,0.3,1,2,3,1112.033,1486420461758,-1,-1,1111.866,1486420461594
8,12,2,0.3,1,0,0,1112.933,1486420462657,-1,-1,1112.766,1486420462494
8,13,2,0.3,0,1,3,1113.833,1486420463558,-1,-1,1113.666,1486420463393
8,14,2,0.3,0,0,4,1114.735,1486420464460,1114.766,1486420464491,1114.566,1486420464294
8,15,2,0.3,1,0,5,1115.633,1486420465358,-1,-1,1115.466,1486420465194
8,16,2,0.3,1,0,1,1116.533,1486420466258,-1,-1,1116.366,1486420466093
8,17,2,0.3,1,0,7,1117.433,1486420467158,-1,-1,1117.266,1486420466995
8,18,2,0.3,1,2,7,1118.333,1486420468058,-1,-1,1118.166,1486420467894
8,19,2,0.3,1,1,7,1119.233,1486420468958,1119.767,1486420469492,1119.067,1486420468794
8,20,2,0.3,1,0,4,1120.133,1486420469858,-1,-1,1119.967,1486420469694
8,21,2,0.3,1,1,7,1121.033,1486420470758,1121.667,1486420471392,1120.866,1486420470594
8,22,2,0.3,1,2,7,1121.934,1486420471659,-1,-1,1121.767,1486420471494
8,1,2,0.3,1,3,2,1123.067,1486420472791,-1,-1,1122.9,1486420472626
8,2,2,0.3,1,3,3,1123.9,1486420473625,-1,-1,1123.734,1486420473461
8,3,2,0.3,1,1,2,1124.733,1486420474458,1125.233,1486420474958,1124.567,1486420474294
8,4,2,0.3,1,1,3,1125.567,1486420475292,1126,1486420475725,1125.4,1486420475127
8,5,2,0.3,1,1,2,1126.4,1486420476125,1127,1486420476725,1126.234,1486420475962
8,6,2,0.3,0,2,2,1127.234,1486420476959,1127.734,1486420477459,1127.067,1486420476794
8,7,2,0.3,1,1,2,1128.067,1486420477792,1128.7,1486420478425,1127.9,1486420477628
8,8,2,0.3,0,2,3,1128.9,1486420478625,1129.568,1486420479293,1128.734,1486420478461
8,9,2,0.3,1,0,6,1129.734,1486420479458,-1,-1,1129.568,1486420479296
8,10,2,0.3,0,1,3,1130.567,1486420480292,-1,-1,1130.4,1486420480128
8,11,2,0.3,1,0,0,1131.401,1486420481125,-1,-1,1131.234,1486420480962
8,12,2,0.3,1,2,0,1132.234,1486420481959,-1,-1,1132.067,1486420481795
8,13,2,0.3,1,2,6,1133.067,1486420482792,-1,-1,1132.9,1486420482628
8,14,2,0.3,1,0,7,1133.901,1486420483625,-1,-1,1133.734,1486420483461
8,15,2,0.3,1,0,2,1134.734,1486420484459,-1,-1,1134.567,1486420484296
8,16,2,0.3,1,2,6,1135.567,1486420485292,-1,-1,1135.401,1486420485128
8,17,2,0.3,1,0,5,1136.402,1486420486126,-1,-1,1136.234,1486420485961
8,18,2,0.3,0,2,5,1137.234,1486420486959,1137.801,1486420487526,1137.067,1486420486795
8,19,2,0.3,1,0,1,1138.067,1486420487792,-1,-1,1137.901,1486420487628
8,20,2,0.3,0,1,5,1138.901,1486420488626,-1,-1,1138.735,1486420488463
8,21,2,0.3,0,0,6,1139.734,1486420489459,1140.368,1486420490093,1139.568,1486420489295
8,22,2,0.3,1,0,3,1140.568,1486420490292,-1,-1,1140.401,1486420490128
8,1,2,0.3,1,3,4,1142.134,1486420491859,-1,-1,1141.968,1486420491693
8,2,2,0.3,1,3,7,1143.034,1486420492759,-1,-1,1142.868,1486420492595
8,3,2,0.3,1,0,6,1143.935,1486420493659,-1,-1,1143.768,1486420493496
8,4,2,0.3,1,1,7,1144.834,1486420494559,1145.401,1486420495126,1144.668,1486420494396
8,5,2,0.3,0,1,6,1145.735,1486420495460,-1,-1,1145.568,1486420495295
8,6,2,0.3,0,1,7,1146.635,1486420496359,-1,-1,1146.468,1486420496196
8,7,2,0.3,0,2,7,1147.535,1486420497260,1147.602,1486420497326,1147.368,1486420497095
8,8,2,0.3,0,0,2,1148.435,1486420498159,1148.902,1486420498627,1148.268,1486420497996
8,9,2,0.3,1,0,3,1149.335,1486420499060,-1,-1,1149.168,1486420498895
8,10,2,0.3,1,0,5,1150.235,1486420499960,-1,-1,1150.068,1486420499796
8,11,2,0.3,1,1,3,1151.135,1486420500860,1151.602,1486420501327,1150.968,1486420500696
8,12,2,0.3,0,2,3,1152.035,1486420501760,1152.502,1486420502227,1151.868,1486420501596
8,13,2,0.3,1,1,3,1152.935,1486420502660,1153.402,1486420503127,1152.768,1486420502496
8,14,2,0.3,1,0,7,1153.835,1486420503560,-1,-1,1153.668,1486420503396
8,15,2,0.3,1,2,7,1154.735,1486420504460,-1,-1,1154.568,1486420504297
8,16,2,0.3,0,2,3,1155.635,1486420505360,1155.902,1486420505627,1155.469,1486420505196
8,17,2,0.3,0,2,3,1156.535,1486420506260,1157.235,1486420506960,1156.368,1486420506096
8,18,2,0.3,0,0,4,1157.435,1486420507160,1157.869,1486420507594,1157.269,1486420506997
8,19,2,0.3,1,1,3,1158.335,1486420508060,1158.769,1486420508494,1158.169,1486420507897
8,20,2,0.3,0,0,2,1159.235,1486420508961,1159.835,1486420509561,1159.069,1486420508797
8,21,2,0.3,1,0,6,1160.135,1486420509860,-1,-1,1159.969,1486420509696
8,22,2,0.3,1,2,3,1161.035,1486420510761,-1,-1,1160.869,1486420510596
8,1,2,0.3,1,3,2,1163.069,1486420512794,-1,-1,1162.902,1486420512628
8,2,2,0.3,1,3,4,1164.036,1486420513760,-1,-1,1163.869,1486420513596
8,3,2,0.3,1,0,7,1165.002,1486420514727,-1,-1,1164.836,1486420514563
8,4,2,0.3,1,0,1,1165.969,1486420515694,-1,-1,1165.802,1486420515529
8,5,2,0.3,0,2,4,1166.936,1486420516661,1167.536,1486420517261,1166.769,1486420516496
8,6,2,0.3,1,0,0,1167.903,1486420517627,-1,-1,1167.737,1486420517466
8,7,2,0.3,1,1,4,1168.869,1486420518594,1169.636,1486420519361,1168.702,1486420518430
8,8,2,0.3,1,1,0,1169.836,1486420519561,1170.469,1486420520194,1169.669,1486420519397
8,9,2,0.3,1,1,4,1170.803,1486420520527,1171.37,1486420521095,1170.636,1486420520364
8,10,2,0.3,1,1,0,1171.77,1486420521494,1172.236,1486420521962,1171.603,1486420521330
8,11,2,0.3,1,0,5,1172.736,1486420522461,-1,-1,1172.569,1486420522298
8,12,2,0.3,1,1,0,1173.703,1486420523428,1174.17,1486420523895,1173.536,1486420523264
8,13,2,0.3,1,2,0,1174.669,1486420524394,-1,-1,1174.503,1486420524231
8,14,2,0.3,1,2,5,1175.636,1486420525361,-1,-1,1175.469,1486420525197
8,15,2,0.3,0,1,0,1176.603,1486420526328,-1,-1,1176.436,1486420526164
8,16,2,0.3,1,2,0,1177.57,1486420527295,-1,-1,1177.403,1486420527131
8,17,2,0.3,1,0,4,1178.536,1486420528262,-1,-1,1178.371,1486420528099
8,18,2,0.3,1,0,6,1179.503,1486420529228,-1,-1,1179.336,1486420529064
8,19,2,0.3,1,2,6,1180.47,1486420530195,-1,-1,1180.303,1486420530030
8,20,2,0.3,0,0,7,1181.437,1486420531161,1182.003,1486420531728,1181.27,1486420530998
8,21,2,0.3,1,2,4,1182.403,1486420532128,-1,-1,1182.237,1486420531965
8,22,2,0.3,1,0,2,1183.37,1486420533095,-1,-1,1183.204,1486420532931
8,1,2,0.3,1,3,5,1189.271,1486420538995,-1,-1,1189.104,1486420538830
8,2,2,0.3,1,3,3,1190.237,1486420539962,-1,-1,1190.07,1486420539798
8,3,2,0.3,1,1,5,1191.204,1486420540929,1191.67,1486420541395,1191.037,1486420540764
8,4,2,0.3,1,2,5,1192.17,1486420541895,-1,-1,1192.004,1486420541731
8,5,2,0.3,1,0,0,1193.137,1486420542862,-1,-1,1192.97,1486420542698
8,6,2,0.3,1,1,5,1194.104,1486420543829,1194.571,1486420544296,1193.937,1486420543665
8,7,2,0.3,1,1,0,1195.071,1486420544796,1195.604,1486420545329,1194.904,1486420544631
8,8,2,0.3,1,1,5,1196.037,1486420545762,1196.438,1486420546163,1195.871,1486420545598
8,9,2,0.3,1,0,3,1197.004,1486420546729,-1,-1,1196.837,1486420546566
8,10,2,0.3,1,0,6,1197.971,1486420547696,-1,-1,1197.804,1486420547532
8,11,2,0.3,0,2,6,1198.938,1486420548662,1199.638,1486420549363,1198.771,1486420548499
8,12,2,0.3,1,0,4,1199.904,1486420549629,-1,-1,1199.738,1486420549465
8,13,2,0.3,1,0,5,1200.871,1486420550596,-1,-1,1200.704,1486420550432
8,14,2,0.3,0,1,4,1201.838,1486420551562,-1,-1,1201.671,1486420551400
8,15,2,0.3,1,2,6,1202.804,1486420552529,-1,-1,1202.638,1486420552365
8,16,2,0.3,1,1,4,1203.771,1486420553496,1204.338,1486420554063,1203.604,1486420553332
8,17,2,0.3,1,2,4,1204.738,1486420554463,-1,-1,1204.571,1486420554298
8,18,2,0.3,1,0,0,1205.705,1486420555429,-1,-1,1205.538,1486420555266
8,19,2,0.3,1,0,3,1206.671,1486420556396,-1,-1,1206.505,1486420556232
8,20,2,0.3,1,2,4,1207.638,1486420557363,-1,-1,1207.471,1486420557199
8,21,2,0.3,0,2,4,1208.605,1486420558330,1209.138,1486420558863,1208.438,1486420558166
8,22,2,0.3,0,0,6,1209.572,1486420559296,1210.239,1486420559964,1209.405,1486420559132
