%Recollect Version 2.0. Scene/Level: multi0_intro, Game Number: 006
%Note: All true/false values are represented as "1" and "0" respectively.
%Damage:1,Player X Position,Player Y Position,Hearts Left,Time (Relative),Time (Absolute)
%MultiObjectBugListChanged:5,[Array of Bug Types]
%BugPositions:3,Time (Relative),Time (Absolute),(For Each Bug:)Bug Color,Bug Position X,Bug Position Y
%MultiObjectTask:4,Matched Correctly,Was Collected,Flower Type,Reveal Time (R),Reveal Time (A),Pollenation Time (R) (-1.0 = unpollenated),Pollenation Time (A) (-1.0 = unpollenated),Death Time (R),Death Time (A)
%Possible values for "Flower Types":Red=0,Green=1,Blue=2,Yellow=3,White=4,Magenta=5,
5,2,3
3,0,1478203763092.84,2,0.09999996,0.5666667,3,0.85,0.5666667
3,1.028503,1478203764069.59,2,0.1037703,0.6914017,3,0.8638324,0.6417864
3,2.028564,1478203765069.68,2,0.1957498,0.6964929,3,0.8648868,0.7255921
3,3.028625,1478203766069.59,2,0.2877285,0.5692123,3,0.8385272,0.7519876
3,4.028687,1478203767069.82,2,0.3797055,0.6914017,3,0.7849188,0.6328422
3,5.028748,1478203768069.68,2,0.4757389,0.5938235,3,0.6651421,0.6095481
3,6.028931,1478203769070.41,2,0.6771847,0.3079417,3,0.5799626,0.635347
3,7.062195,1478203770102.71,2,0.5414431,0.3384148,3,0.4470366,0.7604489
4,1,1,2,4.38745,5.84741,1478203768902.32,7.76746,1478203770836.01
3,8.062195,1478203771102.69,2,0.3850737,0.3671583,3,0.3167169,0.6819536
3,9.062256,1478203772102.74,2,0.3851807,0.5026149,3,0.1863973,0.6378
3,10.06244,1478203773102.93,2,0.3851826,0.6575807,3,0.2083058,0.7515653
3,11.06262,1478203774103.12,2,0.4294016,0.7628447,3,0.2039022,0.7622598
3,12.06262,1478203775103.3,2,0.5276301,0.7310664,3,0.3519776,0.5396881
3,13.09583,1478203776136.8,2,0.6297879,0.7637996,3,0.5348849,0.3190681
4,1,1,3,10.38745,12.26746,1478203775335.99,13.78741,1478203776836.78
3,14.09589,1478203777136.82,2,0.7514844,0.776453,3,0.2833357,0.2580959
3,15.09601,1478203778137.01,2,0.9083829,0.6138486,3,0.2040062,0.2983454
3,16.09613,1478203779137.32,2,0.8778951,0.6106398,3,0.2040164,0.4003743
3,17.12939,1478203780170.48,2,0.8704066,0.5703667,3,0.2040164,0.5136318
3,18.12946,1478203781170.63,2,0.7209435,0.3353812,3,0.2040164,0.6233249
3,19.12952,1478203782170.43,2,0.5259132,0.3598739,3,0.2040167,0.7309629
4,1,1,2,16.36743,17.36743,1478203780436.34,19.76746,1478203782836.93
5,2,3,1
3,20.1629,1478203783203.49,2,0.3925352,0.4575788,3,0.2040167,0.7281705,1,0.0114603,0.6081215
3,21.1629,1478203784203.67,2,0.5599465,0.6336503,3,0.2679372,0.6742413,1,0.1001711,0.6806311
3,22.16302,1478203785203.57,2,0.9216433,0.7383036,3,0.4930806,0.6053144,1,0.1996775,0.7658567
3,23.16315,1478203786203.67,2,0.7830381,0.7774717,3,0.4390459,0.7831969,1,0.1757841,0.684362
3,24.16321,1478203787204.38,2,0.6454473,0.66083,3,0.5250173,0.3969871,1,0.1001425,0.6028674
3,25.16327,1478203788203.8,2,0.5086832,0.7482681,3,0.5209527,0.3450574,1,0.04925728,0.6378476
4,1,1,3,22.40741,24.22742,1478203787270.48,25.78741,1478203788837.99
3,26.16394,1478203789204.91,2,0.3841143,0.5998414,3,0.2522721,0.2446379,1,0.2305508,0.7377796
3,27.19678,1478203790237.89,2,0.6455173,0.6882504,3,0.1604967,0.3493241,1,0.1865854,0.7820371
3,28.23016,1478203791271.07,2,0.9132986,0.7673284,3,0.09036684,0.475385,1,0.09061718,0.6872756
3,29.23022,1478203792271.18,2,0.8886366,0.6485158,3,0.08548927,0.5737904,1,0.08418322,0.773605
3,30.23022,1478203793271.22,2,0.7966251,0.585488,3,0.1008816,0.5671099,1,0.05742264,0.7658154
3,31.2652,1478203794306.08,2,0.6842918,0.6569714,3,0.1700282,0.5869333,1,0.2523255,0.3136925
4,1,1,1,28.38745,31.36743,1478203794437.64,31.78741,1478203794839.37
3,32.29712,1478203795338.38,2,0.6434102,0.6170878,3,0.1039329,0.7088513,1,0.229486,0.2287464
3,33.33038,1478203796371.52,2,0.935637,0.7809569,3,0.1395226,0.7419644,1,0.16926,0.3685335
3,34.36371,1478203797404.56,2,0.9087701,0.7715574,3,0.1545434,0.664295,1,0.1011529,0.4768823
3,35.36377,1478203798404.63,2,0.9351816,0.7550764,3,0.3046122,0.6017684,1,0.05429459,0.570519
3,36.36383,1478203799405.01,2,0.6705718,0.2719305,3,0.3536172,0.6175721,1,0.06653738,0.6481544
3,37.36389,1478203800404.71,2,0.4867921,0.3312733,3,0.2764544,0.699209,1,0.06736612,0.6422229
4,1,1,2,34.40741,36.04742,1478203799105.1,37.78741,1478203800837.96
5,2,3,1,5
3,38.36395,1478203801404.77,2,0.3386059,0.2984925,3,0.3549986,0.7449194,1,0.2190499,0.6222155,5,0.04908133,0.5021518
3,39.36523,1478203802406.52,2,0.8559189,0.681748,3,0.4289951,0.6457329,1,0.2393818,0.611038,5,0.07395029,0.6137187
3,40.3974,1478203803438.66,2,0.919035,0.7143024,3,0.5329771,0.5811098,1,0.3891068,0.7317691,5,0.1591673,0.7805293
3,41.43091,1478203804471.89,2,0.8477106,0.5910894,3,0.6536818,0.6208544,1,0.4991541,0.7791688,5,0.116559,0.6598082
3,42.43097,1478203805471.99,2,0.7880373,0.6945143,3,0.6080894,0.553995,1,0.5472631,0.736429,5,0.08050537,0.597396
3,43.46436,1478203806504.74,2,0.7220974,0.7783852,3,0.5117207,0.5990003,1,0.4333467,0.2911181,5,0.1565161,0.7611886
4,1,1,1,40.36743,42.90741,1478203805971.93,43.76746,1478203806837.82
3,44.4989,1478203807540.09,2,0.8834467,0.7204602,3,0.3594313,0.697942,1,0.1712294,0.2747268,5,0.2039242,0.7229744
3,45.53113,1478203808571.91,2,0.8646612,0.742476,3,0.4235029,0.7648169,1,0.1675997,0.422166,5,0.1356564,0.6240306
3,46.56445,1478203809604.93,2,0.9421263,0.7567875,3,0.4173422,0.6532525,1,0.1126213,0.4999214,5,0.06546688,0.720928
3,47.56445,1478203810605.16,2,0.9168425,0.6622157,3,0.3581991,0.5815387,1,0.097579,0.5988141,5,0.1865025,0.7614422
3,48.5647,1478203811605.18,2,0.8864756,0.566911,3,0.6327124,0.2819733,1,0.05529499,0.6272191,5,0.1730528,0.7526101
3,49.5979,1478203812638.91,2,0.9539108,0.6825355,3,0.4385061,0.3322658,1,0.1160259,0.5734085,5,0.09192562,0.7733071
4,1,1,3,46.40741,48.16742,1478203811238.22,49.78741,1478203812838.93
3,50.59796,1478203813639.09,2,0.8390522,0.774565,3,0.2432432,0.2761605,1,0.129899,0.6037819,5,0.1083927,0.80178
3,51.59802,1478203814639.07,2,0.848381,0.6763223,3,0.2555351,0.3756152,1,0.1987333,0.585382,5,0.08504105,0.7326047
3,52.59808,1478203815639.09,2,0.9311323,0.7615054,3,0.3819485,0.4763776,1,0.1898746,0.6561098,5,0.07417393,0.782766
3,53.59814,1478203816639.34,2,0.8119297,0.7049851,3,0.5890102,0.5841436,1,0.2475624,0.5758156,5,0.1331968,0.7331807
3,54.59827,1478203817639.49,2,0.8098335,0.7402899,3,0.6670055,0.6190936,1,0.3649883,0.6139005,5,0.4793873,0.2770525
3,55.59827,1478203818639.33,2,0.9192486,0.6991112,3,0.755621,0.7365958,1,0.5218487,0.7073669,5,0.4285259,0.3340429
4,1,1,5,52.36743,54.60742,1478203817672.16,55.74744,1478203818805.25
5,2,3,1,5,4
3,56.59827,1478203819639.75,2,0.9230204,0.6081644,3,0.769289,0.7796105,1,0.6194696,0.5845038,5,0.1858587,0.3314931,4,0.07754803,0.5831891
3,57.59839,1478203820639.53,2,0.8262024,0.5732608,3,0.763752,0.782774,1,0.6802845,0.6162617,5,0.1258144,0.4463378,4,0.1219816,0.6862559
3,58.59857,1478203821639.63,2,0.8704758,0.6493325,3,0.7293053,0.7743527,1,0.7044544,0.5693328,5,0.0561552,0.5798204,4,0.1268415,0.7788672
3,59.6319,1478203822672.93,2,0.9463186,0.7722409,3,0.743988,0.7554191,1,0.6243534,0.598693,5,0.08186054,0.570526,4,0.06378365,0.7687316
3,60.66571,1478203823706.72,2,0.8775606,0.7124062,3,0.6152296,0.7767481,1,0.56738,0.5761942,5,0.08589649,0.6313051,4,0.4997311,0.3640011
3,61.69861,1478203824739.67,2,0.8089104,0.6250771,3,0.5400333,0.7407107,1,0.6497011,0.6029421,5,0.1355734,0.7588434,4,0.4107437,0.3411602
4,1,1,4,58.36743,60.64746,1478203823705.8,61.76746,1478203824838.95
3,62.69873,1478203825739.66,2,0.9106569,0.6277129,3,0.4081059,0.7195582,1,0.5819931,0.6784388,5,0.04691982,0.7015829,4,0.1784706,0.3377313
3,63.69891,1478203826739.83,2,0.8416796,0.6584756,3,0.2533054,0.6498531,1,0.5514717,0.7866872,5,0.08229256,0.6273239,4,0.1340122,0.4399745
3,64.73218,1478203827773.21,2,0.7185173,0.606965,3,0.2794609,0.6102134,1,0.5849724,0.6978163,5,0.08580589,0.6988885,4,0.09404278,0.4982688
3,65.73236,1478203828773.88,2,0.8603783,0.6309706,3,0.365242,0.6046559,1,0.5167809,0.6363568,5,0.2369728,0.7076799,4,0.1021385,0.6209065
3,66.7655,1478203829806.1,2,0.5935688,0.3106347,3,0.3883791,0.5770347,1,0.5738249,0.5773876,5,0.1501007,0.7590177,4,0.05355072,0.6060414
3,67.76556,1478203830806.08,2,0.4038944,0.3133173,3,0.3168364,0.6310525,1,0.7747068,0.6653163,5,0.198966,0.7630112,4,0.1020727,0.6028634
4,1,1,2,64.38745,66.04742,1478203829106.08,67.76746,1478203830839.27
3,68.76556,1478203831806.21,2,0.2886429,0.3312244,3,0.3509235,0.5603652,1,0.710475,0.7532451,5,0.2869444,0.7468458,4,0.1260529,0.6902148
3,69.76593,1478203832806.69,2,0.3661566,0.3656887,3,0.4120932,0.6193658,1,0.5889378,0.7803656,5,0.2125235,0.7643157,4,0.06346035,0.7852452
3,70.79919,1478203833840.16,2,0.9007711,0.4016049,3,0.3517046,0.6168975,1,0.6682043,0.6202824,5,0.2404299,0.7508182,4,0.0550499,0.734872
3,71.79926,1478203834840,2,0.7928314,0.315907,3,0.4679432,0.607044,1,0.744422,0.7126381,5,0.2790194,0.7401707,4,0.1554184,0.6094864
3,72.80011,1478203835841.6,2,0.9373646,0.6844804,3,0.6931629,0.5759498,1,0.8060246,0.7894893,5,0.2525806,0.6167041,4,0.06222248,0.5772994
5,3,1,5,4
4,0,1,4,70.38745,70.44745,1478203833505.81,73.76746,1478203836843.83
3,73.83264,1478203836873.47,3,0.6463175,0.6113039,1,0.7958994,0.7621575,5,0.2386484,0.6416944,4,0.4333992,0.2686986
3,74.83264,1478203837873.38,3,0.4402342,0.6447517,1,0.9360285,0.7487608,5,0.3062592,0.7338579,4,0.345459,0.3702734
3,75.8327,1478203838874.03,3,0.5146542,0.5693356,1,0.9478159,0.7220159,5,0.4357843,0.7390344,4,0.379385,0.480014
3,76.83282,1478203839873.61,3,0.6052017,0.669563,1,0.8828859,0.6695694,5,0.3573942,0.7451625,4,0.2987633,0.5613894
3,77.8399,1478203840880.98,3,0.6574917,0.7785767,1,0.9208736,0.6867289,5,0.3167582,0.7863525,4,0.299943,0.5841297
3,78.86633,1478203841907.41,3,0.5889473,0.3209165,1,0.9295864,0.7699809,5,0.3018703,0.7722861,4,0.3221283,0.574351
4,1,1,3,76.40741,78.10742,1478203841173.04,79.78741,1478203842839.54
3,79.89954,1478203842940.9,3,0.3741131,0.3095463,1,0.8588161,0.6344874,5,0.4389954,0.7190736,4,0.2116737,0.6242785
3,80.89972,1478203843940.42,3,0.2755833,0.3128387,1,0.9149437,0.5713696,5,0.6516266,0.6698366,4,0.06037331,0.6894393
