%Recollect Version 2.0. Scene/Level: multi0_intro, Game Number: 005
%Note: All true/false values are represented as "1" and "0" respectively.
%Damage:1,Player X Position,Player Y Position,Hearts Left,Time (Relative),Time (Absolute)
%MultiObjectBugListChanged:5,[Array of Bug Types]
%BugPositions:3,Time (Relative),Time (Absolute),(For Each Bug:)Bug Color,Bug Position X,Bug Position Y
%MultiObjectTask:4,Matched Correctly,Was Collected,Flower Type,Reveal Time (R),Reveal Time (A),Pollenation Time (R) (-1.0 = unpollenated),Pollenation Time (A) (-1.0 = unpollenated),Death Time (R),Death Time (A)
%Possible values for "Flower Types":Red=0,Green=1,Blue=2,Yellow=3,White=4,Magenta=5,
5,3,1
3,0,1478038055425.46,3,0.09999996,0.4333333,1,0.85,0.7
3,1.016663,1478038056388.54,3,0.08532211,0.5728114,1,0.7325143,0.7738819
3,2.049988,1478038057422.65,3,0.09108233,0.7503936,1,0.6158068,0.7702298
3,3.05011,1478038058422.47,3,0.1254243,0.6955574,1,0.5035878,0.69196
3,4.050171,1478038059422.71,3,0.07046908,0.584324,1,0.391369,0.7820871
3,5.050293,1478038060422.75,3,0.1582381,0.6448305,1,0.2851523,0.7948456
3,6.050598,1478038061423.38,3,0.09656227,0.6344101,1,0.4607127,0.6805534
3,7.083618,1478038062456.29,3,0.5347965,0.2452683,1,0.6432971,0.6991168
4,1,1,3,4.39868,6.71869,1478038062123.47,7.77869,1478038063156.08
3,8.083679,1478038063456.06,3,0.2954127,0.2729504,1,0.8188591,0.7754314
3,9.08374,1478038064456.24,3,0.1968012,0.3640134,1,0.9194441,0.7862651
3,10.0838,1478038065456.28,3,0.1459692,0.4545352,1,0.8124743,0.7104075
3,11.08386,1478038066456.16,3,0.09508109,0.5591627,1,0.9398088,0.6350259
3,12.08441,1478038067457.48,3,0.05876446,0.6459705,1,0.7388239,0.2715126
3,13.11731,1478038068489.22,3,0.1470492,0.7741677,1,0.5378306,0.337061
4,1,1,1,10.39868,11.85870,1478038067255.56,13.79871,1478038069189.1
3,14.11731,1478038069489.28,3,0.2324889,0.768142,1,0.3819442,0.3624806
3,15.11737,1478038070489.33,3,0.3179238,0.6829968,1,0.7767746,0.630035
3,16.11749,1478038071489.4,3,0.4039066,0.7701113,1,0.8637793,0.7709132
3,17.11749,1478038072489.43,3,0.5169742,0.6653707,1,0.8535106,0.7106938
3,18.11755,1478038073489.73,3,0.6998587,0.3250258,1,0.7373867,0.6255857
3,19.11761,1478038074490.26,3,0.532711,0.3572277,1,0.7163005,0.6679965
4,1,1,3,16.37872,17.93872,1478038073323.02,19.77869,1478038075156.94
5,3,1,5
3,20.11774,1478038075489.85,3,0.3530793,0.356794,1,0.8279285,0.7669633,5,0.0077281,0.6106576
3,21.1181,1478038076490.11,3,0.3532038,0.4607857,1,0.6719193,0.6274151,5,0.1473455,0.7630072
3,22.15173,1478038077524.25,3,0.3393402,0.5722185,1,0.495574,0.6113971,5,0.05260038,0.6991749
3,23.18457,1478038078557.18,3,0.27742,0.6650549,1,0.4221458,0.6139327,5,0.08543158,0.5929784
3,24.18457,1478038079557.24,3,0.3192353,0.6335074,1,0.5967298,0.4544846,5,0.06202793,0.5846425
3,25.18463,1478038080557.04,3,0.4795861,0.6021815,1,0.5239024,0.3518935,5,0.2326603,0.6945081
4,1,1,1,22.41870,24.19873,1478038079589.59,25.79871,1478038081190.18
3,26.18524,1478038081557.63,3,0.3897901,0.6870807,1,0.2491283,0.2439426,5,0.1002207,0.7151349
3,27.2182,1478038082590.2,3,0.3224425,0.773678,1,0.2452283,0.3811055,5,0.058846,0.5817266
3,28.25159,1478038083625,3,0.4724536,0.6743271,1,0.7390361,0.5794395,5,0.1594753,0.6986791
3,29.28485,1478038084657.24,3,0.5842686,0.7374025,1,0.9047055,0.739256,5,0.2625852,0.7778774
3,30.28503,1478038085657.73,3,0.6917672,0.7604377,1,0.9165106,0.7207449,5,0.6723685,0.3108675
3,31.31836,1478038086690.9,3,0.7871542,0.7040325,1,0.9450836,0.6114247,5,0.4980659,0.3287766
4,1,1,5,28.39868,30.13867,1478038085523.36,31.79871,1478038087190.1
3,32.31848,1478038087691.23,3,0.8029265,0.6978197,1,0.9151597,0.5656743,5,0.2565894,0.252124
3,33.35181,1478038088724.81,3,0.750164,0.7837442,1,0.8659945,0.6564862,5,0.2566166,0.3720506
3,34.35187,1478038089724.86,3,0.7148867,0.7191613,1,0.8318653,0.585735,5,0.2566166,0.4996555
3,35.38519,1478038090757.88,3,0.5894012,0.6009225,1,0.9071245,0.6732162,5,0.2566161,0.6222881
3,36.38531,1478038091757.6,3,0.6471109,0.3043292,1,0.8955235,0.7715058,5,0.2566161,0.5929572
3,37.38538,1478038092757.76,3,0.4827576,0.3328544,1,0.8289113,0.6971478,5,0.2566161,0.642533
4,1,1,3,34.41870,35.89868,1478038091290,37.79871,1478038093191.22
5,3,1,5,4
3,38.38544,1478038093757.95,3,0.3732033,0.3904495,1,0.7466326,0.5830796,5,0.2566156,0.7537028,4,0.03772831,0.5615938
3,39.38544,1478038094757.88,3,0.3773441,0.5207731,1,0.7610769,0.6543648,5,0.3782873,0.7206962,4,0.1598454,0.6658497
3,40.3855,1478038095758.23,3,0.4536858,0.6198817,1,0.9271822,0.7606041,5,0.3206987,0.7692764,4,0.2734489,0.5735294
3,41.38556,1478038096757.94,3,0.5313148,0.6410876,1,0.7466326,0.7140608,5,0.3039055,0.7663104,4,0.2686911,0.567921
3,42.38562,1478038097758.39,3,0.5042191,0.5853902,1,0.6362791,0.7409099,5,0.3992796,0.5606571,4,0.2150784,0.5496678
3,43.38562,1478038098758.21,3,0.4613485,0.6139956,1,0.6259079,0.7768199,5,0.4789658,0.3025905,4,0.3020525,0.6116024
4,1,1,5,40.37872,42.53870,1478038097924.05,43.77869,1478038099157.9
3,44.38568,1478038099758.03,3,0.563468,0.7173802,1,0.7922668,0.6522065,5,0.1795044,0.2396868,4,0.2206469,0.7763624
3,45.38611,1478038100759.15,3,0.5634489,0.7290336,1,0.9438601,0.7269745,5,0.1072712,0.4238709,4,0.1392412,0.7784216
3,46.41931,1478038101791.91,3,0.4572058,0.5715522,1,0.7329597,0.7691886,5,0.05254269,0.5231398,4,0.09583759,0.7374827
3,47.45325,1478038102825.23,3,0.5512991,0.583962,1,0.6574535,0.7672666,5,0.1047125,0.5614648,4,0.09406853,0.7712412
3,48.45331,1478038103825.54,3,0.6648817,0.5707628,1,0.6994839,0.768329,5,0.05840683,0.5922992,4,0.5616446,0.2991619
3,49.48615,1478038104858.4,3,0.6533442,0.5672103,1,0.6452065,0.7721047,5,0.1539383,0.7375316,4,0.4588766,0.3259391
4,1,1,4,46.41870,48.39868,1478038103790.8,49.79871,1478038105191.03
3,50.48621,1478038105858.48,3,0.5464468,0.6277874,1,0.7427139,0.7254188,5,0.08780098,0.6682383,4,0.1760769,0.2434502
3,51.51953,1478038106891.87,3,0.4709244,0.7733868,1,0.8345604,0.6127049,5,0.06855011,0.6260726,4,0.1863689,0.3736089
3,52.55286,1478038107925.36,3,0.5822496,0.7138035,1,0.7109842,0.6103362,5,0.1336994,0.6216604,4,0.2089138,0.4490405
3,53.55304,1478038108924.85,3,0.4535341,0.6806085,1,0.7011766,0.6659862,5,0.1056852,0.6280841,4,0.2773924,0.5136375
3,54.58643,1478038109958.69,3,0.5873709,0.3120791,1,0.7619953,0.7210987,5,0.08435726,0.6076279,4,0.2719994,0.5737326
3,55.61969,1478038110992,3,0.4276686,0.3455549,1,0.8228149,0.6414918,5,0.1152229,0.752814,4,0.3656273,0.6910645
4,1,1,3,52.37872,54.29871,1478038109691.37,55.77869,1478038111158.42
5,3,1,5,4,2
3,56.61975,1478038111992.24,3,0.1916771,0.2539357,1,0.7885351,0.6700042,5,0.2110481,0.7114055,4,0.4556541,0.6450753,2,0.04806423,0.5425972
3,57.61981,1478038112992.09,3,0.1917114,0.3431781,1,0.6752386,0.7420546,5,0.3127842,0.7102984,4,0.545681,0.5693192,2,0.1570644,0.6289871
3,58.61993,1478038113992.72,3,0.8363342,0.6503121,1,0.5718651,0.7855751,5,0.4188251,0.7534059,4,0.5428905,0.5685003,2,0.2728605,0.7084258
3,59.61993,1478038114992.35,3,0.8951178,0.7182815,1,0.5493555,0.7635437,5,0.3948908,0.7414168,4,0.6265526,0.5916036,2,0.212636,0.7511013
3,60.62,1478038115992.26,3,0.897213,0.5633767,1,0.3772745,0.6851802,5,0.6039495,0.3033001,4,0.7468586,0.7195104,2,0.1558666,0.7162687
3,61.62006,1478038116992.36,3,0.8973064,0.6656411,1,0.3992367,0.7627652,5,0.4292583,0.3458403,4,0.6987534,0.7180465,2,0.1371059,0.5769166
4,1,1,5,58.37872,60.15869,1478038115558.32,61.77869,1478038117158.77
3,62.62012,1478038117992.53,3,0.9208012,0.7672072,1,0.4642181,0.7441068,5,0.2427387,0.2893342,4,0.6294956,0.5983408,2,0.07805443,0.6332184
3,63.62024,1478038118992.56,3,0.8775434,0.6966994,1,0.3609161,0.6669362,5,0.2428226,0.4151195,4,0.7325993,0.6219537,2,0.09485817,0.6185222
3,64.62048,1478038119992.84,3,0.9011002,0.7755485,1,0.4587574,0.7426648,5,0.3795958,0.5067809,4,0.6129704,0.6009306,2,0.1883945,0.5796846
3,65.65411,1478038121026.06,3,0.8032026,0.7760923,1,0.4713011,0.7803748,5,0.4146452,0.567534,4,0.5667038,0.5783283,2,0.2163172,0.6722996
3,66.68732,1478038122059.92,3,0.7299423,0.666758,1,0.6111755,0.2921984,5,0.3380098,0.560309,4,0.4741879,0.4774626,2,0.146493,0.7722666
3,67.7204,1478038123092.69,3,0.6463337,0.6325796,1,0.4207611,0.2858302,5,0.2994432,0.6337534,4,0.5174761,0.5277928,2,0.07666969,0.6916277
4,1,1,1,64.39868,66.59869,1478038121991.98,67.77869,1478038123159.16
3,68.72046,1478038124092.8,3,0.7737045,0.764459,1,0.1730499,0.3022907,5,0.2417936,0.7202899,4,0.6154652,0.6709058,2,0.09819317,0.6631964
3,69.72052,1478038125092.78,3,0.9478836,0.6452085,1,0.1373119,0.3968891,5,0.3193378,0.6972833,4,0.6997557,0.7461643,2,0.09591103,0.5887854
3,70.72058,1478038126092.93,3,0.8343554,0.7402502,1,0.1221027,0.4315396,5,0.3967762,0.6792207,4,0.5681486,0.6306838,2,0.05332375,0.6091039
3,71.75409,1478038127126.08,3,0.7415781,0.7765059,1,0.1029997,0.4504966,5,0.2723703,0.5864782,4,0.6124096,0.6749893,2,0.04318047,0.6334985
3,72.78729,1478038128159.46,3,0.6031294,0.3292781,1,0.06215382,0.545904,5,0.3747997,0.670578,4,0.658082,0.7317449,2,0.1415415,0.7638447
5,1,5,4,2
4,0,1,4,70.39868,72.23871,1478038127625.44,73.77869,1478038129165.55
3,73.78741,1478038129169.55,1,0.124568,0.6301317,5,0.5585155,0.7309906,4,0.7274332,0.7800736,2,0.2457743,0.7543623
3,74.82074,1478038130192.95,1,0.1197309,0.5869647,5,0.5063124,0.5626777,4,0.8543215,0.7167805,2,0.3108883,0.7458179
3,75.82086,1478038131193.45,1,0.07203388,0.6732284,5,0.5525818,0.6944429,4,0.9152327,0.6295517,2,0.4011135,0.772606
3,76.82092,1478038132193.16,1,0.151227,0.5723965,5,0.6844893,0.7743003,4,0.8386164,0.7703623,2,0.5511837,0.6372485
3,77.82111,1478038133193.21,1,0.2304192,0.5843377,5,0.6495075,0.7443737,4,0.8883057,0.7240834,2,0.4430656,0.5984437
3,78.85443,1478038134226.3,1,0.1761942,0.6344872,5,0.5812626,0.2937186,4,0.8306122,0.5667548,2,0.4418793,0.6831186
5,1,4,2
4,0,1,1,76.41870,78.43872,1478038133825.73,79.77869,1478038135162.15
3,79.8877,1478038135260.2,1,0.06963158,0.6897497,4,0.6281204,0.6607803,2,0.273983,0.7526579
3,80.88776,1478038136259.97,1,0.1814537,0.5884293,4,0.4625969,0.7427366,2,0.3244076,0.6655851
