%Recollect Version 2.0. Scene/Level: span0_intro, Game Number: 002
%Note: All true/false values are represented as "1" and "0" respectively.
%Damage:1,Player X Position,Player Y Position,Hearts Left,Time (Relative),Time (Absolute)
%SpanCollectionOrder:6,Time (R),Time (A),Is Reversed. (Arrangement order is from bottom left to top right)
%SpanArrangementOrder:7,[Array of Span Types] (Order is from bottom left to top right). 
%SpanPlayerInput:8,beginTime,endTime,[Array of Positions in Arrangment Pressed, followed by time]
6,0.00000,1478203036662.78,0,1,2
7,2,1
6,14.11378,1478203050759.02,0,1,3
7,1,3
8,6.61379,14.11378,0,8.69785,1,9.33154,0,9.66409
6,26.27379,1478203062926.73,0,0,2
7,0,2
8,18.77379,26.27379,0,20.63075,1,20.89746
6,38.83379,1478203075494.35,0,2,1
7,1,2
8,31.35379,38.83379,0,32.83148,1,33.33150
6,50.71379,1478203087361.09,0,2,0,1
7,1,0,2
8,43.21379,50.71379,1,45.33212,0,45.63211
6,62.99379,1478203099628.64,0,2,0,3
7,3,0,2
8,55.49379,62.99379,2,57.43440,1,57.73280,0,58.03300
6,75.41380,1478203112063.09,1,1,3,2
7,2,3,1
8,67.91380,75.41380,2,70.16692,1,70.40608,0,70.70082
6,87.53380,1478203125263.24,1,3,2,1,0
7,0,2,1,3
8,80.05379,87.53380,2,82.26393,1,82.49892,0,82.76875
6,99.69380,1478203137397.58,1,3,2,1,0
7,0,2,3,1
8,92.19380,99.69380,3,94.83144,1,95.00471,2,95.26491,0,95.53127
6,112.27380,1478203149998.59,1,2,3,1,0
7,0,1,2,3
8,104.77380,112.27380,2,106.86520,1,107.10260,3,107.36540,0,107.59880
6,124.15380,1478203161865.53,1,1,0,3,2,1
7,2,1,3,0,1
8,116.65380,124.15380,2,118.89940,3,119.16590,1,119.69920,0,119.86750
6,136.41380,1478203174132.66,1,1,0,2,3,1
7,1,1,3,2,0
8,128.93380,136.41380,1,130.76650,3,131.43350,2,131.63430,0,131.90350,4,132.09990
8,141.35380,148.85380,0,142.60060,4,143.10730,3,143.66730,2,143.93400,1,144.13400
