%Recollect Version 2.0. Scene/Level: multi1_intro, Game Number: 027
%Note: All true/false values are represented as "1" and "0" respectively.
%Damage:1,Player X Position,Player Y Position,Hearts Left,Time (Relative),Time (Absolute)
%MultiObjectBugListChanged:5,[Array of Bug Types]
%BugPositions:3,Time (Relative),Time (Absolute),(For Each Bug:)Bug Color,Bug Position X,Bug Position Y
%MultiObjectTask:4,Matched Correctly,Was Collected,Flower Type,Reveal Time (R),Reveal Time (A),Pollenation Time (R) (-1.0 = unpollenated),Pollenation Time (A) (-1.0 = unpollenated),Death Time (R),Death Time (A)
%Possible values for "Flower Types":Blue=0,Yellow=1,Green=2,Pink=3,White=4,Gray=5,Brown=6,Purple=7,
5,0,2,3,4
3,0,1479856487919.52,0,0.175,0.7666667,2,0.375,0.7,3,0.725,0.7666667,4,0.925,0.6333334
3,1.033142,1479856488889.93,0,0.1062212,0.7086709,2,0.3841764,0.6323766,3,0.7379775,0.69561,4,0.8948974,0.5827222
3,2.033325,1479856489890.54,0,0.09908557,0.5737281,2,0.4488307,0.6062869,3,0.7899105,0.6518713,4,0.9384171,0.6781181
3,3.033325,1479856490890.66,0,0.1140847,0.6960018,2,0.5104152,0.6533526,3,0.6522079,0.5892337,4,0.8082427,0.7707208
3,4.033386,1479856491890.65,0,0.110715,0.7608618,2,0.4213337,0.6017115,3,0.6611555,0.5733969,4,0.6644514,0.7729848
3,5.034363,1479856492891.52,0,0.1850826,0.657919,2,0.4065158,0.6944659,3,0.8173673,0.7919871,4,0.6420368,0.7048505
4,1,1,0,2.09607,5.47607,1479856493356.84,5.77606,1479856493656.99
3,6.066772,1479856493924.5,0,0.2393817,0.3448697,2,0.4874219,0.7829574,3,0.8682572,0.7350118,4,0.5791407,0.6251543
3,7.066956,1479856494924.56,0,0.1817814,0.4263929,2,0.3819633,0.6449433,3,0.9464821,0.6627038,4,0.609671,0.5950978
3,8.067139,1479856495925.02,0,0.1145729,0.5407662,2,0.282769,0.6066344,3,0.8270583,0.7580963,4,0.6750557,0.6803182
3,9.100342,1479856496957.97,0,0.06217551,0.7233422,2,0.4219215,0.7084246,3,0.8939819,0.7029459,4,0.5933397,0.5719524
3,10.10107,1479856497958.89,0,0.07873249,0.6741841,2,0.3683946,0.7032735,3,0.9442966,0.7176482,4,0.6675751,0.4024125
3,11.13391,1479856498990.77,0,0.1266115,0.5822082,2,0.316118,0.6843327,3,0.8659515,0.7729035,4,0.4729316,0.4354295
5,0,2,3
4,0,1,3,8.09607,9.37610,1479856497256.75,11.47607,1479856499357.19
3,12.16815,1479856500026.22,0,0.1264138,0.7628288,2,0.3996096,0.7633902,3,0.7636566,0.6608746
3,13.20056,1479856501058.2,0,0.06454778,0.656662,2,0.354645,0.6426889,3,0.7036774,0.6010247
3,14.20068,1479856502058.74,0,0.1378233,0.5980649,2,0.3331528,0.564029,3,0.810756,0.7057095
3,15.20068,1479856503058.09,0,0.05043817,0.7077788,2,0.4577789,0.6854346,3,0.7679112,0.7488267
3,16.20105,1479856504058.57,0,0.1834598,0.6638932,2,0.6341343,0.3426087,3,0.6746793,0.603637
3,17.23413,1479856505091.39,0,0.32373,0.5958706,2,0.4526424,0.3732373,3,0.7040536,0.6526535
4,1,1,2,14.09607,15.71606,1479856503590.54,17.45612,1479856505324.04
3,18.23419,1479856506091.45,0,0.3682117,0.6410705,2,0.332881,0.3638497,3,0.8776212,0.6920354
3,19.23425,1479856507091.28,0,0.02509403,0.7471295,2,0.4138851,0.4822755,3,0.8469753,0.7546911
3,20.23553,1479856508092.54,0,0.1045895,0.7626684,2,0.4948273,0.6151083,3,0.9230418,0.6869094
3,21.26782,1479856509125.61,0,0.2175097,0.7034909,2,0.5777636,0.6414853,3,0.8316708,0.5402881
3,22.30109,1479856510158.58,0,0.3834352,0.6064593,2,0.5649924,0.7870417,3,0.6357112,0.3914514
3,23.30115,1479856511159.12,0,0.4765816,0.5817653,2,0.4678035,0.7866538,3,0.4499407,0.36921
4,1,1,3,20.09607,21.31610,1479856509191.17,23.43610,1479856511325.29
3,24.30121,1479856512158.83,0,0.4009495,0.5690723,2,0.4168663,0.7816,3,0.8833065,0.7847651
3,25.30127,1479856513159.61,0,0.2559195,0.6054766,2,0.3613987,0.7810579,3,0.8225732,0.7464402
3,26.30139,1479856514158.77,0,0.205709,0.7704148,2,0.4852428,0.6657966,3,0.7378607,0.7108412
3,27.33472,1479856515191.75,0,0.141355,0.6808429,2,0.5498757,0.6406921,3,0.6864233,0.7230613
3,28.33484,1479856516191.93,0,0.2496386,0.4717604,2,0.4367914,0.7273965,3,0.6285777,0.6979955
3,29.36816,1479856517225.59,0,0.3946972,0.3736261,2,0.4056449,0.7435159,3,0.549921,0.6562794
4,1,1,0,26.09607,28.51611,1479856516391.43,29.43610,1479856517327.34
5,0,2,3,4
3,30.36823,1479856518226.03,0,0.2047782,0.4486222,2,0.3265185,0.5771437,3,0.6529312,0.6020057,4,0.09065485,0.677148
3,31.36847,1479856519226.58,0,0.2065797,0.476468,2,0.3721848,0.6717503,3,0.6890154,0.7523015,4,0.183557,0.7665195
3,32.36926,1479856520227.18,0,0.2140312,0.4919812,2,0.4385767,0.7793105,3,0.5840402,0.7320414,4,0.5716624,0.5235912
3,33.40179,1479856521259.56,0,0.1356292,0.606073,2,0.352169,0.6707592,3,0.7148728,0.4907631,4,0.9424896,0.7787695
3,34.43506,1479856522292.13,0,0.1101751,0.7359186,2,0.2272873,0.6024977,3,0.6085095,0.3638948,4,0.8229961,0.7357368
3,35.43518,1479856523292.59,0,0.1519089,0.64749,2,0.3444014,0.6948444,3,0.4128561,0.3662601,4,0.7044973,0.6718581
4,1,1,3,32.09607,33.41608,1479856521291.42,35.43610,1479856523325.06
3,36.43542,1479856524292.78,0,0.2151947,0.6099945,2,0.4498634,0.7881537,3,0.5178633,0.6102796,4,0.7644277,0.7762312
3,37.46875,1479856525326.33,0,0.1051888,0.6935887,2,0.4820838,0.7946916,3,0.554163,0.6037192,4,0.8595028,0.7071401
3,38.50208,1479856526359.53,0,0.07953787,0.7619131,2,0.3976192,0.6679549,3,0.6675997,0.6333867,4,0.783659,0.7602194
3,39.53558,1479856527392.91,0,0.09730053,0.6033371,2,0.323535,0.5732766,3,0.4704199,0.6119618,4,0.7065821,0.6580573
3,40.56879,1479856528426.29,0,0.5467367,0.3244148,2,0.2199183,0.6300944,3,0.4854107,0.7141604,4,0.6250629,0.6427318
4,1,1,0,38.09607,40.01611,1479856527892.15,41.43610,1479856529325.77
3,41.56915,1479856529426.83,0,0.3782444,0.3612796,2,0.09252453,0.7403623,3,0.5868587,0.774729,4,0.710804,0.5891241
3,42.60223,1479856530459.95,0,0.1972675,0.3319005,2,0.1055298,0.5785499,3,0.7032986,0.726272,4,0.9427176,0.7842789
3,43.60236,1479856531460.25,0,0.09369755,0.6853226,2,0.3659658,0.767364,3,0.8001728,0.6973498,4,0.9423504,0.7847187
3,44.60236,1479856532459.82,0,0.06080341,0.7538028,2,0.2544432,0.6518397,3,0.843564,0.5806249,4,0.9500332,0.7612515
3,45.6026,1479856533461.64,0,0.08422279,0.7833745,2,0.2789011,0.6535085,3,0.8109646,0.8516032,4,0.9317818,0.7337009
3,46.6026,1479856534461.04,0,0.2364426,0.6391062,2,0.430192,0.7512209,3,0.7383175,0.7932004,4,0.8696966,0.57262
5,0,2,4
4,0,1,4,44.09607,44.53607,1479856532425.42,47.41608,1479856535295.66
3,47.63605,1479856535493.12,0,0.08728027,0.6139928,2,0.2819271,0.6988686,4,0.9239969,0.755981
3,48.63611,1479856536493.21,0,0.1118574,0.5911385,2,0.2608786,0.6760337,4,0.8067894,0.6321021
3,49.66949,1479856537526.96,0,0.2103415,0.6606,2,0.3498468,0.7372131,4,0.9144239,0.6263953
3,50.7027,1479856538559.97,0,0.0601902,0.6171618,2,0.5466995,0.728618,4,0.9014235,0.7608921
3,51.70294,1479856539560.66,0,0.08681679,0.7687737,2,0.7001286,0.8177688,4,0.8487911,0.7886313
3,52.70294,1479856540560.03,0,0.5462952,0.3842237,2,0.6687899,0.8646891,4,0.9163189,0.6691898
4,1,1,0,50.09607,52.51611,1479856540392.42,53.39606,1479856541259.67
3,53.73621,1479856541593.86,0,0.2939577,0.3478807,2,0.575737,0.7597988,4,0.8997049,0.6404827
1,220.98240,0.82528,2,53.91608,1479856541792.45
3,54.73627,1479856542593.36,0,0.1098185,0.5596389,2,0.4843864,0.6741821,4,0.8147516,0.7600958
3,55.73651,1479856543593.63,0,0.09587955,0.7168058,2,0.4222698,0.7391245,4,0.7266665,0.7191035
3,56.76978,1479856544626.77,0,0.2975979,0.5653772,2,0.480155,0.7738377,4,0.6240501,0.7186375
3,57.8031,1479856545660.2,0,0.4029408,0.5829445,2,0.6475086,0.3847433,4,0.5996475,0.6611753
3,58.80322,1479856546660.66,0,0.3104887,0.6067799,2,0.5327921,0.348415,4,0.5848141,0.6320902
4,1,1,2,56.09607,57.55609,1479856545425.92,59.47607,1479856547359.56
3,59.83655,1479856547694.29,0,0.2073717,0.6959249,2,0.3735485,0.371237,4,0.8763981,0.7476881
3,60.83661,1479856548693.65,0,0.3915071,0.7816412,2,0.3736629,0.4693158,4,0.7960711,0.7379342
3,61.8374,1479856549694.67,0,0.02370834,0.6903586,2,0.3736773,0.5752905,4,0.7661648,0.7762778
3,62.87012,1479856550727.38,0,0.1545668,0.5738315,2,0.2898226,0.6599849,4,0.8979053,0.7159733
3,63.90375,1479856551760.86,0,0.07233429,0.6630979,2,0.3862066,0.7751533,4,0.7151279,0.4169839
3,64.9043,1479856552762.44,0,0.2336006,0.6712391,2,0.4863806,0.7617919,4,0.5168533,0.4049302
4,1,1,4,62.09607,63.11609,1479856550993.09,65.47607,1479856553359.97
5,0,2,4,1
3,65.93689,1479856553794.73,0,0.345294,0.5769991,2,0.5839653,0.626267,4,0.4948759,0.4657694,1,0.01249218,0.5998884
3,66.93701,1479856554794.44,0,0.3559074,0.6067156,2,0.6856775,0.6815413,4,0.9100456,0.7811272,1,0.1427183,0.6916826
3,67.93713,1479856555794.48,0,0.4303703,0.6935229,2,0.6947031,0.6955207,4,0.857173,0.765941,1,0.2840147,0.7834771
3,68.93719,1479856556794.79,0,0.4270229,0.6910703,2,0.5750256,0.6128165,4,0.7520962,0.6552673,1,0.2838831,0.7504598
3,69.93744,1479856557795.09,0,0.4246941,0.7003188,2,0.6369963,0.7323769,4,0.932766,0.7781206,1,0.6453686,0.4284799
3,70.97076,1479856558827.5,0,0.5015812,0.7517795,2,0.6845093,0.7003729,4,0.8462925,0.7484977,1,0.499527,0.4501449
4,1,1,1,68.09607,69.87610,1479856557760.13,71.45612,1479856559327.25
3,72.00409,1479856559861.65,0,0.5737448,0.7812372,2,0.7182207,0.7106898,4,0.8562031,0.7561944,1,0.2339849,0.3514844
3,73.03729,1479856560894.71,0,0.4213209,0.6324309,2,0.7578058,0.7671072,4,0.9071083,0.7473994,1,0.2342157,0.4699396
3,74.03741,1479856561895.04,0,0.4885998,0.5811144,2,0.6970825,0.7021243,4,0.8376465,0.6234193,1,0.1281233,0.7386732
3,75.03827,1479856562896.64,0,0.4645348,0.583021,2,0.7065516,0.6908224,4,0.9207726,0.8097478,1,0.05573654,0.7169666
3,76.07111,1479856563928,0,0.357378,0.6458827,2,0.7757206,0.6593982,4,0.9115753,0.7438176,1,0.1336002,0.5978979
