%Recollect Version 2.3. Scene/Level: , Game Number: 006
%NearTransferObject:GameNumber,BlockNumber,TrialNumber,CurrentNLevel,IsCorrect,StimulusType,Image,PresentationTime,ResponseTime,ExpireTime
%Possible values for "Image":Bear=0,Sheep=1,Duck=2,Elephant=3,Turtle=4,Owl=5,Goat=6,Seal=7,Blank=8,
%Possible values for "Type":NonTarget=0,Target=1,Lure=2,lessThanN=3,
6,0,1,1,0,3,2,1486152516136,-1,1486152515603
6,0,2,1,1,0,6,1486152519203,-1,1486152518673
6,0,3,1,1,1,6,1486152522269,1486152523503,1486152521739
6,0,4,1,1,1,6,1486152525303,1486152526270,1486152524776
6,0,5,1,1,0,5,1486152528370,-1,1486152527839
6,0,6,1,1,0,2,1486152531403,-1,1486152530873
6,0,7,1,1,0,0,1486152534470,-1,1486152533939
6,0,8,1,1,0,1,1486152537504,-1,1486152537007
6,0,9,1,1,1,1,1486152540537,1486152541537,1486152540006
6,0,10,1,1,0,7,1486152543604,-1,1486152543073
6,0,11,1,1,0,0,1486152546671,-1,1486152546140
6,1,1,1,1,3,2,1486152558538,-1,1486152558006
6,1,2,1,1,1,2,1486152561572,1486152562472,1486152561041
6,1,3,1,1,0,7,1486152564605,-1,1486152564074
6,1,4,1,1,0,0,1486152567672,-1,1486152567141
6,1,5,1,1,1,0,1486152570705,1486152571973,1486152570175
6,1,6,1,1,0,6,1486152573739,-1,1486152573208
6,1,7,1,1,0,2,1486152576806,-1,1486152576275
6,1,8,1,1,1,2,1486152579873,1486152580706,1486152579342
6,1,9,1,1,0,6,1486152582906,-1,1486152582375
6,1,10,1,1,0,5,1486152585940,-1,1486152585410
6,1,11,1,1,0,7,1486152588973,-1,1486152588443
6,1,12,1,1,0,2,1486152592007,-1,1486152591476
6,1,13,1,1,1,2,1486152595040,1486152595740,1486152594512
6,1,14,1,1,1,2,1486152598107,1486152598974,1486152597576
6,1,15,1,1,0,6,1486152601174,-1,1486152600643
6,1,16,1,1,1,6,1486152604207,1486152604908,1486152603677
6,1,17,1,1,0,0,1486152607241,-1,1486152606711
6,1,18,1,1,0,1,1486152610274,-1,1486152609744
6,1,19,1,1,0,7,1486152613341,-1,1486152612810
6,1,20,1,1,0,5,1486152616375,-1,1486152615845
6,1,21,1,1,0,1,1486152619408,-1,1486152618877
6,2,1,2,1,3,2,1486152632759,-1,1486152632227
6,2,2,2,1,3,4,1486152635792,-1,1486152635296
6,2,3,2,1,0,3,1486152638859,-1,1486152638329
6,2,4,2,1,1,4,1486152641893,1486152643260,1486152641362
6,2,5,2,1,0,6,1486152644960,-1,1486152644430
6,2,6,2,1,0,7,1486152647993,-1,1486152647464
6,2,7,2,1,0,2,1486152651060,-1,1486152650529
6,2,8,2,0,1,7,1486152654093,-1,1486152653563
6,2,9,2,1,0,4,1486152657160,-1,1486152656630
6,2,10,2,1,0,0,1486152660194,-1,1486152659696
6,2,11,2,1,0,1,1486152663227,-1,1486152662730
6,2,12,2,1,1,0,1486152666261,1486152667161,1486152665763
6,3,1,2,1,3,5,1486152684862,-1,1486152684329
6,3,2,2,1,3,2,1486152687929,-1,1486152687398
6,3,3,2,1,0,3,1486152690995,-1,1486152690465
6,3,4,2,1,0,6,1486152694029,-1,1486152693498
6,3,5,2,1,1,3,1486152697063,1486152698363,1486152696532
6,3,6,2,1,0,4,1486152700129,-1,1486152699599
6,3,7,2,1,0,7,1486152703196,-1,1486152702665
6,3,8,2,1,0,6,1486152706230,-1,1486152705699
6,3,9,2,1,0,3,1486152709296,-1,1486152708766
6,3,10,2,1,0,0,1486152712330,-1,1486152711799
6,3,11,2,0,0,7,1486152715397,1486152716097,1486152714868
6,3,12,2,1,1,0,1486152718430,1486152720231,1486152717900
6,3,13,2,1,1,7,1486152721498,1486152723164,1486152720967
6,3,14,2,1,0,4,1486152724564,-1,1486152724033
6,3,15,2,1,1,7,1486152727598,1486152728531,1486152727067
6,3,16,2,1,1,4,1486152730631,1486152731631,1486152730134
6,3,17,2,1,1,7,1486152733665,1486152734531,1486152733167
6,3,18,2,1,0,5,1486152736698,-1,1486152736167
6,3,19,2,1,0,2,1486152739732,-1,1486152739201
6,3,20,2,1,0,0,1486152742765,-1,1486152742235
6,3,21,2,1,0,1,1486152745799,-1,1486152745304
6,3,22,2,1,0,3,1486152748865,-1,1486152748335
6,4,1,3,1,3,7,1486152783601,-1,1486152783069
6,4,2,3,1,3,5,1486152786634,-1,1486152786104
6,4,3,3,1,3,4,1486152789668,-1,1486152789137
6,4,4,3,1,1,7,1486152792701,1486152793335,1486152792171
6,4,5,3,1,0,0,1486152795735,-1,1486152795205
6,4,6,3,1,0,1,1486152798768,-1,1486152798237
6,4,7,3,1,0,1,1486152801802,-1,1486152801271
6,4,8,3,0,0,5,1486152804869,1486152805802,1486152804338
6,4,9,3,1,0,3,1486152807902,-1,1486152807371
6,4,10,3,1,0,7,1486152810969,-1,1486152810438
6,4,11,3,1,1,5,1486152814036,1486152815536,1486152813505
6,4,12,3,1,1,3,1486152817069,1486152819370,1486152816539
6,4,13,3,1,0,4,1486152820103,-1,1486152819572
6,5,1,3,1,3,0,1486152825003,-1,1486152824471
6,5,2,3,1,3,6,1486152828070,-1,1486152827541
6,5,3,3,1,3,1,1486152831103,-1,1486152830573
6,5,4,3,1,0,7,1486152834137,-1,1486152833606
6,5,5,3,1,0,2,1486152837170,-1,1486152836640
6,5,6,3,1,0,3,1486152840237,-1,1486152839707
6,5,7,3,1,0,0,1486152843271,-1,1486152842740
6,5,8,3,1,0,4,1486152846337,-1,1486152845809
6,5,9,3,0,0,7,1486152849371,1486152850338,1486152848840
6,5,10,3,0,1,0,1486152852438,-1,1486152851910
6,5,11,3,1,1,4,1486152855438,1486152857272,1486152854942
6,5,12,3,0,0,3,1486152858505,1486152859505,1486152857974
6,5,13,3,1,0,3,1486152861538,-1,1486152861008
6,5,14,3,0,1,4,1486152864572,-1,1486152864041
6,5,15,3,1,0,1,1486152867605,-1,1486152867075
6,5,16,3,1,1,3,1486152870639,1486152871706,1486152870108
6,5,17,3,1,1,4,1486152873706,1486152874773,1486152873175
6,5,18,3,1,0,5,1486152876773,-1,1486152876242
6,5,19,3,1,0,5,1486152879806,-1,1486152879275
6,5,20,3,1,0,6,1486152882873,-1,1486152882343
6,5,21,3,1,0,7,1486152885906,-1,1486152885377
6,5,22,3,1,1,5,1486152888973,1486152890040,1486152888446
6,5,23,3,1,0,4,1486152892040,-1,1486152891509
6,6,1,1,1,3,6,1486152898174,-1,1486152897642
6,6,2,1,1,0,2,1486152901241,-1,1486152900710
6,6,3,1,1,0,6,1486152904274,-1,1486152903745
6,6,4,1,1,0,0,1486152907341,-1,1486152906811
6,6,5,1,1,1,0,1486152910341,1486152911208,1486152909844
6,6,6,1,1,1,0,1486152913408,1486152914208,1486152912877
6,6,7,1,1,0,5,1486152916475,-1,1486152915944
6,6,8,1,1,1,5,1486152919542,1486152920209,1486152919011
6,6,9,1,1,0,1,1486152922575,-1,1486152922044
6,6,10,1,1,0,4,1486152925642,-1,1486152925111
6,6,11,1,1,0,0,1486152928709,-1,1486152928178
6,6,12,1,1,0,5,1486152931742,-1,1486152931212
6,6,13,1,1,1,5,1486152934776,1486152935576,1486152934245
6,6,14,1,1,0,6,1486152937843,-1,1486152937312
6,6,15,1,1,0,4,1486152940876,-1,1486152940345
6,6,16,1,1,0,0,1486152943876,-1,1486152943379
6,6,17,1,1,0,5,1486152946910,-1,1486152946413
6,6,18,1,1,1,5,1486152949944,1486152950810,1486152949446
6,6,19,1,1,0,2,1486152953010,-1,1486152952479
6,6,20,1,1,1,2,1486152956077,1486152956911,1486152955547
6,6,21,1,1,0,0,1486152959111,-1,1486152958583
6,7,1,2,1,3,6,1486152963811,-1,1486152963279
6,7,2,2,1,3,4,1486152966844,-1,1486152966314
6,7,3,2,1,2,4,1486152969878,-1,1486152969348
6,7,4,2,1,1,4,1486152972911,1486152974112,1486152972383
6,7,5,2,1,2,7,1486152975978,-1,1486152975448
6,7,6,2,1,1,4,1486152979012,1486152979912,1486152978481
6,7,7,2,1,0,3,1486152982045,-1,1486152981515
6,7,8,2,1,1,4,1486152985112,1486152985945,1486152984582
6,7,9,2,1,0,6,1486152988179,-1,1486152987648
6,7,10,2,1,0,5,1486152991213,-1,1486152990682
6,7,11,2,1,2,4,1486152994279,-1,1486152993749
6,7,12,2,1,0,1,1486152997313,-1,1486152996782
6,7,13,2,1,2,5,1486153000380,-1,1486152999849
6,7,14,2,1,0,6,1486153003414,-1,1486153002883
6,7,15,2,1,0,7,1486153006480,-1,1486153005950
6,7,16,2,1,2,7,1486153009513,-1,1486153008983
6,7,17,2,1,1,7,1486153012580,1486153013214,1486153012050
6,7,18,2,1,1,7,1486153015614,1486153016714,1486153015083
6,7,19,2,1,2,5,1486153018681,-1,1486153018150
6,7,20,2,1,0,3,1486153021714,-1,1486153021186
6,7,21,2,1,1,5,1486153024781,1486153025515,1486153024250
6,7,22,2,1,0,4,1486153027814,-1,1486153027284
6,8,1,3,1,3,0,1486153032415,-1,1486153031916
6,8,2,3,1,3,5,1486153035448,-1,1486153034953
6,8,3,3,1,3,6,1486153038515,-1,1486153037984
6,8,4,3,1,1,0,1486153041549,1486153042149,1486153041018
6,8,5,3,1,2,6,1486153044615,-1,1486153044085
6,8,6,3,1,0,2,1486153047649,-1,1486153047118
6,8,7,3,0,2,6,1486153050716,1486153051649,1486153050185
6,8,8,3,1,0,5,1486153053749,-1,1486153053219
6,8,9,3,1,1,2,1486153056783,1486153057883,1486153056252
6,8,10,3,0,1,6,1486153059816,-1,1486153059319
6,8,11,3,1,2,2,1486153062883,-1,1486153062352
6,8,12,3,1,1,2,1486153065917,1486153065950,1486153065387
6,8,13,3,1,0,0,1486153068983,-1,1486153068453
6,8,14,3,1,0,5,1486153072017,-1,1486153071519
6,8,15,3,0,2,0,1486153075084,1486153076217,1486153074553
6,8,16,3,0,2,5,1486153078117,1486153079518,1486153077587
6,8,17,3,1,0,1,1486153081184,-1,1486153080654
6,8,18,3,0,2,5,1486153084251,1486153086318,1486153083720
6,8,19,3,0,1,5,1486153087285,-1,1486153086787
6,8,20,3,0,1,1,1486153090351,-1,1486153089821
6,8,21,3,1,0,4,1486153093385,-1,1486153092854
6,8,22,3,1,0,2,1486153096452,-1,1486153095919
6,8,23,3,1,0,7,1486153099519,-1,1486153098988
