%Recollect Version 2.0. Scene/Level: multi0_intro, Game Number: 003
%Note: All true/false values are represented as "1" and "0" respectively.
%Damage:1,Player X Position,Player Y Position,Hearts Left,Time (Relative),Time (Absolute)
%MultiObjectBugListChanged:5,[Array of Bug Types]
%BugPositions:3,Time (Relative),Time (Absolute),(For Each Bug:)Bug Color,Bug Position X,Bug Position Y
%MultiObjectTask:4,Matched Correctly,Was Collected,Flower Type,Reveal Time (R),Reveal Time (A),Pollenation Time (R) (-1.0 = unpollenated),Pollenation Time (A) (-1.0 = unpollenated),Death Time (R),Death Time (A)
%Possible values for "Flower Types":Red=0,Green=1,Blue=2,Yellow=3,White=4,Magenta=5,
5,1,3
3,0,1477508723640.66,1,0.35,0.4333333,3,0.75,0.5
3,1.033142,1477508724604.86,1,0.373805,0.5481424,3,0.8707477,0.6239065
3,2.033447,1477508725604.86,1,0.3754636,0.6621061,3,0.8924025,0.6296828
3,3.06665,1477508726637.55,1,0.3331686,0.7773605,3,0.7576817,0.6314327
3,4.066711,1477508727637.94,1,0.295117,0.6733244,3,0.8214339,0.6119607
3,5.066772,1477508728637.7,1,0.295117,0.5785617,3,0.8933457,0.6235464
3,6.066895,1477508729637.79,1,0.3331659,0.6908377,3,0.7222438,0.2924392
3,7.066895,1477508730637.8,1,0.2951062,0.7643169,3,0.5443308,0.3386136
4,1,1,3,4.38876,5.70877,1477508729303.99,7.76877,1477508731371.09
3,8.067047,1477508731637.99,1,0.2106365,0.6027234,3,0.4089262,0.3836915
3,9.100403,1477508732671.87,1,0.1075466,0.5876838,3,0.4088912,0.5290329
3,10.10056,1477508733672.04,1,0.1278217,0.6707969,3,0.4088821,0.6736319
3,11.13379,1477508734704.95,1,0.3231223,0.574416,3,0.4088821,0.7677701
3,12.16705,1477508735738.24,1,0.7017863,0.2561686,3,0.3350475,0.706367
3,13.16727,1477508736738.11,1,0.5274799,0.3307914,3,0.2540996,0.6606822
4,1,1,1,10.38876,12.06876,1477508735671.14,13.78876,1477508737371.83
3,14.16727,1477508737738.43,1,0.2898309,0.2758478,3,0.1731517,0.7832357
3,15.16733,1477508738738.22,1,0.2374251,0.4073273,3,0.09220386,0.7418326
3,16.16739,1477508739738.31,1,0.1579673,0.4957169,3,0.0598731,0.6491159
3,17.16742,1477508740738.35,1,0.1355343,0.5376896,3,0.06032324,0.7116175
3,18.20078,1477508741772.32,1,0.4109359,0.4096538,3,0.1289392,0.697306
3,19.2009,1477508742772.54,1,0.3346334,0.4363415,3,0.5023937,0.2715502
4,1,1,3,16.36877,18.94876,1477508742538,19.76877,1477508743372.1
5,1,3,0
3,20.20099,1477508743772.43,1,0.4144211,0.5391805,3,0.241766,0.2021838,0,0.01177692,0.5379579
3,21.20102,1477508744772.58,1,0.5395069,0.6940863,3,0.199326,0.3252383,0,0.1437964,0.6542851
3,22.20108,1477508745772.45,1,0.6647091,0.5661638,3,0.1309633,0.4441368,0,0.06322622,0.7722356
3,23.20114,1477508746772.62,1,0.7899265,0.6041811,3,0.04856014,0.5709809,0,0.1047544,0.7597439
3,24.23447,1477508747806.06,1,0.919415,0.7122929,3,0.1043253,0.5710055,0,0.4069557,0.5190122
3,25.23453,1477508748805.81,1,0.8734078,0.5735688,3,0.2671175,0.7532876,0,0.5166364,0.338164
4,1,1,0,22.40875,24.34875,1477508747938.83,25.78876,1477508749372.63
3,26.23462,1477508749806,1,0.8823161,0.6721374,3,0.4299097,0.7039407,0,0.2238803,0.2283792
3,27.23468,1477508750806.09,1,0.9285989,0.7707059,3,0.5906067,0.5765308,0,0.1871576,0.321559
3,28.23474,1477508751806.12,1,0.8684711,0.7082743,3,0.6977935,0.652825,0,0.1871648,0.4276685
3,29.2348,1477508752806.11,1,0.907373,0.735563,3,0.5633883,0.5925434,0,0.2607846,0.5680475
3,30.23486,1477508753806.3,1,0.7093058,0.3490709,3,0.4925022,0.6347921,0,0.2774382,0.655588
3,31.23489,1477508754806.19,1,0.5103655,0.3335932,3,0.6197987,0.7413208,0,0.07647991,0.7719935
4,1,1,1,28.38876,29.74875,1477508753338.62,31.78876,1477508755372.79
3,32.23495,1477508755806.29,1,0.4063387,0.3897144,3,0.5739717,0.7063107,0,0.1148982,0.6757191
3,33.23502,1477508756806.43,1,0.4079828,0.4809597,3,0.4654574,0.6691301,0,0.1946588,0.5759036
3,34.23508,1477508757806.49,1,0.4239039,0.5886966,3,0.3510637,0.7631039,0,0.0634861,0.6728992
3,35.23514,1477508758806.39,1,0.5188217,0.6555057,3,0.2354999,0.5978512,0,0.08469629,0.5936581
3,36.2352,1477508759806.65,1,0.5631485,0.7779226,3,0.6834178,0.2537483,0,0.0585618,0.6785128
3,37.23523,1477508760806.49,1,0.4523315,0.6268641,3,0.509933,0.3292797,0,0.1294007,0.7731965
4,1,1,3,34.40875,36.00876,1477508759605.58,37.78876,1477508761373.1
5,1,3,0,2
3,38.23541,1477508761806.8,1,0.5078201,0.6488632,3,0.3211508,0.3150584,0,0.2002392,0.6940334,2,0.01272011,0.4763803
3,39.26871,1477508762839.56,1,0.6048231,0.734593,3,0.3212366,0.4398937,0,0.2879725,0.7131491,2,0.085567,0.5810573
3,40.26874,1477508763839.67,1,0.6999235,0.586783,3,0.330287,0.5600126,0,0.4140863,0.7508168,2,0.1927481,0.646567
3,41.2688,1477508764840.14,1,0.7969246,0.6193103,3,0.3883209,0.5964198,0,0.5427217,0.7508962,2,0.1412506,0.5935045
3,42.26901,1477508765840.62,1,0.8986168,0.7090518,3,0.4749527,0.6872764,0,0.6688356,0.6922401,2,0.1018047,0.6103168
3,43.30225,1477508766873.26,1,0.8991966,0.7608739,3,0.5633183,0.5769506,0,0.750349,0.7825574,2,0.4979687,0.3145161
4,1,1,2,40.36874,42.50876,1477508766105.94,43.76877,1477508767339.97
3,44.30231,1477508767873.17,1,0.8107548,0.7075095,3,0.6528778,0.564258,0,0.6290073,0.7699635,2,0.196332,0.2200607
3,45.30237,1477508768873.31,1,0.8114223,0.7634414,3,0.665801,0.5747394,0,0.6121159,0.7744948,2,0.113821,0.4047132
3,46.30243,1477508769873.26,1,0.8806581,0.6530095,3,0.5965996,0.5882836,0,0.6857471,0.7758236,2,0.05154228,0.5379956
3,47.30246,1477508770873.27,1,0.9355011,0.7035761,3,0.4799843,0.6754557,0,0.6442604,0.7047446,2,0.2182064,0.640339
3,48.30255,1477508771873.51,1,0.6987066,0.3219914,3,0.363369,0.6371,0,0.5147896,0.6085037,2,0.1822147,0.734564
3,49.30261,1477508772873.62,1,0.4987993,0.3332284,3,0.2876244,0.57565,0,0.4373569,0.6052474,2,0.3004541,0.7745422
4,1,1,1,46.40875,47.68875,1477508771272.98,49.78876,1477508773373.3
3,50.3027,1477508773873.57,1,0.4187374,0.4007351,3,0.3102903,0.568549,0,0.5367222,0.7036684,2,0.3150206,0.778271
3,51.33603,1477508774907.39,1,0.4306221,0.4384461,3,0.2892799,0.5684267,0,0.5648317,0.7618619,2,0.2942743,0.7762229
3,52.33609,1477508775907.45,1,0.4997683,0.5420408,3,0.167037,0.633613,0,0.4990616,0.7419849,2,0.3495035,0.7550352
3,53.33618,1477508776907.79,1,0.4223003,0.6514267,3,0.06700039,0.7732881,0,0.6433439,0.7139992,2,0.2312937,0.7173241
3,54.36948,1477508777941.11,1,0.4167233,0.7035654,3,0.5714197,0.2914689,0,0.8093748,0.6857224,2,0.2320557,0.603937
3,55.36963,1477508778940.86,1,0.5534039,0.5755251,3,0.4702654,0.3371891,0,0.9370871,0.7710727,2,0.1616364,0.6471528
4,1,1,3,52.36874,54.34875,1477508777939.95,55.74875,1477508779340.28
5,1,3,0,2,5
3,56.36966,1477508779940.96,1,0.4987316,0.6794497,3,0.1765099,0.2409891,0,0.7774038,0.7001948,2,0.1898041,0.7574994,5,0.04097176,0.6220956
3,57.36972,1477508780941.16,1,0.4112558,0.7605312,3,0.1766996,0.3523387,0,0.6503315,0.593188,2,0.2336321,0.7071845,5,0.08412361,0.6925637
3,58.36978,1477508781941.77,1,0.480093,0.7196347,3,0.1767006,0.4752006,0,0.6669655,0.6614268,2,0.3374786,0.7815678,5,0.1717558,0.7730429
3,59.36981,1477508782941.23,1,0.5727301,0.602454,3,0.1504517,0.5607338,0,0.8944359,0.5723976,2,0.4028616,0.7234781,5,0.1578093,0.7797417
3,60.36984,1477508783941.44,1,0.65308,0.6280506,3,0.06207275,0.5660426,0,0.8262386,0.6151184,2,0.5032425,0.6284392,5,0.3544846,0.7839169
3,61.36993,1477508784941.19,1,0.5676231,0.5903507,3,0.1301651,0.6661912,0,0.8912163,0.6364226,2,0.438179,0.7376009,5,0.4837866,0.3073418
4,1,1,5,58.36874,60.70877,1477508784307.15,61.76877,1477508785341.08
3,62.36993,1477508785941.29,1,0.4892168,0.6381668,3,0.1982927,0.5900782,0,0.9476423,0.7727854,2,0.3739758,0.7723718,5,0.1811752,0.2517785
3,63.36996,1477508786941.6,1,0.597249,0.7530019,3,0.1891403,0.6099007,0,0.8166332,0.7068808,2,0.2625179,0.7908654,5,0.1521616,0.4162187
3,64.37024,1477508787941.68,1,0.7052813,0.7433183,3,0.09547234,0.7450253,0,0.8806238,0.6357705,2,0.3027725,0.7360078,5,0.1024933,0.499401
3,65.4035,1477508788974.5,1,0.7750158,0.637754,3,0.08938026,0.7615995,0,0.9150076,0.7373788,2,0.3308306,0.6638299,5,0.1266632,0.5648489
3,66.43689,1477508790008.42,1,0.6982374,0.6167256,3,0.09752941,0.7764153,0,0.8290939,0.731045,2,0.6608915,0.3062744,5,0.05967808,0.5803689
3,67.43689,1477508791008.14,1,0.5747175,0.6063547,3,0.09465408,0.7867894,0,0.7574539,0.6383446,2,0.4678459,0.3132324,5,0.1027203,0.5787448
4,1,1,2,64.38876,65.90875,1477508789507.21,67.76877,1477508791341.63
3,68.4371,1477508792008.61,1,0.4511976,0.6063547,3,0.1812496,0.7781498,0,0.7574921,0.5927489,2,0.4132843,0.3630135,5,0.1469498,0.5719343
3,69.4704,1477508793041.69,1,0.4743433,0.6915881,3,0.1313505,0.7744537,0,0.8263426,0.7412841,2,0.3727903,0.4730872,5,0.1362181,0.5749037
3,70.4704,1477508794041.72,1,0.5725336,0.7829419,3,0.06185436,0.7371118,0,0.7547026,0.7149013,2,0.3544512,0.577951,5,0.1748075,0.6056381
3,71.47052,1477508795041.99,1,0.6112223,0.7474081,3,0.1824007,0.7429709,0,0.7942228,0.742819,2,0.4483747,0.6720372,5,0.2978621,0.6156682
3,72.47052,1477508796042.03,1,0.6816587,0.6151273,3,0.2265329,0.784617,0,0.6923609,0.3372331,2,0.5628157,0.7618701,5,0.2403898,0.5670202
3,73.47061,1477508797041.75,1,0.7436571,0.686331,3,0.3238306,0.7401165,0,0.4545822,0.3010791,2,0.5525484,0.7381217,5,0.1274881,0.6162306
4,1,1,0,70.38876,72.40875,1477508796007.58,73.76877,1477508797341.63
5,1,3,0,2,5,4
3,74.4707,1477508798041.95,1,0.8440599,0.7544411,3,0.2948227,0.652597,0,0.1650209,0.2494138,2,0.4703493,0.6689609,5,0.1508684,0.7504199,4,0.03655052,0.6127155
3,75.47073,1477508799042.14,1,0.7758493,0.6134849,3,0.2774277,0.6218101,0,0.09022522,0.3814625,2,0.4464493,0.7072751,5,0.1444445,0.7796119,4,0.1283674,0.5747842
3,76.47086,1477508800042.28,1,0.7437706,0.6461248,3,0.359251,0.7195215,0,0.05220795,0.4065352,2,0.5067377,0.7542872,5,0.1362209,0.7916574,4,0.1199389,0.5847226
3,77.50418,1477508801075.03,1,0.849966,0.7798236,3,0.4067564,0.6624117,0,0.05018425,0.412706,2,0.5682545,0.7513717,5,0.1726494,0.7822788,4,0.1220207,0.5907995
3,78.50424,1477508802075.05,1,0.9187031,0.6866543,3,0.431715,0.6683533,0,0.05184555,0.4887872,2,0.7438831,0.586421,5,0.1047087,0.7733405,4,0.6182175,0.2816167
3,79.50427,1477508803075.09,1,0.7896137,0.7072174,3,0.3709259,0.7808695,0,0.08119869,0.5813491,2,0.6034489,0.7011065,5,0.08245754,0.781743,4,0.4604034,0.3191567
4,1,1,4,76.40875,78.08875,1477508801674.64,79.78876,1477508803374.93
3,80.50436,1477508804075.37,1,0.7354298,0.7835897,3,0.4447937,0.679246,0,0.09940147,0.5938678,2,0.5876808,0.7498267,5,0.05002594,0.7847382,4,0.2952499,0.2732179
3,81.54041,1477508808921.96,1,0.8375854,0.640127,3,0.3738537,0.5672971,0,0.05995941,0.5686694,2,0.5157433,0.7836711,5,0.06620789,0.7684822,4,0.2947388,0.3978201
