%Recollect Version 2.0. Scene/Level: multi0_advan, Game Number: 164
%Note: All true/false values are represented as "1" and "0" respectively.
%Damage:1,Player X Position,Player Y Position,Hearts Left,Time (Relative),Time (Absolute)
%MultiObjectBugListChanged:5,[Array of Bug Types]
%BugPositions:3,Time (Relative),Time (Absolute),(For Each Bug:)Bug Color,Bug Position X,Bug Position Y
%MultiObjectTask:4,Matched Correctly,Was Collected,Flower Type,Reveal Time (R),Reveal Time (A),Pollenation Time (R) (-1.0 = unpollenated),Pollenation Time (A) (-1.0 = unpollenated),Death Time (R),Death Time (A)
%Possible values for "Flower Types":Blue=0,Yellow=1,Green=2,Pink=3,White=4,Gray=5,Brown=6,Purple=7,
5,3,0,2,1
3,0,1479926317282.45,3,0.125,0.7,0,0.225,0.7666667,2,0.475,0.5,1,0.825,0.4333333
3,1.016846,1479926318229.6,3,0.1216654,0.5800223,0,0.3167412,0.778477,2,0.4624832,0.6202516,1,0.9387949,0.5368527
3,2.050232,1479926319262.78,3,0.2321845,0.5785533,0,0.2176279,0.7823917,2,0.6280917,0.6122226,1,0.836677,0.6873348
3,3.050293,1479926320263,3,0.1771092,0.5644382,0,0.1744399,0.7784448,2,0.5681965,0.7400095,1,0.8660765,0.6534771
3,4.050415,1479926321263.21,3,0.1564499,0.5336913,0,0.1161418,0.7259975,2,0.4485981,0.6975811,1,0.9451133,0.5811539
3,5.083679,1479926322295.16,3,0.1469407,0.5606023,0,0.1500912,0.7771685,2,0.6010864,0.5690411,1,0.847425,0.6786459
3,6.117432,1479926323330.34,3,0.240978,0.603956,0,0.1287341,0.7517373,2,0.6562836,0.4829345,1,0.8742384,0.7780496
3,7.150513,1479926324362.58,3,0.3279824,0.6844456,0,0.05158532,0.6659005,2,0.523742,0.3412118,1,0.9256328,0.6612376
4,1,1,2,4.38696,6.12701,1479926323360.24,7.76697,1479926324993.89
3,8.150574,1479926325362.77,3,0.27505,0.7550246,0,0.1185373,0.7093164,2,0.2492646,0.3881419,1,0.8177445,0.5818377
3,9.15094,1479926326363.18,3,0.3557596,0.6986441,0,0.1150094,0.5861775,2,0.2454631,0.4854956,1,0.952594,0.6710475
3,10.18396,1479926327395.28,3,0.4878223,0.7427473,0,0.0719223,0.6597249,2,0.2151489,0.5758163,1,0.9360793,0.7620416
3,11.18402,1479926328395.4,3,0.670867,0.6851854,0,0.06710601,0.5709655,2,0.219811,0.6015433,1,0.8879452,0.6784065
3,12.21735,1479926329430.03,3,0.4545307,0.5812646,0,0.5813441,0.2850462,2,0.3418345,0.773092,1,0.7584925,0.6450652
3,13.21753,1479926330430.46,3,0.3377705,0.5623887,0,0.4963508,0.3343158,2,0.2887685,0.7511439,1,0.6340189,0.783987
4,1,1,0,10.38696,12.22699,1479926329460.55,13.76697,1479926330994.78
3,14.21753,1479926331429.57,3,0.3125362,0.572329,0,0.223119,0.2158972,2,0.2557912,0.7576154,1,0.511754,0.6849782
3,15.21759,1479926332430.25,3,0.2691443,0.5792696,0,0.2153883,0.3346891,2,0.200727,0.7709087,1,0.4424982,0.605966
3,16.25098,1479926333463.36,3,0.2526867,0.5771526,0,0.2136996,0.3842864,2,0.1705401,0.7602244,1,0.4283321,0.7060532
3,17.25116,1479926334463.56,3,0.3617423,0.5936145,0,0.1540558,0.4742458,2,0.09262538,0.700552,1,0.6249037,0.7658016
3,18.28442,1479926335496.13,3,0.5126066,0.6362095,0,0.126713,0.522829,2,0.06728244,0.7318959,1,0.6576829,0.7798921
3,19.28448,1479926336495.67,3,0.5002484,0.6648124,0,0.04949903,0.6693251,2,0.5414205,0.3427704,1,0.7518296,0.664821
4,1,1,2,16.38696,18.88696,1479926336127.26,19.76697,1479926336994.1
5,3,0,2,1,2
3,20.28455,1479926337495.84,3,0.3711782,0.7753699,0,0.1693759,0.6353266,2,0.5824385,0.4329117,1,0.8459764,0.7658164,2,0.04477644,0.5108753
3,21.28461,1479926338496.2,3,0.4454999,0.6516076,0,0.2572722,0.7434843,2,0.5784259,0.5489088,1,0.9401231,0.7771135,2,0.1289768,0.610872
3,22.28467,1479926339496.03,3,0.3919454,0.5825816,0,0.3170576,0.757912,2,0.7146211,0.6515877,1,0.8636107,0.705228,2,0.1278019,0.6910834
3,23.28467,1479926340496.36,3,0.4900374,0.6175632,0,0.3452663,0.7465021,2,0.6360784,0.5765279,1,0.7703223,0.7453909,2,0.08483362,0.7644841
3,24.28479,1479926341496.21,3,0.6221056,0.2882893,0,0.2396626,0.6657642,2,0.5365705,0.6035367,1,0.8844953,0.6743071,2,0.05702639,0.6366059
3,25.28485,1479926342496.13,3,0.4974122,0.3389785,0,0.2593999,0.6552081,2,0.4917669,0.6985019,1,0.9070668,0.5710464,2,0.1118693,0.5901524
4,1,1,3,22.38696,24.02698,1479926341260.74,25.76697,1479926342994.43
3,26.28491,1479926343496.2,3,0.2927694,0.2981333,0,0.2514758,0.619855,2,0.5668592,0.745167,1,0.863647,0.6995032,2,0.06270266,0.6219544
3,27.28497,1479926344496.61,3,0.3014655,0.4386126,0,0.3039865,0.6748098,2,0.6419516,0.7388406,1,0.9024034,0.7123142,2,0.1713123,0.5749261
3,28.31866,1479926345531.4,3,0.4497304,0.5629069,0,0.3545494,0.78747,2,0.7134099,0.7194076,1,0.8234739,0.5839847,2,0.2444797,0.6248314
3,29.35175,1479926346565.03,3,0.478663,0.6470453,0,0.3445296,0.7812677,2,0.6757207,0.6230515,1,0.9151149,0.6854283,2,0.2185869,0.5808208
3,30.35181,1479926347564.07,3,0.6082759,0.7542967,0,0.3211045,0.7264699,2,0.7285447,0.6353769,1,0.6655307,0.3430988,2,0.1121764,0.7157753
3,31.35187,1479926348564.09,3,0.5269823,0.6837048,0,0.2435136,0.6617581,2,0.7898364,0.6038117,1,0.4847498,0.3413455,2,0.09393072,0.6509972
4,1,1,1,28.38696,29.66699,1479926346894.63,31.76697,1479926348995.49
3,32.35193,1479926349564.52,3,0.4455614,0.6149794,0,0.302115,0.7349198,2,0.8962665,0.6982462,1,0.4226365,0.4031278,2,0.1242981,0.6071841
3,33.35193,1479926350563.89,3,0.5980349,0.7788079,0,0.3595428,0.7386922,2,0.887651,0.5670873,1,0.3499122,0.5060109,2,0.08071661,0.5734803
3,34.35199,1479926351564.65,3,0.6241899,0.6327552,0,0.4747691,0.6455364,2,0.7785163,0.6207046,1,0.3356919,0.571104,2,0.1094155,0.6817033
3,35.35205,1479926352563.98,3,0.6806116,0.7582648,0,0.4079781,0.7515041,2,0.9060416,0.6451246,1,0.2383614,0.695972,2,0.0762949,0.7800781
3,36.35211,1479926353564.71,3,0.6875834,0.679693,0,0.3818908,0.7594807,2,0.6932702,0.3659828,1,0.2472572,0.6421719,2,0.09885883,0.6699481
3,37.35236,1479926354564.52,3,0.6294851,0.5821117,0,0.4625649,0.7351038,2,0.4849138,0.3415033,1,0.2632899,0.5970492,2,0.1136994,0.5855696
4,1,1,2,34.38696,35.66699,1479926352894.72,37.76697,1479926354995.21
5,3,0,2,1,2,0
3,38.38562,1479926355597.99,3,0.6877403,0.6961201,0,0.534626,0.7101748,2,0.429039,0.3999909,1,0.3464975,0.566725,2,0.1461902,0.6927301,0,0.03669405,0.5566019
3,39.38562,1479926356597.25,3,0.7333946,0.7699444,0,0.5372734,0.7360805,2,0.5257492,0.4967681,1,0.2723684,0.6702811,2,0.1321554,0.7404525,0,0.05315495,0.5708261
3,40.38568,1479926357597.07,3,0.7743034,0.7548707,0,0.5682325,0.7568732,2,0.6046886,0.563185,1,0.3404131,0.7791751,2,0.0696373,0.7835935,0,0.07179642,0.5776485
3,41.41907,1479926358632,3,0.9073277,0.6104218,0,0.5200701,0.744131,2,0.642025,0.6103156,1,0.343792,0.6282102,2,0.07291794,0.7558043,0,0.08468819,0.5565958
3,42.45245,1479926359665.08,3,0.8269415,0.7669081,0,0.4228754,0.7813873,2,0.5456533,0.6405966,1,0.5908403,0.3265303,2,0.08914375,0.7789223,0,0.08298111,0.561913
3,43.45258,1479926360665.07,3,0.7333364,0.7821768,0,0.3403845,0.6735597,2,0.5855551,0.6939932,1,0.463419,0.3410513,2,0.06915951,0.78339,0,0.06580448,0.5747948
4,1,1,1,40.38696,41.98700,1479926359228.38,43.76697,1479926360995.43
3,44.45258,1479926361665.3,3,0.9345236,0.661443,0,0.3054152,0.6303626,2,0.4549809,0.6190236,1,0.3233452,0.357612,2,0.05413914,0.7468154,0,0.1252146,0.5641974
3,45.45264,1479926362665.45,3,0.8749275,0.6816247,0,0.3586988,0.6644936,2,0.5652819,0.6050918,1,0.3240919,0.4606198,2,0.05378628,0.7397702,0,0.1273966,0.566319
3,46.4527,1479926363665.26,3,0.7908602,0.7837155,0,0.491107,0.7561162,2,0.6760941,0.6552688,1,0.35917,0.5406458,2,0.170125,0.7721339,0,0.1402206,0.5688019
3,47.4527,1479926364665.69,3,0.9167585,0.6497217,0,0.6057701,0.7609221,2,0.7755346,0.5849069,1,0.5064678,0.6115195,2,0.1199141,0.7769915,0,0.145484,0.5797333
3,48.45282,1479926365665.12,3,0.798728,0.6501853,0,0.5427752,0.7656003,2,0.651432,0.3335121,1,0.550478,0.5658724,2,0.2379103,0.7722728,0,0.1878157,0.5701758
3,49.45288,1479926366665.5,3,0.6977606,0.5832947,0,0.5271139,0.75826,2,0.4647503,0.3413037,1,0.5440912,0.5597729,2,0.137455,0.7185517,0,0.2915945,0.617406
4,1,1,2,46.38696,47.62701,1479926364862.4,49.76697,1479926366996.49
3,50.48627,1479926367697.89,3,0.8502483,0.6793697,0,0.4959202,0.7764526,2,0.4248371,0.4407691,1,0.6340065,0.6154602,2,0.1113863,0.5799472,0,0.3348103,0.6706507
3,51.48633,1479926368698.35,3,0.9123497,0.6760004,0,0.4492054,0.7139618,2,0.4176683,0.5049245,1,0.7634697,0.6976202,2,0.1128845,0.6585129,0,0.3000212,0.6284064
3,52.48639,1479926369697.7,3,0.8476248,0.5811733,0,0.5125933,0.7897155,2,0.5341454,0.5671412,1,0.6688461,0.7626533,2,0.1682358,0.7846554,0,0.3758202,0.701608
3,53.48645,1479926370699.05,3,0.8799124,0.6587985,0,0.5261402,0.7979721,2,0.6207991,0.5960248,1,0.6848907,0.7798522,2,0.05741024,0.6218632,0,0.4492073,0.6267168
3,54.48645,1479926371697.88,3,0.8828621,0.755606,0,0.461216,0.709456,2,0.6479788,0.6071259,1,0.6607437,0.3424886,2,0.1242714,0.6530221,0,0.3551369,0.5682748
3,55.48657,1479926372698.71,3,0.8910027,0.6458827,0,0.4890175,0.7836074,2,0.7154226,0.7106791,1,0.4607706,0.3413476,2,0.07775402,0.6456824,0,0.4008741,0.6206688
4,1,1,1,52.38696,53.92700,1479926371162.34,55.76697,1479926372995.99
5,3,0,2,1,2,0,2
3,56.48657,1479926373698.59,3,0.8970842,0.5971844,0,0.4874849,0.7640867,2,0.6474524,0.7777633,1,0.3512878,0.4039936,2,0.1353836,0.6594239,0,0.3247166,0.6420133,2,-0.005646706,0.591933
3,57.48663,1479926374698.3,3,0.9014072,0.649444,0,0.4346457,0.7267461,2,0.7442369,0.6521778,1,0.4107666,0.5246712,2,0.1220551,0.6585175,0,0.2940855,0.6498103,2,-0.002037048,0.546204
3,58.48669,1479926375698.5,3,0.8273239,0.6277908,0,0.4748478,0.7880877,2,0.6296358,0.7077973,1,0.477685,0.5852745,2,0.1411114,0.7664368,0,0.3459854,0.6802995,2,0.0461607,0.5846013
3,59.48712,1479926376699.94,3,0.9222898,0.7640266,0,0.4528208,0.7638324,2,0.6050777,0.7346005,1,0.4794731,0.5672451,2,0.1359634,0.7435135,0,0.3306894,0.648324,2,0.06584549,0.5670577
3,60.52014,1479926377732.54,3,0.9150629,0.6546991,0,0.4193993,0.7484326,2,0.6321507,0.3489201,1,0.594697,0.6298201,2,0.1021109,0.7703465,0,0.2787294,0.671307,2,0.1061182,0.5709223
3,61.5202,1479926378732.48,3,0.9108124,0.624323,0,0.5091534,0.777972,2,0.4525833,0.341394,1,0.7504959,0.7728109,2,0.05630302,0.7741254,0,0.3675709,0.6782734,2,0.1133623,0.5720716
4,1,1,2,58.38696,59.86700,1479926377096.13,61.76697,1479926378996.32
3,62.55359,1479926379766.77,3,0.9419575,0.7607315,0,0.4710283,0.7451623,2,0.3856764,0.4140805,1,0.7147818,0.6913002,2,0.1285524,0.7803745,0,0.3276081,0.5981086,2,0.07366562,0.5895334
3,63.55365,1479926380766.2,3,0.9015608,0.7709234,0,0.5125856,0.7391879,2,0.297533,0.4830617,1,0.8238802,0.5959973,2,0.05473042,0.7707434,0,0.2787704,0.7130796,2,0.1067762,0.5780354
3,64.55371,1479926381766.27,3,0.8534241,0.7689624,0,0.613883,0.6859786,2,0.2448606,0.5634701,1,0.7344923,0.5669846,2,0.05790424,0.7631995,0,0.2375593,0.7748866,2,0.08443356,0.566707
3,65.5871,1479926382800.29,3,0.9357729,0.7266261,0,0.5335894,0.7815009,2,0.2364368,0.5922987,1,0.7740974,0.5767927,2,0.05531216,0.7808916,0,0.3898134,0.7136538,2,0.07691193,0.5831496
3,66.58722,1479926383799.46,3,0.8454885,0.7195919,0,0.6420383,0.7226486,2,0.3456898,0.6503378,1,0.7890396,0.2672824,2,0.07317734,0.7853143,0,0.5297365,0.5803043,2,0.06120968,0.5723361
1,274.60790,6.51854,2,67.12701,1479926384363.6
3,67.58722,1479926384799.71,3,0.868145,0.6070265,0,0.5334539,0.7596049,2,0.313179,0.677674,1,0.5266533,0.3168867,2,0.1188202,0.7789083,0,0.4912872,0.5680599,2,0.08589077,0.5678095
4,1,1,1,64.38696,65.66699,1479926382896.75,67.76697,1479926384996.61
3,68.58728,1479926385800.25,3,0.9129257,0.6493175,0,0.4969072,0.7792974,2,0.1941071,0.7518951,1,0.4960442,0.3897083,2,0.04480171,0.7685036,0,0.5335026,0.585685,2,0.05404377,0.5625451
3,69.58734,1479926386799.4,3,0.8660889,0.7341206,0,0.4506397,0.7789136,2,0.2750444,0.7387812,1,0.4614334,0.4607103,2,0.05093575,0.7812644,0,0.640708,0.6525017,2,0.05176258,0.5816396
3,70.5874,1479926387800.12,3,0.8948183,0.6592852,0,0.5703297,0.7568707,2,0.220726,0.687057,1,0.3654623,0.585075,2,0.05888271,0.7542133,0,0.7148514,0.6515198,2,0.05351925,0.5534353
3,71.5874,1479926388799.87,3,0.9499683,0.60808,0,0.6268635,0.6242655,2,0.2947311,0.7684782,1,0.4696798,0.682051,2,0.1409245,0.7740228,0,0.8030891,0.5666971,2,0.08118057,0.5766676
3,72.58752,1479926389800.06,3,0.8909721,0.7722672,0,0.5961065,0.3618155,2,0.3406162,0.6707573,1,0.5078802,0.7144215,2,0.1981277,0.7331245,0,0.6929283,0.6630318,2,0.06935024,0.6187732
3,73.58759,1479926390800.15,3,0.8202477,0.7747059,0,0.4369087,0.3414553,2,0.3963547,0.634327,1,0.5378265,0.7009516,2,0.1841326,0.7877634,0,0.7093325,0.6163357,2,0.191288,0.5728823
5,3,2,1,2,0,2
4,0,1,2,70.38696,71.86700,1479926389096.8,73.76697,1479926391006.88
3,74.58765,1479926391799.75,3,0.8618927,0.7322037,2,0.359499,0.585062,1,0.6152849,0.7606984,2,0.22435,0.7641417,0,0.6973305,0.5930896,2,0.1470966,0.5916143
3,75.58771,1479926392800.19,3,0.9369078,0.6784661,2,0.4458227,0.587058,1,0.605092,0.7769695,2,0.3615189,0.7748521,0,0.7460756,0.5952503,2,0.06929779,0.7236569
3,76.58771,1479926393799.67,3,0.7981749,0.7820702,2,0.4981003,0.6883208,1,0.6528492,0.7336343,2,0.2649918,0.7039281,0,0.7533312,0.5783416,2,0.05621243,0.7395121
3,77.58777,1479926394800.47,3,0.8233719,0.7729071,2,0.405241,0.6297039,1,0.6224384,0.6853516,2,0.2415428,0.6309999,0,0.7935791,0.5742484,2,0.1279402,0.7667663
3,78.58783,1479926395800.22,3,0.8595142,0.7625672,2,0.4037418,0.6789147,1,0.5401783,0.5959217,2,0.5178471,0.3438512,0,0.8412228,0.5604408,2,0.0538969,0.6885147
3,79.58789,1479926396800.63,3,0.8754387,0.7814372,2,0.3148708,0.6062506,1,0.6255875,0.7384203,2,0.4303684,0.3414805,0,0.8790607,0.5818697,2,0.1174755,0.5782097
5,3,2,1,0,2
4,0,1,0,76.38696,78.40698,1479926395630.79,79.76697,1479926397003.28
3,80.58795,1479926397800.42,3,0.9089012,0.762646,2,0.4202328,0.7103791,1,0.7322464,0.7842216,0,0.9035435,0.5609334,2,0.09121513,0.6713498
