%Recollect Version 2.0. Scene/Level: span2_intro, Game Number: 064
%Note: All true/false values are represented as "1" and "0" respectively.
%Damage:1,Player X Position,Player Y Position,Hearts Left,Time (Relative),Time (Absolute)
%SpanCollectionOrder:6,Time (R),Time (A),Is Reversed. (Arrangement order is from bottom left to top right)
%SpanArrangementOrder:7,[Array of Span Types] (Order is from bottom left to top right). 
%SpanPlayerInput:8,beginTime,endTime,[Array of Positions in Arrangment Pressed, followed by time]
6,0.00000,1478280743818.92,1,6,0,1,7
7,7,1,6,0,5,7
6,13.17242,1478280756963.97,1,4,6,5,1
7,6,5,1,4,6,3
8,5.67242,13.17242,2,8.26709,3,8.50055,0,9.03394,1,9.23395,0,9.80078
6,25.31244,1478280769097.6,0,3,0,1,2
7,7,0,3,2,7,1
8,17.83240,25.31244,3,20.26813,0,20.76788,1,21.23499,2,21.53461
6,37.89240,1478280781665.46,0,5,4,1,2
7,5,6,1,2,7,4
8,30.39246,37.89240,2,32.83527,1,33.20197,5,33.60205,3,33.86859
6,49.77240,1478280793565.76,0,1,0,2,4,5
7,0,4,1,2,6,6,5
8,42.27240,49.77240,0,43.67023,5,44.50299,2,44.83594,3,45.20264
6,62.03241,1478280805800.51,0,1,4,0,6,5
7,5,6,1,4,7,6,0
8,54.55243,62.03241,2,56.63654,0,56.97015,3,57.66998,1,58.03662,6,58.33667
6,74.47241,1478280818267.7,0,2,5,3,1,4
7,1,7,2,5,3,7,4
8,66.97241,74.47241,2,69.40399,3,69.77069,6,70.13757,1,70.57074,0,70.90399
6,86.59241,1478280830368.16,1,6,1,5,2,4,3
7,4,3,6,5,0,7,2,1
8,79.09241,86.59241,2,80.90521,3,81.67133,4,82.43805,0,82.63806,6,83.07141
6,98.75244,1478280842535.2,0,2,3,0,1,4,5
7,5,7,3,2,1,0,7,4
8,91.25244,98.75244,6,93.03857,2,93.60541,7,94.23883,3,94.60596,6,95.57214,0,95.93933,1,96.17218
6,111.33240,1478280855102.94,1,0,2,1,7,3,4
7,5,1,7,3,4,2,0,7
8,103.83240,111.33240,3,106.47270,2,106.77270,5,107.13930,4,107.70660,7,108.20620,0,108.50620
6,123.19240,1478280866970.43,1,7,1,4,0,3,2
7,0,1,4,5,3,2,7,7
8,115.71240,123.19240,6,118.27330,5,118.74010,1,119.84010,2,120.94020,3,121.27390
6,135.47240,1478280879237.53,1,2,1,3,5,0
7,5,7,2,0,3,7,1
8,127.99240,135.47240,3,130.70740,2,130.94070,3,132.00740,1,132.34070,2,133.00740,3,133.37460
8,140.41250,147.89250,2,142.60820,6,143.17480,4,143.54210,0,143.87540,3,144.27490
