%Recollect Version 2.0. Scene/Level: span0_inter, Game Number: 092
%Note: All true/false values are represented as "1" and "0" respectively.
%Damage:1,Player X Position,Player Y Position,Hearts Left,Time (Relative),Time (Absolute)
%SpanCollectionOrder:6,Time (R),Time (A),Is Reversed. (Arrangement order is from bottom left to top right)
%SpanArrangementOrder:7,[Array of Span Types] (Order is from bottom left to top right). 
%SpanPlayerInput:8,beginTime,endTime,[Array of Positions in Arrangment Pressed, followed by time]
6,0.00000,1478819594331.44,0,3,2,1,0
7,1,2,3,0
6,14.11172,1478819608409.36,0,0,3,2,1
7,2,3,1,0
8,6.61173,14.11172,2,8.61693,1,8.85027,0,9.01753,3,9.31702
6,26.27171,1478819620577.15,0,1,0,2,3
7,3,0,1,2
8,18.77173,26.27171,3,21.25102,1,21.61766,0,21.88503,2,22.15108
6,38.83174,1478819633143.68,0,2,0,3,1,2
7,2,3,1,0,2
8,31.35173,38.83174,2,33.31837,1,33.51826,3,34.38499,0,34.68510
6,50.71172,1478819645011.5,0,2,1,3,0,3
7,3,3,1,2,0
8,43.21172,50.71172,0,44.15288,3,45.45287,1,45.88576,2,46.38576,4,46.65282
6,62.99171,1478819657311.7,0,2,0,3,1,2
7,2,2,0,3,1
8,55.49171,62.99171,3,57.88637,2,58.08644,1,58.31978,4,58.71977,0,58.91966
6,75.41173,1478819669712.89,1,3,0,3,1,2,0
7,1,0,3,2,0,3
8,67.91173,75.41173,0,69.02043,2,69.98711,3,70.35432,4,70.62038,1,70.82048
6,87.53172,1478819681846.41,1,2,1,2,0,1,3
7,0,1,2,2,3,1
8,80.05171,87.53172,2,82.05464,4,82.35448,5,82.98784,0,83.25447,3,83.72163,1,83.98830
6,99.69173,1478819694013.73,1,0,1,2,3,0,1
7,1,0,0,2,3,1
8,92.19173,99.69173,2,94.08839,1,94.45598,3,94.85573,0,95.28914,5,95.52177,4,95.68849
6,112.27170,1478819706581.19,1,1,3,0,1,2,3
7,1,0,3,3,1,2
8,104.77170,112.27170,0,106.48920,1,106.85590,0,107.52250,3,108.08920,2,109.02320,5,109.32270,4,109.62250,2,109.98940,5,110.22330
6,124.15170,1478819718449.4,1,1,0,2,1,3,0
7,3,0,2,1,0,1
8,116.65170,124.15170,0,117.79010,2,118.68990,1,118.98990,4,119.28990,5,119.58990,3,120.35720
6,136.41170,1478819730716.38,1,1,3,1,3,0,2
7,3,1,0,2,1,3
8,128.93170,136.41170,5,131.45720,1,131.79080,2,132.09050,3,132.42390,0,132.72390,4,132.89070
8,141.35170,148.85170,4,142.59130,0,142.79160,1,143.12460,5,143.82460,2,144.05830,3,144.25840
