%Recollect Version 2.0. Scene/Level: span1_intro, Game Number: 031
%Note: All true/false values are represented as "1" and "0" respectively.
%Damage:1,Player X Position,Player Y Position,Hearts Left,Time (Relative),Time (Absolute)
%SpanCollectionOrder:6,Time (R),Time (A),Is Reversed. (Arrangement order is from bottom left to top right)
%SpanArrangementOrder:7,[Array of Span Types] (Order is from bottom left to top right). 
%SpanPlayerInput:8,beginTime,endTime,[Array of Positions in Arrangment Pressed, followed by time]
6,0.00000,1477956421714.84,0,5,4,3,1
7,3,1,5,2,4,7
6,13.18286,1477956434858.99,0,0,1,5,3
7,3,0,2,1,6,5
8,5.68286,13.18286,2,7.90051,4,8.16699,0,8.36780,1,8.60071
6,25.32288,1477956446993.15,0,1,2,4,3
7,5,1,2,3,6,4
8,17.84290,25.32288,2,19.73438,1,20.60107,3,21.06873,5,21.43457,0,21.70178
6,37.90295,1477956459593.71,1,5,4,3,0
7,0,5,4,6,3,2
8,30.40295,37.90295,1,32.23511,2,32.63562,5,32.90186,3,33.20178
6,49.78284,1477956471461.04,1,5,1,3,0
7,1,0,4,3,6,5
8,42.28284,49.78284,1,44.00244,2,44.43579,4,44.76917,0,45.00256
6,62.04285,1477956483728.35,1,5,3,0,2,1
7,0,1,2,3,4,6,5
8,54.56287,62.04285,5,56.86975,0,57.20325,3,57.46985,1,57.70374
6,74.48291,1477956496162.35,0,5,1,2,0,4
7,0,2,4,3,7,5,1
8,66.98291,74.48291,6,69.57056,3,69.90393,0,70.40381,1,70.93787,2,71.57068,1,71.80469
1,345.97440,0.90775,2,84.94287,1477956506629.82
6,86.60291,1477956508263.23,0,1,3,0,4
7,6,3,2,1,0,4
8,79.10291,86.60291,5,81.13794,6,82.17114,0,82.97131,1,83.73792,2,83.97156,0,84.33801,2,85.10535
6,98.76294,1477956520430.63,0,1,5,2,0
7,6,0,3,5,1,2
8,91.26294,98.76294,3,93.87195,1,94.20520,5,94.47229,4,94.73853,5,95.27258
6,111.34290,1477956533031.16,1,3,1,4,0
7,0,3,1,5,7,4
8,103.84290,111.34290,4,106.40640,3,106.93930,5,107.40590,1,107.67290
6,123.20290,1477956544865.45,1,4,3,0,2
7,5,7,3,4,0,2
8,115.72290,123.20290,1,117.37320,2,117.80660,5,118.24000,0,118.50660
6,135.48290,1477956557165.88,1,2,0,1,5,4
7,4,6,2,1,5,0,3
8,128.00290,135.48290,3,130.70730,2,131.04060,4,131.40730,5,131.77400
8,140.42290,147.90300,2,142.57470,5,143.04140,3,143.37480,4,144.14140,0,144.34160
