%Recollect Version 2.3. Scene/Level: , Session: 13, GameNumber: 0
%Note: All true/false values are represented as "1" and "0" respectively.
%Damage:1,Player X Position,Player Y Position,Hearts Left,Time (Relative),Time (Absolute)
%LameBackObject:Algorithm Condition,Trial Number,Current N Level,Lure Rate,Is Correct,Stimulus Type,Stimulus Color,Presentation Time (R),Presentation Time (A),Response Time (R),Response Time (A),Expire Time (R),Expire Time (A)
%Possible values for "Color":Red=0,Blue=1,Green=2,Yellow=3,Purple=4,LightBlue=5,Brown=6,White=7,
%Possible values for "Type":NonTarget=0,Target=1,Lure=2,lessThanN=3,
5,1,3,0.3,1,3,1,1.554077,1487206568839,-1,-1,1.020142,1487206568306
5,2,3,0.3,1,3,0,4.620361,1487206571906,-1,-1,4.087036,1487206571375
5,3,3,0.3,1,3,3,7.653809,1487206574939,-1,-1,7.120483,1487206574409
5,4,3,0.3,1,1,1,10.68799,1487206577973,11.28735,1487206578574,10.15405,1487206577442
5,5,3,0.3,1,2,3,13.78784,1487206581073,-1,-1,13.22083,1487206580509
5,6,3,0.3,0,1,3,16.85449,1487206584140,-1,-1,16.32104,1487206583611
5,7,3,0.3,1,2,3,19.92126,1487206587207,-1,-1,19.35461,1487206586643
5,8,3,0.3,1,2,1,22.98804,1487206590273,-1,-1,22.42188,1487206589710
5,9,3,0.3,1,0,1,26.05505,1487206593340,-1,-1,25.4884,1487206592777
5,10,3,0.3,1,2,1,29.1217,1487206596407,-1,-1,28.55554,1487206595843
5,11,3,0.3,1,2,3,32.15515,1487206599440,-1,-1,31.62183,1487206598911
5,12,3,0.3,1,1,1,35.22205,1487206602507,35.92236,1487206603208,34.6554,1487206601944
5,13,3,0.3,1,1,1,38.28943,1487206605575,38.82251,1487206606108,37.72217,1487206605010
5,14,3,0.3,1,1,3,41.38904,1487206608674,42.32251,1487206609608,40.82239,1487206608110
5,15,3,0.3,1,0,2,44.45605,1487206611741,-1,-1,43.88928,1487206611177
5,16,3,0.3,1,0,2,47.52271,1487206614808,-1,-1,46.95618,1487206614245
5,17,3,0.3,1,1,3,50.5896,1487206617875,51.85669,1487206619142,50.02283,1487206617312
5,18,3,0.3,1,0,0,53.65662,1487206620942,-1,-1,53.08972,1487206620378
5,19,3,0.3,1,0,0,56.72339,1487206624009,-1,-1,56.18994,1487206623478
5,20,3,0.3,1,0,1,59.79016,1487206627075,-1,-1,59.25671,1487206626545
5,21,3,0.3,1,0,1,62.85693,1487206630142,-1,-1,62.29028,1487206629578
5,22,3,0.3,1,2,1,65.92383,1487206633209,-1,-1,65.3573,1487206632648
5,23,3,0.3,1,0,3,68.9574,1487206636243,-1,-1,68.42432,1487206635712
5,24,3,0.3,1,2,0,72.02417,1487206639310,-1,-1,71.45752,1487206638746
5,25,3,0.3,1,1,1,75.05774,1487206642343,76.15796,1487206643443,74.52429,1487206641812
5,26,3,0.3,1,0,2,78.15796,1487206645443,-1,-1,77.59106,1487206644879
5,27,3,0.3,1,0,2,81.19141,1487206648477,-1,-1,80.65808,1487206647948
5,28,3,0.3,1,1,1,84.25818,1487206651540,85.2251,1487206652507,83.72485,1487206651011
5,1,4,0.3,1,3,0,102.6593,1487206669941,-1,-1,102.1259,1487206669408
5,2,4,0.3,1,3,3,105.7261,1487206673008,-1,-1,105.1926,1487206672477
5,3,4,0.3,1,3,2,108.8268,1487206676109,-1,-1,108.2595,1487206675545
5,4,4,0.3,1,3,1,111.8932,1487206679175,-1,-1,111.3596,1487206678645
5,5,4,0.3,1,0,1,114.9932,1487206682275,-1,-1,114.4268,1487206681712
5,6,4,0.3,1,0,0,118.0269,1487206685309,-1,-1,117.4933,1487206684778
5,7,4,0.3,0,0,0,121.0936,1487206688376,122.3937,1487206689676,120.5602,1487206687845
5,8,4,0.3,1,2,2,124.1604,1487206691442,-1,-1,123.5938,1487206690879
5,9,4,0.3,1,0,2,127.1942,1487206694476,-1,-1,126.6605,1487206693945
5,10,4,0.3,1,1,0,130.2941,1487206697576,130.7941,1487206698076,129.7274,1487206697013
5,11,4,0.3,1,2,2,133.361,1487206700643,-1,-1,132.7942,1487206700079
5,12,4,0.3,0,0,1,136.3945,1487206703677,137.3613,1487206704644,135.8611,1487206703146
5,13,4,0.3,0,1,2,139.4279,1487206706710,-1,-1,138.8947,1487206706180
5,1,3,0.3,1,3,2,144.4283,1487206711710,-1,-1,143.8623,1487206711145
5,2,3,0.3,1,3,3,147.5283,1487206714810,-1,-1,146.9617,1487206714248
5,3,3,0.3,1,3,0,150.5619,1487206717844,-1,-1,150.0286,1487206717313
5,4,3,0.3,1,0,1,153.6288,1487206720911,-1,-1,153.062,1487206720346
5,5,3,0.3,1,1,3,156.6622,1487206723944,157.6289,1487206724911,156.1289,1487206723413
5,6,3,0.3,1,2,1,159.6958,1487206726978,-1,-1,159.1624,1487206726447
5,7,3,0.3,1,0,2,162.7626,1487206730045,-1,-1,162.1959,1487206729481
5,8,3,0.3,1,2,1,165.7961,1487206733078,-1,-1,165.2628,1487206732549
5,9,3,0.3,1,0,0,168.8296,1487206736112,-1,-1,168.2963,1487206735581
5,10,3,0.3,1,0,0,171.8965,1487206739179,-1,-1,171.3297,1487206738615
5,11,3,0.3,1,2,2,174.9299,1487206742212,-1,-1,174.3966,1487206741682
5,12,3,0.3,0,1,0,177.9973,1487206745279,-1,-1,177.4301,1487206744715
5,13,3,0.3,1,1,0,181.0641,1487206748346,182.4639,1487206749746,180.5304,1487206747816
5,14,3,0.3,1,1,2,184.1305,1487206751413,184.5973,1487206751880,183.597,1487206750882
5,15,3,0.3,1,0,3,187.1639,1487206754446,-1,-1,186.6306,1487206753915
5,16,3,0.3,1,1,0,190.1975,1487206757480,191.4642,1487206758747,189.6641,1487206756949
5,17,3,0.3,1,2,3,193.2323,1487206760514,-1,-1,192.6978,1487206759982
5,18,3,0.3,1,0,1,196.2979,1487206763580,-1,-1,195.7645,1487206763050
5,19,3,0.3,1,2,3,199.3646,1487206766647,-1,-1,198.798,1487206766083
5,20,3,0.3,1,0,2,202.3982,1487206769680,-1,-1,201.8649,1487206769150
5,21,3,0.3,1,1,1,205.4651,1487206772747,206.0317,1487206773314,204.8983,1487206772184
5,22,3,0.3,1,0,0,208.4985,1487206775781,-1,-1,207.9652,1487206775250
5,23,3,0.3,1,2,3,211.532,1487206778814,-1,-1,210.9987,1487206778283
5,24,3,0.3,1,2,0,214.5988,1487206781881,-1,-1,214.0321,1487206781319
5,25,3,0.3,1,0,1,217.6656,1487206784948,-1,-1,217.099,1487206784384
5,26,3,0.3,1,0,1,220.6992,1487206787981,-1,-1,220.1659,1487206787452
5,27,3,0.3,1,1,0,223.766,1487206791048,224.6995,1487206791982,223.1993,1487206790484
5,28,3,0.3,1,0,2,226.7999,1487206794082,-1,-1,226.2661,1487206793551
5,29,3,0.3,1,0,2,229.8997,1487206797182,-1,-1,229.333,1487206796619
5,30,3,0.3,1,2,2,232.9667,1487206800249,-1,-1,232.3998,1487206799686
5,31,3,0.3,1,1,2,236.0667,1487206803349,237.0334,1487206804316,235.5,1487206802785
5,1,4,0.3,1,3,1,249.5342,1487206816816,-1,-1,249.0011,1487206816284
5,2,4,0.3,1,3,3,252.6008,1487206819883,-1,-1,252.0343,1487206819319
5,3,4,0.3,1,3,0,255.6678,1487206822950,-1,-1,255.1011,1487206822388
5,4,4,0.3,1,3,2,258.7014,1487206825983,-1,-1,258.168,1487206825453
5,5,4,0.3,1,2,3,261.7682,1487206829050,-1,-1,261.2349,1487206828520
5,6,4,0.3,1,1,3,264.8018,1487206832084,265.4351,1487206832717,264.2683,1487206831553
5,7,4,0.3,1,1,0,267.8685,1487206835151,268.5695,1487206835852,267.303,1487206834588
5,8,4,0.3,1,0,1,270.9353,1487206838217,-1,-1,270.4023,1487206837689
5,9,4,0.3,1,1,3,273.9689,1487206841251,274.6022,1487206841885,273.4354,1487206840720
5,10,4,0.3,1,0,1,277.0356,1487206844318,-1,-1,276.469,1487206843754
5,11,4,0.3,1,0,2,280.0692,1487206847351,-1,-1,279.5364,1487206846821
5,12,4,0.3,1,0,2,283.136,1487206850418,-1,-1,282.5699,1487206849854
5,13,4,0.3,1,0,2,286.1696,1487206853452,-1,-1,285.6361,1487206852921
5,14,4,0.3,1,1,1,289.2365,1487206856519,289.8367,1487206857119,288.6697,1487206855955
5,15,4,0.3,1,0,3,292.3032,1487206859585,-1,-1,291.7366,1487206859022
5,16,4,0.3,1,2,0,295.37,1487206862652,-1,-1,294.8035,1487206862088
5,17,4,0.3,1,0,3,298.4036,1487206865686,-1,-1,297.8702,1487206865155
5,18,4,0.3,1,1,1,301.437,1487206868719,303.3374,1487206870620,300.9037,1487206868189
5,19,4,0.3,1,2,1,304.4706,1487206871753,-1,-1,303.9371,1487206871223
5,20,4,0.3,1,2,3,307.5374,1487206874820,-1,-1,306.9707,1487206874255
5,21,4,0.3,1,2,0,310.5709,1487206877853,-1,-1,310.0375,1487206877323
5,22,4,0.3,1,0,2,313.605,1487206880887,-1,-1,313.071,1487206880356
5,23,4,0.3,1,2,3,316.7046,1487206883987,-1,-1,316.1379,1487206883422
5,24,4,0.3,1,1,3,319.7714,1487206887054,320.9049,1487206888187,319.205,1487206886491
5,1,5,0.3,1,3,1,324.9384,1487206892220,-1,-1,324.405,1487206891688
5,2,5,0.3,1,3,0,327.9719,1487206895254,-1,-1,327.4385,1487206894723
5,3,5,0.3,1,3,3,331.0387,1487206898321,-1,-1,330.472,1487206897757
5,4,5,0.3,1,3,2,334.0721,1487206901354,-1,-1,333.5388,1487206900824
5,5,5,0.3,1,3,1,337.1057,1487206904388,-1,-1,336.5724,1487206903858
5,6,5,0.3,1,0,3,340.1393,1487206907421,-1,-1,339.6058,1487206906890
5,7,5,0.3,1,1,0,343.2061,1487206910488,344.573,1487206911855,342.6394,1487206909924
5,8,5,0.3,0,0,1,346.2399,1487206913522,346.84,1487206914122,345.7062,1487206912991
5,9,5,0.3,1,2,1,349.3397,1487206916622,-1,-1,348.7731,1487206916058
5,10,5,0.3,1,1,1,352.3733,1487206919655,353.1067,1487206920389,351.8398,1487206919125
5,11,5,0.3,1,0,2,355.4067,1487206922689,-1,-1,354.874,1487206922160
5,12,5,0.3,1,2,3,358.4403,1487206925722,-1,-1,357.9073,1487206925192
5,13,5,0.3,1,1,1,361.5072,1487206928789,362.0406,1487206929323,360.9736,1487206928259
5,14,5,0.3,1,2,3,364.5406,1487206931823,-1,-1,364.0078,1487206931292
5,15,5,0.3,1,0,0,367.6074,1487206934890,-1,-1,367.0408,1487206934325
5,16,5,0.3,1,2,3,370.641,1487206937923,-1,-1,370.1077,1487206937394
5,17,5,0.3,1,0,0,373.6746,1487206940957,-1,-1,373.1415,1487206940426
5,18,5,0.3,1,1,1,376.7413,1487206944023,377.308,1487206944590,376.2079,1487206943493
5,19,5,0.3,0,0,2,379.7748,1487206947057,381.9755,1487206949258,379.2415,1487206946526
5,20,5,0.3,1,0,1,382.8083,1487206950090,-1,-1,382.2756,1487206949560
5,21,5,0.3,1,2,0,385.8418,1487206953124,-1,-1,385.3086,1487206952596
5,22,5,0.3,1,2,3,388.9087,1487206956191,-1,-1,388.3419,1487206955627
5,23,5,0.3,1,1,1,391.9421,1487206959224,392.4424,1487206959725,391.4093,1487206958694
5,24,5,0.3,1,0,3,394.9756,1487206962258,-1,-1,394.4424,1487206961727
5,25,5,0.3,0,1,1,398.0094,1487206965291,-1,-1,397.4758,1487206964760
5,26,5,0.3,1,1,0,401.076,1487206968358,402.2096,1487206969492,400.5432,1487206967828
5,27,5,0.3,1,0,2,404.1428,1487206971425,-1,-1,403.5762,1487206970862
5,28,5,0.3,1,1,1,407.1764,1487206974458,407.6766,1487206974959,406.6429,1487206973928
5,29,5,0.3,1,2,1,410.2432,1487206977525,-1,-1,409.6771,1487206976962
5,30,5,0.3,1,0,2,413.2767,1487206980559,-1,-1,412.7441,1487206980028
5,31,5,0.3,1,2,1,416.3441,1487206983626,-1,-1,415.7769,1487206983061
5,32,5,0.3,1,0,3,419.3774,1487206986660,-1,-1,418.8768,1487206986162
5,33,5,0.3,1,2,2,422.4772,1487206989759,-1,-1,421.9106,1487206989195
5,34,5,0.3,1,0,3,425.5107,1487206992793,-1,-1,424.9773,1487206992262
5,35,5,0.3,1,0,0,428.6108,1487206995893,-1,-1,428.0442,1487206995329
5,36,5,0.3,1,2,2,431.6112,1487206998893,-1,-1,431.111,1487206998396
5,37,5,0.3,1,1,3,434.7112,1487207001993,435.2449,1487207002527,434.1447,1487207001430
5,38,5,0.3,1,1,2,437.7449,1487207005027,438.3114,1487207005594,437.2114,1487207004496
5,39,5,0.3,1,2,0,440.7782,1487207008060,-1,-1,440.2454,1487207007530
5,40,5,0.3,0,1,0,443.8118,1487207011094,-1,-1,443.2784,1487207010565
5,41,5,0.3,1,0,1,446.8452,1487207014127,-1,-1,446.3119,1487207013597
5,42,5,0.3,1,1,3,449.9121,1487207017194,450.8124,1487207018095,449.3457,1487207016631
5,43,5,0.3,1,0,1,452.9457,1487207020228,-1,-1,452.4127,1487207019699
5,44,5,0.3,1,2,2,456.0123,1487207023294,-1,-1,455.4458,1487207022731
5,45,5,0.3,1,0,3,459.046,1487207026328,-1,-1,458.5126,1487207025797
5,1,5,0.3,1,3,0,463.7795,1487207031062,-1,-1,463.2465,1487207030530
5,2,5,0.3,1,3,2,466.8463,1487207034128,-1,-1,466.2797,1487207033565
5,3,5,0.3,1,3,3,469.8799,1487207037162,-1,-1,469.3466,1487207036632
5,4,5,0.3,1,3,1,472.9467,1487207040229,-1,-1,472.38,1487207039665
5,5,5,0.3,1,3,2,476.0135,1487207043296,-1,-1,475.4469,1487207042732
5,6,5,0.3,1,1,0,479.047,1487207046329,480.8804,1487207048163,478.5137,1487207045799
5,7,5,0.3,1,2,3,482.0806,1487207049363,-1,-1,481.5472,1487207048833
5,8,5,0.3,1,0,0,485.1473,1487207052429,-1,-1,484.5807,1487207051867
5,9,5,0.3,1,0,0,488.1809,1487207055463,-1,-1,487.6476,1487207054932
5,10,5,0.3,1,0,3,491.2145,1487207058497,-1,-1,490.681,1487207057966
5,11,5,0.3,1,0,1,494.248,1487207061530,-1,-1,493.7146,1487207060999
5,12,5,0.3,1,2,0,497.348,1487207064630,-1,-1,496.7814,1487207064066
5,13,5,0.3,1,1,0,500.4149,1487207067697,502.0818,1487207069364,499.8483,1487207067134
5,14,5,0.3,0,1,0,503.4485,1487207070731,-1,-1,502.915,1487207070202
5,15,5,0.3,0,0,2,506.4823,1487207073764,507.3153,1487207074598,505.9486,1487207073234
5,1,4,0.3,1,3,1,515.2491,1487207082531,-1,-1,514.6824,1487207081966
5,2,4,0.3,1,3,2,518.316,1487207085598,-1,-1,517.7494,1487207085034
5,3,4,0.3,1,3,0,521.4161,1487207088698,-1,-1,520.8494,1487207088134
5,4,4,0.3,1,3,3,524.4496,1487207091732,-1,-1,523.9163,1487207091202
5,5,4,0.3,1,0,0,527.4832,1487207094765,-1,-1,526.9497,1487207094234
5,6,4,0.3,1,2,0,530.5167,1487207097799,-1,-1,529.9833,1487207097268
5,7,4,0.3,1,2,3,533.5502,1487207100832,-1,-1,533.0171,1487207100302
5,8,4,0.3,1,1,3,536.6169,1487207103899,537.984,1487207105266,536.0508,1487207103335
5,9,4,0.3,1,1,0,539.6505,1487207106933,540.5172,1487207107800,539.1172,1487207106403
5,10,4,0.3,0,2,3,542.6852,1487207109967,543.1842,1487207110467,542.1506,1487207109436
5,11,4,0.3,1,0,1,545.7842,1487207113066,-1,-1,545.2175,1487207112502
5,12,4,0.3,1,2,0,548.851,1487207116133,-1,-1,548.2843,1487207115569
5,13,4,0.3,1,0,1,551.918,1487207119200,-1,-1,551.3512,1487207118636
5,14,4,0.3,1,1,3,554.9856,1487207122268,555.7849,1487207123067,554.4513,1487207121736
5,15,4,0.3,1,1,1,558.0515,1487207125334,558.6849,1487207125967,557.5182,1487207124804
5,16,4,0.3,1,1,0,561.0851,1487207128367,561.7186,1487207129001,560.5519,1487207127836
5,17,4,0.3,1,0,2,564.1191,1487207131401,-1,-1,563.5852,1487207130871
5,18,4,0.3,1,2,1,567.2186,1487207134501,-1,-1,566.6521,1487207133938
5,19,4,0.3,1,2,0,570.2523,1487207137534,-1,-1,569.7189,1487207137004
5,20,4,0.3,1,0,3,573.319,1487207140601,-1,-1,572.7856,1487207140072
5,21,4,0.3,0,1,2,576.3195,1487207143601,-1,-1,575.8191,1487207143104
5,22,4,0.3,1,0,3,579.3861,1487207146668,-1,-1,578.8525,1487207146137
5,23,4,0.3,0,0,2,582.4529,1487207149735,584.4532,1487207151736,581.9196,1487207149204
5,1,3,0.3,1,3,0,590.8867,1487207158169,-1,-1,590.3535,1487207157636
5,2,3,0.3,1,3,3,593.9202,1487207161202,-1,-1,593.3868,1487207160671
5,3,3,0.3,1,3,2,596.9542,1487207164236,-1,-1,596.4203,1487207163707
5,4,3,0.3,1,1,0,600.0538,1487207167336,601.1873,1487207168470,599.488,1487207166773
5,5,3,0.3,1,2,2,603.0874,1487207170369,-1,-1,602.5541,1487207169839
5,6,3,0.3,1,0,1,606.1542,1487207173436,-1,-1,605.5875,1487207172872
5,7,3,0.3,1,1,0,609.2211,1487207176503,610.2548,1487207177537,608.6548,1487207175940
5,8,3,0.3,1,2,0,612.2885,1487207179571,-1,-1,611.7546,1487207179040
5,9,3,0.3,1,1,1,615.3549,1487207182637,616.0883,1487207183371,614.8213,1487207182106
5,10,3,0.3,1,0,3,618.4215,1487207185704,-1,-1,617.8882,1487207185173
5,11,3,0.3,1,2,1,621.4552,1487207188737,-1,-1,620.9218,1487207188206
5,12,3,0.3,1,2,3,624.5554,1487207191838,-1,-1,623.9886,1487207191274
5,13,3,0.3,1,0,0,627.6555,1487207194938,-1,-1,627.0886,1487207194375
5,14,3,0.3,1,1,1,630.7223,1487207198004,631.4557,1487207198738,630.1556,1487207197440
5,15,3,0.3,1,0,2,633.8224,1487207201105,-1,-1,633.2562,1487207200541
5,16,3,0.3,1,0,2,636.856,1487207204138,-1,-1,636.3226,1487207203607
5,17,3,0.3,0,1,1,639.9227,1487207207205,-1,-1,639.3567,1487207206641
5,18,3,0.3,1,0,3,642.9563,1487207210238,-1,-1,642.423,1487207209708
5,19,3,0.3,1,1,2,646.0231,1487207213305,646.624,1487207213906,645.4565,1487207212743
5,20,3,0.3,1,0,0,649.0568,1487207216339,-1,-1,648.5232,1487207215808
5,21,3,0.3,1,2,1,652.1567,1487207219439,-1,-1,651.5901,1487207218876
5,22,3,0.3,1,0,1,655.1903,1487207222472,-1,-1,654.657,1487207221942
5,23,3,0.3,1,2,2,658.2244,1487207225507,-1,-1,657.6904,1487207224975
5,24,3,0.3,0,2,0,661.2906,1487207228573,662.8241,1487207230107,660.7573,1487207228043
5,25,3,0.3,1,0,0,664.3582,1487207231640,-1,-1,663.7909,1487207231075
5,26,3,0.3,1,2,1,667.4578,1487207234740,-1,-1,666.891,1487207234176
5,27,3,0.3,1,0,3,670.5247,1487207237807,-1,-1,669.9911,1487207237277
5,28,3,0.3,1,0,2,673.5913,1487207240873,-1,-1,673.0259,1487207240310
5,29,3,0.3,1,2,3,676.6586,1487207243941,-1,-1,676.0914,1487207243377
5,30,3,0.3,1,2,2,679.7251,1487207247007,-1,-1,679.1917,1487207246476
5,31,3,0.3,1,2,3,682.7257,1487207250008,-1,-1,682.2252,1487207249510
5,32,3,0.3,1,1,3,685.8254,1487207253108,686.4591,1487207253742,685.2587,1487207252545
5,33,3,0.3,1,2,3,688.8589,1487207256141,-1,-1,688.3256,1487207255611
5,34,3,0.3,1,1,3,691.9261,1487207259208,692.926,1487207260208,691.3927,1487207258677
5,35,3,0.3,1,0,0,694.9926,1487207262275,-1,-1,694.4592,1487207261745
5,36,3,0.3,1,1,3,698.0593,1487207265341,699.093,1487207266375,697.4927,1487207264777
5,37,3,0.3,1,1,3,701.1261,1487207268408,701.8599,1487207269142,700.5596,1487207267844
5,38,3,0.3,1,0,1,704.1931,1487207271475,-1,-1,703.6263,1487207270912
5,39,3,0.3,1,0,2,707.2599,1487207274542,-1,-1,706.6945,1487207273979
5,40,3,0.3,1,0,2,710.2936,1487207277576,-1,-1,709.76,1487207277046
5,41,3,0.3,1,1,1,713.3936,1487207280676,714.3604,1487207281643,712.827,1487207280111
5,42,3,0.3,1,1,2,716.4271,1487207283709,717.2607,1487207284543,715.8937,1487207283179
5,1,4,0.3,1,3,1,722.8608,1487207290143,-1,-1,722.3276,1487207289610
5,2,4,0.3,1,3,3,725.8943,1487207293176,-1,-1,725.361,1487207292646
5,3,4,0.3,1,3,2,728.9611,1487207296243,-1,-1,728.3945,1487207295681
5,4,4,0.3,1,3,0,732.028,1487207299310,-1,-1,731.4613,1487207298746
5,5,4,0.3,1,2,3,735.0948,1487207302377,-1,-1,734.5284,1487207301813
5,6,4,0.3,1,2,2,738.1283,1487207305410,-1,-1,737.595,1487207304880
5,7,4,0.3,1,2,3,741.1619,1487207308444,-1,-1,740.6284,1487207307913
5,8,4,0.3,1,1,0,744.1953,1487207311477,744.8623,1487207312145,743.662,1487207310947
5,9,4,0.3,1,2,2,747.2622,1487207314544,-1,-1,746.6956,1487207313981
5,10,4,0.3,1,0,1,750.2958,1487207317578,-1,-1,749.7623,1487207317047
5,11,4,0.3,1,0,1,753.3625,1487207320645,-1,-1,752.7959,1487207320081
5,12,4,0.3,1,1,0,756.3961,1487207323678,757.6296,1487207324912,755.8627,1487207323147
5,13,4,0.3,0,1,2,759.4967,1487207326779,-1,-1,758.9296,1487207326214
5,14,4,0.3,1,2,2,762.5964,1487207329879,-1,-1,762.0297,1487207329316
5,15,4,0.3,0,2,0,765.6301,1487207332912,766.1969,1487207333479,765.0966,1487207332382
5,1,3,0.3,1,3,1,771.3302,1487207338612,-1,-1,770.7971,1487207338080
5,2,3,0.3,1,3,0,774.3639,1487207341646,-1,-1,773.8303,1487207341115
5,3,3,0.3,1,3,3,777.431,1487207344713,-1,-1,776.8972,1487207344182
5,4,3,0.3,1,2,0,780.5306,1487207347813,-1,-1,779.9641,1487207347250
5,5,3,0.3,1,0,1,783.5642,1487207350846,-1,-1,783.0309,1487207350315
5,6,3,0.3,0,1,3,786.6312,1487207353914,-1,-1,786.0646,1487207353349
5,7,3,0.3,1,2,1,789.698,1487207356981,-1,-1,789.1644,1487207356449
5,8,3,0.3,1,0,2,792.7648,1487207360047,-1,-1,792.1981,1487207359483
5,9,3,0.3,1,1,3,795.799,1487207363081,796.2985,1487207363581,795.2651,1487207362550
5,10,3,0.3,1,0,0,798.8984,1487207366180,-1,-1,798.3318,1487207365618
5,11,3,0.3,1,2,1,801.9657,1487207369248,-1,-1,801.3986,1487207368683
5,12,3,0.3,1,0,1,805.0321,1487207372314,-1,-1,804.4987,1487207371784
5,13,3,0.3,1,1,0,808.1323,1487207375414,808.866,1487207376148,807.5654,1487207374850
5,14,3,0.3,1,0,2,811.2324,1487207378515,-1,-1,810.6658,1487207377950
5,15,3,0.3,1,2,0,814.2996,1487207381582,-1,-1,813.7327,1487207381018
5,16,3,0.3,0,1,0,817.3333,1487207384615,-1,-1,816.8325,1487207384117
5,17,3,0.3,1,1,2,820.4331,1487207387715,821.4675,1487207388750,819.8672,1487207387152
5,18,3,0.3,1,0,3,823.4998,1487207390782,-1,-1,822.9336,1487207390219
5,19,3,0.3,1,1,0,826.5332,1487207393815,827.5002,1487207394783,826,1487207393285
5,20,3,0.3,1,0,1,829.5671,1487207396849,-1,-1,829.0334,1487207396320
5,21,3,0.3,1,0,1,832.667,1487207399949,-1,-1,832.1003,1487207399385
5,22,3,0.3,0,2,3,835.7671,1487207403049,836.4675,1487207403750,835.2004,1487207402485
5,23,3,0.3,1,2,0,838.834,1487207406116,-1,-1,838.2673,1487207405552
5,24,3,0.3,1,0,0,841.8677,1487207409150,-1,-1,841.3342,1487207408619
5,25,3,0.3,1,1,3,844.9343,1487207412217,845.5347,1487207412817,844.4009,1487207411686
5,26,3,0.3,1,0,2,848.0012,1487207415283,-1,-1,847.4346,1487207414721
5,27,3,0.3,1,2,3,851.0681,1487207418350,-1,-1,850.5347,1487207417819
5,28,3,0.3,1,2,2,854.135,1487207421417,-1,-1,853.6016,1487207420887
5,29,3,0.3,1,2,3,857.2019,1487207424484,-1,-1,856.6682,1487207423953
5,30,3,0.3,0,2,2,860.2686,1487207427551,861.5356,1487207428818,859.7351,1487207427020
5,31,3,0.3,1,2,3,863.3359,1487207430618,-1,-1,862.8022,1487207430089
5,32,3,0.3,1,2,2,866.4355,1487207433718,-1,-1,865.8689,1487207433153
5,33,3,0.3,1,0,0,869.5024,1487207436784,-1,-1,868.9358,1487207436220
5,34,3,0.3,1,1,3,872.6025,1487207439885,873.7693,1487207441052,872.0359,1487207439321
5,35,3,0.3,1,0,1,875.6365,1487207442918,-1,-1,875.1028,1487207442387
5,36,3,0.3,0,0,1,878.7363,1487207446018,880.1033,1487207447386,878.1694,1487207445456
5,37,3,0.3,1,1,3,881.803,1487207449085,882.5032,1487207449786,881.2695,1487207448554
5,38,3,0.3,1,1,1,884.8367,1487207452119,885.437,1487207452719,884.3037,1487207451589
5,39,3,0.3,1,1,1,887.9036,1487207455186,888.5034,1487207455786,887.3701,1487207454655
5,40,3,0.3,1,0,2,891.0037,1487207458286,-1,-1,890.4368,1487207457721
5,41,3,0.3,1,0,2,894.1038,1487207461386,-1,-1,893.5371,1487207460822
5,42,3,0.3,1,0,3,897.1707,1487207464453,-1,-1,896.604,1487207463890
5,43,3,0.3,1,1,2,900.2375,1487207467520,901.0044,1487207468287,899.7046,1487207466989
5,1,3,0.3,1,3,2,905.2043,1487207472486,-1,-1,904.6379,1487207471921
5,2,3,0.3,1,3,1,908.2712,1487207475553,-1,-1,907.7046,1487207474989
5,3,3,0.3,1,3,0,911.3381,1487207478620,-1,-1,910.8047,1487207478089
5,4,3,0.3,1,0,3,914.4382,1487207481720,-1,-1,913.8721,1487207481158
5,5,3,0.3,1,0,3,917.5051,1487207484787,-1,-1,916.9385,1487207484223
5,6,3,0.3,1,2,1,920.572,1487207487854,-1,-1,920.0054,1487207487291
5,7,3,0.3,1,1,3,923.6387,1487207490921,925.0723,1487207492354,923.0723,1487207490358
5,8,3,0.3,1,1,3,926.6724,1487207493954,927.4392,1487207494722,926.1389,1487207493423
5,1,4,0.3,1,3,0,932.7061,1487207499988,-1,-1,932.1731,1487207499456
5,2,4,0.3,1,3,1,935.7395,1487207503021,-1,-1,935.2063,1487207502491
5,3,4,0.3,1,3,2,938.8064,1487207506088,-1,-1,938.2729,1487207505557
5,4,4,0.3,1,3,3,941.9065,1487207509189,-1,-1,941.3398,1487207508624
5,5,4,0.3,1,0,2,944.9734,1487207512255,-1,-1,944.4399,1487207511725
5,6,4,0.3,1,1,1,948.0735,1487207515356,949.1738,1487207516456,947.5068,1487207514794
5,7,4,0.3,1,0,0,951.1736,1487207518456,-1,-1,950.6069,1487207517892
5,8,4,0.3,1,2,2,954.2405,1487207521522,-1,-1,953.6743,1487207520959
5,9,4,0.3,1,2,3,957.3074,1487207524590,-1,-1,956.7407,1487207524025
5,10,4,0.3,1,0,3,960.3743,1487207527656,-1,-1,959.8408,1487207527125
5,11,4,0.3,1,1,0,963.4409,1487207530723,964.0422,1487207531325,962.9077,1487207530192
5,12,4,0.3,1,1,2,966.4746,1487207533757,967.3081,1487207534590,965.9412,1487207533227
5,13,4,0.3,1,0,1,969.5747,1487207536857,-1,-1,969.0081,1487207536294
5,14,4,0.3,1,1,3,972.6416,1487207539924,973.6753,1487207540958,972.0754,1487207539360
5,15,4,0.3,0,0,1,975.7417,1487207543024,976.2751,1487207543557,975.175,1487207542460
5,16,4,0.3,1,0,3,978.8093,1487207546091,-1,-1,978.2751,1487207545560
5,17,4,0.3,1,0,0,981.8425,1487207549125,-1,-1,981.342,1487207548628
5,18,4,0.3,1,2,1,984.9421,1487207552224,-1,-1,984.376,1487207551661
5,19,4,0.3,1,0,0,987.9758,1487207555258,-1,-1,987.4424,1487207554727
5,20,4,0.3,1,2,0,991.0759,1487207558358,-1,-1,990.5093,1487207557795
5,21,4,0.3,1,1,0,994.1428,1487207561425,994.6436,1487207561926,993.5762,1487207560861
5,22,4,0.3,1,2,0,997.2429,1487207564525,-1,-1,996.6763,1487207563962
5,23,4,0.3,1,2,1,1000.343,1487207567625,-1,-1,999.7766,1487207567062
5,24,4,0.3,1,1,0,1003.376,1487207570659,1004.11,1487207571393,1002.843,1487207570128
5,25,4,0.3,1,2,2,1006.41,1487207573693,-1,-1,1005.877,1487207573161
5,26,4,0.3,1,0,3,1009.478,1487207576760,-1,-1,1008.944,1487207576228
5,27,4,0.3,1,1,1,1012.544,1487207579826,1013.144,1487207580426,1012.011,1487207579296
5,28,4,0.3,1,0,3,1015.644,1487207582926,-1,-1,1015.077,1487207582364
5,29,4,0.3,1,0,1,1018.678,1487207585960,-1,-1,1018.144,1487207585429
5,30,4,0.3,1,1,3,1021.778,1487207589060,1022.711,1487207589994,1021.211,1487207588496
5,31,4,0.3,1,2,3,1024.878,1487207592160,-1,-1,1024.311,1487207591596
5,32,4,0.3,1,0,0,1027.945,1487207595227,-1,-1,1027.378,1487207594662
5,33,4,0.3,1,1,1,1031.011,1487207598293,1031.545,1487207598827,1030.445,1487207597731
5,34,4,0.3,1,0,2,1034.078,1487207601360,-1,-1,1033.512,1487207600798
5,35,4,0.3,1,0,2,1037.178,1487207604461,-1,-1,1036.612,1487207603897
5,36,4,0.3,1,2,1,1040.245,1487207607527,-1,-1,1039.679,1487207606963
5,37,4,0.3,1,1,1,1043.345,1487207610628,1043.979,1487207611261,1042.779,1487207610065
5,1,5,0.3,1,3,0,1050.579,1487207617861,-1,-1,1050.013,1487207617297
5,2,5,0.3,1,3,2,1053.68,1487207620962,-1,-1,1053.113,1487207620397
5,3,5,0.3,1,3,1,1056.746,1487207624028,-1,-1,1056.213,1487207623498
5,4,5,0.3,1,3,3,1059.847,1487207627129,-1,-1,1059.28,1487207626564
5,5,5,0.3,1,3,3,1062.913,1487207630195,-1,-1,1062.38,1487207629664
5,6,5,0.3,1,1,0,1066.013,1487207633296,1067.147,1487207634429,1065.447,1487207632733
5,7,5,0.3,1,0,3,1069.08,1487207636362,-1,-1,1068.514,1487207635798
5,8,5,0.3,0,1,1,1072.18,1487207639463,-1,-1,1071.614,1487207638899
5,9,5,0.3,1,2,1,1075.248,1487207642530,-1,-1,1074.681,1487207641966
5,10,5,0.3,0,0,2,1078.347,1487207645630,1079.248,1487207646530,1077.781,1487207645065
5,1,4,0.3,1,3,0,1083.115,1487207650397,-1,-1,1082.548,1487207649831
5,2,4,0.3,1,3,1,1086.148,1487207653430,-1,-1,1085.648,1487207652934
5,3,4,0.3,1,3,2,1089.248,1487207656530,-1,-1,1088.681,1487207655966
5,4,4,0.3,1,3,3,1092.348,1487207659630,-1,-1,1091.781,1487207659066
5,5,4,0.3,1,2,1,1095.416,1487207662698,-1,-1,1094.882,1487207662166
5,6,4,0.3,1,1,1,1098.515,1487207665797,1099.349,1487207666631,1097.949,1487207665234
5,7,4,0.3,1,1,2,1101.582,1487207668864,1102.349,1487207669631,1101.016,1487207668301
5,8,4,0.3,1,1,3,1104.649,1487207671931,1106.049,1487207673331,1104.082,1487207671368
5,9,4,0.3,1,1,1,1107.717,1487207674999,1108.249,1487207675531,1107.149,1487207674434
5,10,4,0.3,1,0,3,1110.783,1487207678065,-1,-1,1110.249,1487207677534
5,11,4,0.3,1,1,2,1113.849,1487207681132,1114.416,1487207681698,1113.283,1487207680567
5,12,4,0.3,1,0,0,1116.916,1487207684198,-1,-1,1116.35,1487207683635
5,13,4,0.3,1,0,0,1119.983,1487207687265,-1,-1,1119.417,1487207686701
5,14,4,0.3,1,2,1,1123.017,1487207690299,-1,-1,1122.484,1487207689768
5,15,4,0.3,0,1,2,1126.117,1487207693399,-1,-1,1125.55,1487207692835
5,16,4,0.3,1,0,3,1129.217,1487207696499,-1,-1,1128.65,1487207695935
5,17,4,0.3,1,0,2,1132.284,1487207699566,-1,-1,1131.717,1487207699003
5,18,4,0.3,1,0,3,1135.351,1487207702633,-1,-1,1134.817,1487207702103
5,19,4,0.3,1,2,3,1138.417,1487207705700,-1,-1,1137.851,1487207705135
5,20,4,0.3,0,2,2,1141.484,1487207708767,1142.318,1487207709600,1140.918,1487207708202
5,1,3,0.3,1,3,1,1146.085,1487207713367,-1,-1,1145.551,1487207712834
5,2,3,0.3,1,3,3,1149.151,1487207716434,-1,-1,1148.585,1487207715869
5,3,3,0.3,1,3,0,1152.185,1487207719467,-1,-1,1151.652,1487207718938
5,4,3,0.3,1,1,1,1155.285,1487207722567,1156.486,1487207723768,1154.719,1487207722003
5,5,3,0.3,1,2,0,1158.352,1487207725634,-1,-1,1157.785,1487207725070
5,6,3,0.3,1,2,1,1161.452,1487207728734,-1,-1,1160.885,1487207728170
5,7,3,0.3,1,0,2,1164.486,1487207731768,-1,-1,1163.952,1487207731238
5,8,3,0.3,1,2,1,1167.586,1487207734868,-1,-1,1167.019,1487207734305
5,9,3,0.3,1,0,3,1170.653,1487207737935,-1,-1,1170.119,1487207737404
5,10,3,0.3,1,2,1,1173.753,1487207741035,-1,-1,1173.186,1487207740471
5,11,3,0.3,1,1,1,1176.854,1487207744136,1177.353,1487207744635,1176.287,1487207743572
5,12,3,0.3,1,1,3,1179.953,1487207747235,1180.521,1487207747803,1179.387,1487207746671
5,13,3,0.3,1,1,1,1183.02,1487207750302,1183.753,1487207751036,1182.487,1487207749771
5,14,3,0.3,1,2,3,1186.087,1487207753369,-1,-1,1185.52,1487207752806
5,15,3,0.3,1,0,0,1189.154,1487207756436,-1,-1,1188.62,1487207755905
5,16,3,0.3,1,1,1,1192.22,1487207759503,1194.454,1487207761736,1191.687,1487207758973
5,17,3,0.3,1,1,3,1195.254,1487207762536,1196.121,1487207763403,1194.721,1487207762006
5,1,4,0.3,1,3,0,1199.688,1487207766970,-1,-1,1199.121,1487207766404
5,2,4,0.3,1,3,3,1202.721,1487207770003,-1,-1,1202.188,1487207769474
5,3,4,0.3,1,3,2,1205.755,1487207773037,-1,-1,1205.221,1487207772506
5,4,4,0.3,1,3,1,1208.821,1487207776103,-1,-1,1208.255,1487207775539
5,5,4,0.3,1,0,1,1211.855,1487207779137,-1,-1,1211.322,1487207778607
5,6,4,0.3,1,0,0,1214.922,1487207782204,-1,-1,1214.388,1487207781673
5,7,4,0.3,1,2,3,1217.989,1487207785271,-1,-1,1217.456,1487207784742
5,8,4,0.3,1,2,2,1221.056,1487207788338,-1,-1,1220.489,1487207787774
5,9,4,0.3,1,0,3,1224.156,1487207791438,-1,-1,1223.589,1487207790874
5,10,4,0.3,1,1,0,1227.256,1487207794538,1227.89,1487207795172,1226.689,1487207793974
5,11,4,0.3,1,0,1,1230.323,1487207797605,-1,-1,1229.756,1487207797041
5,12,4,0.3,1,0,1,1233.423,1487207800705,-1,-1,1232.856,1487207800141
5,13,4,0.3,1,2,2,1236.49,1487207803772,-1,-1,1235.924,1487207803209
5,14,4,0.3,1,1,0,1239.557,1487207806839,1240.323,1487207807606,1239.023,1487207806308
5,15,4,0.3,1,2,0,1242.657,1487207809939,-1,-1,1242.09,1487207809376
5,16,4,0.3,1,1,1,1245.724,1487207813006,1246.257,1487207813539,1245.157,1487207812442
5,17,4,0.3,1,1,2,1248.824,1487207816106,1249.457,1487207816740,1248.257,1487207815542
5,18,4,0.3,1,2,2,1251.891,1487207819173,-1,-1,1251.324,1487207818610
5,19,4,0.3,1,0,3,1254.958,1487207822240,-1,-1,1254.391,1487207821676
5,20,4,0.3,1,0,3,1258.058,1487207825340,-1,-1,1257.491,1487207824775
5,21,4,0.3,1,1,2,1261.158,1487207828440,1261.691,1487207828974,1260.591,1487207827876
5,22,4,0.3,1,2,3,1264.258,1487207831540,-1,-1,1263.691,1487207830977
5,23,4,0.3,1,0,1,1267.292,1487207834573,-1,-1,1266.758,1487207834044
5,24,4,0.3,1,1,3,1270.359,1487207837641,1271.592,1487207838874,1269.825,1487207837109
