%Recollect Version 2.3. Scene/Level: , Session: 21, GameNumber: 6
%NearTransferObject:GameNumber,BlockNumber,TrialNumber,CurrentNLevel,IsCorrect,StimulusType,Image,PresentationTime,ResponseTime,ExpireTime
%Possible values for "Image":RV=0,Truck=1,FireTruck=2,Ambulance=3,Cab=4,Schoolbus=5,Limo=6,Police=7,Blank=8,
%Possible values for "Type":NonTarget=0,Target=1,Lure=2,lessThanN=3,
6,0,1,1,0,3,7,1488405807350,-1,1488405806817
6,0,2,1,1,1,7,1488405810384,1488405811284,1488405809854
6,0,3,1,1,0,5,1488405813450,-1,1488405812920
6,0,4,1,1,0,2,1488405816451,-1,1488405815954
6,0,5,1,1,0,3,1488405819484,-1,1488405818987
6,0,6,1,1,1,3,1488405822551,1488405823284,1488405822019
6,0,7,1,1,0,2,1488405825618,-1,1488405825087
6,0,8,1,1,0,4,1488405828685,-1,1488405828154
6,0,9,1,1,0,7,1488405831751,-1,1488405831221
6,0,10,1,1,1,7,1488405834785,1488405835619,1488405834256
6,0,11,1,1,0,4,1488405837852,-1,1488405837321
6,1,1,1,1,3,5,1488405842519,-1,1488405842020
6,1,2,1,1,0,1,1488405845586,-1,1488405845055
6,1,3,1,1,0,2,1488405848652,-1,1488405848122
6,1,4,1,1,0,3,1488405851686,-1,1488405851155
6,1,5,1,1,1,3,1488405854753,1488405855720,1488405854222
6,1,6,1,1,1,3,1488405857786,1488405858853,1488405857256
6,1,7,1,1,0,6,1488405860820,-1,1488405860290
6,1,8,1,1,1,6,1488405863853,1488405864520,1488405863323
6,1,9,1,1,0,0,1488405866854,-1,1488405866356
6,1,10,1,1,1,0,1488405869920,1488405870754,1488405869389
6,1,11,1,1,0,7,1488405872954,-1,1488405872423
6,1,12,1,1,0,4,1488405875987,-1,1488405875458
6,1,13,1,1,0,6,1488405879021,-1,1488405878490
6,1,14,1,1,1,6,1488405882054,1488405882821,1488405881557
6,1,15,1,1,0,4,1488405885121,-1,1488405884592
6,1,16,1,1,0,7,1488405888188,-1,1488405887658
6,1,17,1,1,0,1,1488405891221,-1,1488405890691
6,1,18,1,1,0,0,1488405894256,-1,1488405893724
6,1,19,1,1,0,5,1488405897322,-1,1488405896791
6,1,20,1,1,0,6,1488405900389,-1,1488405899858
6,1,21,1,1,1,6,1488405903423,1488405904289,1488405902925
6,2,1,2,1,3,6,1488405909890,-1,1488405909390
6,2,2,2,1,3,7,1488405912956,-1,1488405912430
6,2,3,2,1,0,2,1488405915989,-1,1488405915459
6,2,4,2,1,1,7,1488405918990,1488405920557,1488405918492
6,2,5,2,1,0,3,1488405922057,-1,1488405921526
6,2,6,2,1,0,4,1488405925123,-1,1488405924593
6,2,7,2,1,0,2,1488405928190,-1,1488405927659
6,2,8,2,1,1,4,1488405931190,1488405932391,1488405930693
6,2,9,2,1,1,2,1488405934257,1488405935058,1488405933727
6,2,10,2,1,0,1,1488405937291,-1,1488405936760
6,2,11,2,1,0,7,1488405940358,-1,1488405939827
6,2,12,2,0,0,4,1488405943391,1488405944592,1488405942893
6,3,1,2,0,3,7,1488405949391,-1,1488405948892
6,3,2,2,0,3,2,1488405952458,-1,1488405951928
6,3,3,2,1,0,6,1488405955492,-1,1488405954962
6,3,4,2,1,1,2,1488405958559,1488405959659,1488405958028
6,3,5,2,1,0,5,1488405961593,-1,1488405961062
6,3,6,2,1,0,3,1488405964659,-1,1488405964128
6,3,7,2,1,1,5,1488405967692,1488405969226,1488405967162
6,3,8,2,1,0,2,1488405970726,-1,1488405970227
6,3,9,2,1,0,0,1488405973793,-1,1488405973268
6,3,10,2,1,0,7,1488405976827,-1,1488405976329
6,3,11,2,1,1,0,1488405979893,1488405980993,1488405979363
6,3,12,2,1,0,2,1488405982927,-1,1488405982396
6,3,13,2,1,1,0,1488405985993,1488405987394,1488405985463
6,3,14,2,1,0,4,1488405988994,-1,1488405988496
6,3,15,2,0,0,5,1488405992061,1488405993494,1488405991530
6,3,16,2,1,0,6,1488405995094,-1,1488405994564
6,3,17,2,1,0,7,1488405998128,-1,1488405997597
6,3,18,2,1,0,4,1488406001194,-1,1488406000664
6,3,19,2,1,0,5,1488406004228,-1,1488406003698
6,3,20,2,1,1,4,1488406007262,1488406008595,1488406006731
6,3,21,2,1,0,2,1488406010328,-1,1488406009800
6,3,22,2,1,1,4,1488406013395,1488406014529,1488406012864
6,4,1,3,1,3,7,1488406023229,-1,1488406022696
6,4,2,3,1,3,2,1488406026262,-1,1488406025734
6,4,3,3,1,3,6,1488406029296,-1,1488406028766
6,4,4,3,1,0,4,1488406032296,-1,1488406031799
6,4,5,3,1,0,5,1488406035330,-1,1488406034833
6,4,6,3,1,1,6,1488406038363,1488406040764,1488406037866
6,4,7,3,1,0,3,1488406041397,-1,1488406040900
6,4,8,3,0,0,2,1488406044464,1488406045997,1488406043933
6,4,9,3,1,0,7,1488406047531,-1,1488406046999
6,4,10,3,1,1,3,1488406050597,1488406052364,1488406050067
6,4,11,3,1,1,2,1488406053631,1488406054731,1488406053100
6,4,12,3,1,0,1,1488406056665,-1,1488406056134
6,4,13,3,1,0,6,1488406059731,-1,1488406059200
6,5,1,3,1,3,1,1488406065398,-1,1488406064865
6,5,2,3,1,3,4,1488406068432,-1,1488406067902
6,5,3,3,1,3,2,1488406071466,-1,1488406070968
6,5,4,3,1,0,5,1488406074499,-1,1488406074002
6,5,5,3,1,1,4,1488406077565,1488406078965,1488406077035
6,5,6,3,1,0,6,1488406080599,-1,1488406080068
6,5,7,3,1,0,7,1488406083666,-1,1488406083135
6,5,8,3,1,0,7,1488406086699,-1,1488406086168
6,5,9,3,1,0,1,1488406089733,-1,1488406089202
6,5,10,3,1,1,7,1488406092766,1488406094033,1488406092236
6,5,11,3,1,0,2,1488406095833,-1,1488406095303
6,5,12,3,1,0,6,1488406098866,-1,1488406098336
6,5,13,3,1,0,5,1488406101867,-1,1488406101369
6,5,14,3,1,0,4,1488406104933,-1,1488406104403
6,5,15,3,1,0,7,1488406107967,-1,1488406107437
6,5,16,3,1,1,5,1488406111000,1488406112302,1488406110470
6,5,17,3,1,1,4,1488406114002,1488406115634,1488406113504
6,5,18,3,1,0,6,1488406117068,-1,1488406116537
6,5,19,3,0,1,5,1488406120134,-1,1488406119604
6,5,20,3,1,1,4,1488406123201,1488406124235,1488406122671
6,5,21,3,1,0,7,1488406126235,-1,1488406125704
6,5,22,3,1,0,7,1488406129235,-1,1488406128738
6,5,23,3,1,0,3,1488406132269,-1,1488406131772
6,6,1,4,1,3,2,1488406138469,-1,1488406137936
6,6,2,4,1,3,1,1488406141502,-1,1488406140973
6,6,3,4,1,3,4,1488406144502,-1,1488406144005
6,6,4,4,1,3,6,1488406147569,-1,1488406147039
6,6,5,4,1,0,0,1488406150603,-1,1488406150072
6,6,6,4,0,0,6,1488406153636,1488406154903,1488406153107
6,6,7,4,1,1,4,1488406156670,1488406157737,1488406156139
6,6,8,4,0,1,6,1488406159737,-1,1488406159206
6,6,9,4,0,0,1,1488406162803,1488406163904,1488406162274
6,6,10,4,0,0,1,1488406165837,1488406167271,1488406165306
6,6,11,4,0,0,0,1488406168904,1488406170071,1488406168373
6,6,12,4,0,0,5,1488406171937,1488406172504,1488406171407
6,6,13,4,0,0,4,1488406174971,1488406176338,1488406174441
6,6,14,4,1,1,1,1488406178038,1488406179504,1488406177508
6,6,15,4,0,1,0,1488406181104,-1,1488406180574
6,6,16,4,1,1,5,1488406184138,1488406185338,1488406183609
6,6,17,4,0,0,0,1488406187172,1488406188205,1488406186641
6,6,18,4,1,0,7,1488406190205,-1,1488406189708
6,6,19,4,1,0,3,1488406193239,-1,1488406192709
6,6,20,4,0,1,5,1488406196305,-1,1488406195774
6,6,21,4,0,0,1,1488406199372,1488406200306,1488406198842
6,6,22,4,0,0,2,1488406202440,1488406203406,1488406201908
6,6,23,4,1,0,0,1488406205506,-1,1488406204975
6,6,24,4,1,0,4,1488406208539,-1,1488406208009
6,7,1,1,1,3,5,1488406227140,-1,1488406226607
6,7,2,1,1,1,5,1488406230207,1488406231208,1488406229678
6,7,3,1,1,0,2,1488406233275,-1,1488406232743
6,7,4,1,1,0,4,1488406236341,-1,1488406235810
6,7,5,1,1,1,4,1488406239374,1488406240108,1488406238844
6,7,6,1,1,1,4,1488406242408,1488406243376,1488406241910
6,7,7,1,1,0,3,1488406245441,-1,1488406244913
6,7,8,1,1,0,7,1488406248508,-1,1488406247978
6,7,9,1,1,1,7,1488406251542,1488406252275,1488406251011
6,7,10,1,1,0,1,1488406254609,-1,1488406254078
6,7,11,1,1,0,6,1488406257642,-1,1488406257112
6,7,12,1,1,0,0,1488406260676,-1,1488406260145
6,7,13,1,1,0,5,1488406263709,-1,1488406263178
6,7,14,1,1,1,5,1488406266743,1488406267609,1488406266212
6,7,15,1,1,0,0,1488406269809,-1,1488406269279
6,7,16,1,1,0,2,1488406272843,-1,1488406272312
6,7,17,1,1,0,5,1488406275876,-1,1488406275346
6,7,18,1,1,0,0,1488406278910,-1,1488406278380
6,7,19,1,1,1,0,1488406281911,1488406282644,1488406281414
6,7,20,1,1,0,1,1488406284944,-1,1488406284446
6,7,21,1,1,0,3,1488406287977,-1,1488406287448
6,8,1,2,1,3,4,1488406306578,-1,1488406306045
6,8,2,2,1,3,0,1488406309579,-1,1488406309082
6,8,3,2,1,0,5,1488406312612,-1,1488406312115
6,8,4,2,0,1,0,1488406315679,-1,1488406315148
6,8,5,2,1,0,3,1488406318679,-1,1488406318181
6,8,6,2,0,1,0,1488406321746,-1,1488406321215
6,8,7,2,0,2,0,1488406324780,1488406325613,1488406324282
6,8,8,2,1,1,0,1488406327846,1488406329180,1488406327315
6,8,9,2,1,0,6,1488406330880,-1,1488406330349
6,8,10,2,1,2,6,1488406333914,-1,1488406333384
6,8,11,2,1,0,2,1488406336980,-1,1488406336449
6,8,12,2,1,1,6,1488406339980,1488406340614,1488406339482
6,8,13,2,0,2,6,1488406343047,1488406343947,1488406342516
6,8,14,2,0,2,2,1488406346115,1488406347114,1488406345583
6,8,15,2,1,1,6,1488406349147,1488406350681,1488406348650
6,8,16,2,1,0,0,1488406352215,-1,1488406351683
6,8,17,2,1,0,3,1488406355281,-1,1488406354750
6,8,18,2,1,0,1,1488406358314,-1,1488406357783
6,8,19,2,0,2,0,1488406361348,1488406362648,1488406360817
6,8,20,2,1,2,0,1488406364349,-1,1488406363851
6,8,21,2,1,1,0,1488406367417,1488406368649,1488406366884
6,8,22,2,0,0,3,1488406370482,1488406371549,1488406369951
6,9,1,3,0,3,6,1488406376049,-1,1488406375516
6,9,2,3,0,3,0,1488406379082,-1,1488406378551
6,9,3,3,0,3,2,1488406382149,-1,1488406381618
6,9,4,3,0,2,0,1488406385150,1488406387216,1488406384652
6,9,5,3,1,0,6,1488406388216,-1,1488406387685
6,9,6,3,0,2,0,1488406391283,1488406392818,1488406390752
6,9,7,3,0,1,0,1488406394317,-1,1488406393819
6,9,8,3,0,2,0,1488406397383,1488406398883,1488406396853
6,9,9,3,1,1,0,1488406400384,1488406401151,1488406399886
6,9,10,3,1,0,3,1488406403418,-1,1488406402919
6,9,11,3,0,1,0,1488406406451,-1,1488406405953
6,9,12,3,1,2,3,1488406409484,-1,1488406408953
6,9,13,3,1,0,5,1488406412551,-1,1488406412020
6,9,14,3,1,0,6,1488406415618,-1,1488406415087
6,9,15,3,1,1,3,1488406418651,1488406420319,1488406418121
6,9,16,3,1,1,5,1488406421718,1488406423185,1488406421187
6,9,17,3,1,1,6,1488406424751,1488406425718,1488406424222
6,9,18,3,1,0,7,1488406427752,-1,1488406427254
6,9,19,3,1,0,0,1488406430785,-1,1488406430255
6,9,20,3,1,2,5,1488406433819,-1,1488406433288
6,9,21,3,1,0,5,1488406436886,-1,1488406436356
6,9,22,3,1,0,1,1488406439919,-1,1488406439388
6,9,23,3,1,2,0,1488406442986,-1,1488406442456
