%Recollect Version 2.3. Scene/Level: , Session: 14, GameNumber: 0
%Note: All true/false values are represented as "1" and "0" respectively.
%Damage:1,Player X Position,Player Y Position,Hearts Left,Time (Relative),Time (Absolute)
%LameBackObject:Algorithm Condition,Trial Number,Current N Level,Lure Rate,Is Correct,Stimulus Type,Stimulus Color,Presentation Time (R),Presentation Time (A),Response Time (R),Response Time (A),Expire Time (R),Expire Time (A)
%Possible values for "Color":Red=0,Blue=1,Green=2,Yellow=3,Purple=4,LightBlue=5,Brown=6,White=7,
%Possible values for "Type":NonTarget=0,Target=1,Lure=2,lessThanN=3,
8,1,2,0.3,1,3,1,15.521,1487723415087,-1,-1,15.02044,1487723414587
8,2,2,0.3,1,3,2,18.58777,1487723418154,-1,-1,18.02129,1487723417591
8,3,2,0.3,1,0,5,21.62081,1487723421187,-1,-1,21.08783,1487723420656
8,4,2,0.3,1,1,2,24.621,1487723424187,25.42119,1487723424987,24.12096,1487723423689
8,5,2,0.3,1,0,3,27.65458,1487723427220,-1,-1,27.12112,1487723426689
8,6,2,0.3,1,0,1,30.68799,1487723430254,-1,-1,30.15467,1487723429724
8,7,2,0.3,1,2,5,33.68815,1487723433254,-1,-1,33.18811,1487723432756
8,8,2,0.3,1,0,7,36.72167,1487723436287,-1,-1,36.1883,1487723435759
8,9,2,0.3,1,2,3,39.72184,1487723439288,-1,-1,39.22181,1487723438790
8,10,2,0.3,1,1,7,42.75534,1487723442321,43.98877,1487723443555,42.22197,1487723441790
8,11,2,0.3,1,2,5,45.7556,1487723445321,-1,-1,45.25547,1487723444824
8,12,2,0.3,1,1,7,48.82234,1487723448388,49.82242,1487723449388,48.25574,1487723447824
8,13,2,0.3,1,2,3,51.85588,1487723451422,-1,-1,51.32248,1487723450891
8,14,2,0.3,1,0,0,54.85641,1487723454422,-1,-1,54.356,1487723453925
8,15,2,0.3,1,2,0,57.92286,1487723457489,-1,-1,57.39008,1487723456958
8,16,2,0.3,1,1,0,60.95636,1487723460522,61.85635,1487723461422,60.423,1487723459991
8,17,2,0.3,1,0,1,63.98986,1487723463556,-1,-1,63.45642,1487723463026
8,18,2,0.3,1,0,7,66.99004,1487723466556,-1,-1,66.49001,1487723466059
8,19,2,0.3,0,2,0,70.02354,1487723469589,71.69063,1487723471257,69.49017,1487723469060
8,20,2,0.3,1,0,4,73.0237,1487723472589,-1,-1,72.52367,1487723472092
8,21,2,0.3,1,1,0,76.05721,1487723475623,77.09094,1487723476657,75.52385,1487723475092
8,22,2,0.3,1,1,4,79.12404,1487723478690,79.95764,1487723479524,78.55743,1487723478126
8,1,2,0.3,1,3,5,97.42516,1487723496991,-1,-1,96.92494,1487723496491
8,2,2,0.3,1,3,0,100.1919,1487723499758,-1,-1,99.69212,1487723499262
8,3,2,0.3,1,0,4,102.9587,1487723502524,-1,-1,102.4586,1487723502027
8,4,2,0.3,1,0,2,105.7259,1487723505292,-1,-1,105.2254,1487723504794
8,5,2,0.3,1,1,4,108.4924,1487723508058,109.5924,1487723509158,107.9923,1487723507561
8,6,2,0.3,0,2,0,111.2592,1487723510825,112.2602,1487723511826,110.7592,1487723510328
8,7,2,0.3,1,0,5,114.0261,1487723513592,-1,-1,113.526,1487723513095
8,8,2,0.3,1,2,2,116.7929,1487723516359,-1,-1,116.2928,1487723515862
8,9,2,0.3,1,0,6,119.5597,1487723519125,-1,-1,119.0597,1487723518628
8,10,2,0.3,1,1,2,122.3266,1487723521892,123.7266,1487723523293,121.8265,1487723521395
8,11,2,0.3,1,1,6,125.0933,1487723524659,125.8601,1487723525426,124.5933,1487723524162
8,12,2,0.3,1,2,6,127.8601,1487723527426,-1,-1,127.3601,1487723526930
8,13,2,0.3,1,0,1,130.627,1487723530193,-1,-1,130.1269,1487723529695
8,14,2,0.3,1,0,4,133.3939,1487723532960,-1,-1,132.8937,1487723532462
8,15,2,0.3,1,2,6,136.1606,1487723535726,-1,-1,135.6606,1487723535229
8,16,2,0.3,1,2,6,138.9274,1487723538493,-1,-1,138.4274,1487723537996
8,17,2,0.3,1,1,6,141.6943,1487723541260,142.4946,1487723542061,141.1942,1487723540763
8,18,2,0.3,1,1,6,144.4611,1487723544027,145.7947,1487723545361,143.961,1487723543529
8,19,2,0.3,1,0,2,147.2279,1487723546794,-1,-1,146.728,1487723546296
8,20,2,0.3,1,0,7,149.9947,1487723549560,-1,-1,149.4948,1487723549063
8,21,2,0.3,1,2,6,152.7615,1487723552327,-1,-1,152.2616,1487723551830
8,22,2,0.3,1,1,7,155.5283,1487723555095,156.2617,1487723555828,155.0283,1487723554599
8,1,2,0.3,1,3,0,173.5294,1487723573095,-1,-1,173.0959,1487723572662
8,2,2,0.3,1,3,4,175.9962,1487723575563,-1,-1,175.5628,1487723575131
8,3,2,0.3,1,0,7,178.463,1487723578029,-1,-1,178.0296,1487723577598
8,4,2,0.3,1,0,5,180.9298,1487723580496,-1,-1,180.4974,1487723580066
8,5,2,0.3,1,0,1,183.3966,1487723582962,-1,-1,182.9632,1487723582532
8,6,2,0.3,1,2,1,185.8634,1487723585429,-1,-1,185.4301,1487723585000
8,7,2,0.3,1,0,3,188.3302,1487723587896,-1,-1,187.8968,1487723587465
8,8,2,0.3,1,1,1,190.797,1487723590363,191.6978,1487723591264,190.3637,1487723589932
8,9,2,0.3,1,1,3,193.2638,1487723592830,194.1642,1487723593730,192.8304,1487723592400
8,10,2,0.3,1,2,3,195.7312,1487723595297,-1,-1,195.2973,1487723594866
8,11,2,0.3,0,2,1,198.1975,1487723597763,199.7649,1487723599331,197.7641,1487723597332
8,12,2,0.3,1,2,1,200.6643,1487723600230,-1,-1,200.2309,1487723599800
8,13,2,0.3,1,1,1,203.131,1487723602697,203.6977,1487723603264,202.6977,1487723602266
8,14,2,0.3,1,1,1,205.5978,1487723605164,206.5646,1487723606131,205.1646,1487723604733
8,15,2,0.3,1,0,7,208.0646,1487723607631,-1,-1,207.6313,1487723607200
8,16,2,0.3,1,2,7,210.5314,1487723610097,-1,-1,210.0981,1487723609666
8,17,2,0.3,1,0,4,212.9982,1487723612564,-1,-1,212.565,1487723612133
8,18,2,0.3,1,1,7,215.4651,1487723615031,216.2323,1487723615798,215.0317,1487723614601
8,19,2,0.3,1,1,4,217.9319,1487723617498,219.0319,1487723618598,217.4986,1487723617067
8,20,2,0.3,1,2,4,220.3987,1487723619965,-1,-1,219.9653,1487723619534
8,21,2,0.3,1,0,6,222.8655,1487723622431,-1,-1,222.4321,1487723622002
8,22,2,0.3,1,0,3,225.3323,1487723624898,-1,-1,224.8989,1487723624467
8,1,2,0.3,1,3,7,243.0333,1487723642599,-1,-1,242.6332,1487723642199
8,2,2,0.3,1,3,6,245.2667,1487723644832,-1,-1,244.8668,1487723644436
8,3,2,0.3,1,1,7,247.5001,1487723647066,248.5338,1487723648100,247.1001,1487723646669
8,4,2,0.3,1,0,0,249.7337,1487723649299,-1,-1,249.3344,1487723648902
8,5,2,0.3,1,0,1,251.9671,1487723651533,-1,-1,251.5671,1487723651134
8,6,2,0.3,1,2,6,254.2005,1487723653766,-1,-1,253.8006,1487723653369
8,7,2,0.3,1,2,6,256.4341,1487723656000,-1,-1,256.0341,1487723655602
8,8,2,0.3,1,0,4,258.6675,1487723658233,-1,-1,258.2675,1487723657838
8,9,2,0.3,1,0,2,260.901,1487723660467,-1,-1,260.5009,1487723660069
8,10,2,0.3,1,0,0,263.1345,1487723662700,-1,-1,262.7343,1487723662302
8,11,2,0.3,0,1,2,265.3679,1487723664934,-1,-1,264.9679,1487723664537
8,12,2,0.3,1,2,2,267.6013,1487723667167,-1,-1,267.2013,1487723666770
8,13,2,0.3,1,0,5,269.8348,1487723669401,-1,-1,269.4348,1487723669006
8,14,2,0.3,1,1,2,272.0683,1487723671634,273.0016,1487723672568,271.6682,1487723671236
8,15,2,0.3,1,1,5,274.3017,1487723673867,275.1683,1487723674735,273.9017,1487723673470
8,16,2,0.3,1,2,5,276.5352,1487723676101,-1,-1,276.1353,1487723675705
8,17,2,0.3,1,1,5,278.7686,1487723678334,279.7687,1487723679335,278.3686,1487723677937
8,18,2,0.3,1,2,2,281.0021,1487723680568,-1,-1,280.6021,1487723680171
8,19,2,0.3,1,1,5,283.2357,1487723682801,284.1024,1487723683668,282.8355,1487723682404
8,20,2,0.3,1,0,6,285.469,1487723685035,-1,-1,285.069,1487723684637
8,21,2,0.3,1,0,7,287.7025,1487723687268,-1,-1,287.3025,1487723686871
8,22,2,0.3,1,2,7,289.936,1487723689502,-1,-1,289.5359,1487723689105
8,1,2,0.3,1,3,0,307.337,1487723706903,-1,-1,307.0035,1487723706570
8,2,2,0.3,1,3,5,309.337,1487723708903,-1,-1,309.0038,1487723708572
8,3,2,0.3,1,2,5,311.3372,1487723710903,-1,-1,311.0037,1487723710572
8,4,2,0.3,1,2,3,313.3377,1487723712903,-1,-1,313.0039,1487723712572
8,5,2,0.3,1,0,4,315.3373,1487723714903,-1,-1,315.004,1487723714573
8,6,2,0.3,1,2,4,317.3375,1487723716903,-1,-1,317.0042,1487723716575
8,7,2,0.3,1,2,5,319.3376,1487723718903,-1,-1,319.0042,1487723718573
8,8,2,0.3,1,1,4,321.3377,1487723720903,322.1711,1487723721737,321.0043,1487723720573
8,9,2,0.3,1,2,4,323.3378,1487723722904,-1,-1,323.0048,1487723722573
8,10,2,0.3,1,0,1,325.3382,1487723724904,-1,-1,325.0045,1487723724573
8,11,2,0.3,1,0,6,327.338,1487723726904,-1,-1,327.0048,1487723726574
8,12,2,0.3,0,0,5,329.3381,1487723728904,330.1715,1487723729738,329.0049,1487723728573
8,13,2,0.3,1,0,7,331.3383,1487723730904,-1,-1,331.0054,1487723730574
8,14,2,0.3,1,1,5,333.3383,1487723732904,334.2387,1487723733805,333.0049,1487723732573
8,15,2,0.3,1,1,7,335.3384,1487723734904,336.1055,1487723735672,335.005,1487723734574
8,16,2,0.3,1,1,5,337.3389,1487723736905,338.1389,1487723737705,337.0052,1487723736575
8,17,2,0.3,1,0,6,339.3387,1487723738904,-1,-1,339.006,1487723738575
8,18,2,0.3,1,1,5,341.3388,1487723740905,342.9058,1487723742472,341.0055,1487723740574
8,19,2,0.3,1,1,6,343.339,1487723742905,344.3726,1487723743939,343.0056,1487723742574
8,20,2,0.3,1,2,6,345.3391,1487723744905,-1,-1,345.0057,1487723744574
8,21,2,0.3,1,0,3,347.3392,1487723746905,-1,-1,347.0058,1487723746575
8,22,2,0.3,1,0,0,349.3396,1487723748905,-1,-1,349.006,1487723748574
8,1,2,0.3,1,3,4,366.5402,1487723766106,-1,-1,366.2068,1487723765773
8,2,2,0.3,1,3,6,368.3737,1487723767939,-1,-1,368.0403,1487723767610
8,3,2,0.3,1,2,6,370.207,1487723769773,-1,-1,369.8759,1487723769445
8,4,2,0.3,1,1,6,372.0405,1487723771606,372.874,1487723772440,371.7072,1487723771276
8,5,2,0.3,1,1,6,373.874,1487723773440,374.9742,1487723774540,373.5406,1487723773109
8,6,2,0.3,1,1,6,375.7074,1487723775273,376.7407,1487723776307,375.3741,1487723774942
8,7,2,0.3,1,2,3,377.541,1487723777107,-1,-1,377.2077,1487723776777
8,8,2,0.3,1,0,7,379.3744,1487723778940,-1,-1,379.0409,1487723778611
8,9,2,0.3,1,0,0,381.2077,1487723780773,-1,-1,380.8745,1487723780443
8,10,2,0.3,1,1,7,383.0412,1487723782607,384.2413,1487723783807,382.7078,1487723782276
8,11,2,0.3,1,0,6,384.8747,1487723784440,-1,-1,384.5413,1487723784110
8,12,2,0.3,1,2,6,386.708,1487723786274,-1,-1,386.3747,1487723785943
8,13,2,0.3,1,0,1,388.5415,1487723788107,-1,-1,388.2081,1487723787777
8,14,2,0.3,1,2,1,390.375,1487723789941,-1,-1,390.0416,1487723789610
8,15,2,0.3,1,2,6,392.2083,1487723791774,-1,-1,391.8749,1487723791443
8,16,2,0.3,1,0,4,394.0418,1487723793608,-1,-1,393.7084,1487723793277
8,17,2,0.3,1,2,1,395.8753,1487723795441,-1,-1,395.5424,1487723795110
8,18,2,0.3,1,0,5,397.7087,1487723797274,-1,-1,397.3755,1487723796945
8,19,2,0.3,1,1,1,399.5421,1487723799108,400.609,1487723800175,399.2087,1487723798777
8,20,2,0.3,1,0,0,401.3756,1487723800941,-1,-1,401.0422,1487723800611
8,21,2,0.3,1,1,1,403.209,1487723802775,404.1424,1487723803708,402.8757,1487723802444
8,22,2,0.3,1,0,4,405.0424,1487723804608,-1,-1,404.7091,1487723804277
8,1,2,0.3,1,3,4,422.0434,1487723821609,-1,-1,421.7433,1487723821310
8,2,2,0.3,1,3,3,423.6774,1487723823243,-1,-1,423.3768,1487723822946
8,3,2,0.3,1,0,1,425.3103,1487723824876,-1,-1,425.0102,1487723824579
8,4,2,0.3,1,1,3,426.9436,1487723826509,427.844,1487723827410,426.6436,1487723826212
8,5,2,0.3,1,2,3,428.5771,1487723828143,-1,-1,428.2776,1487723827846
8,6,2,0.3,1,0,6,430.2105,1487723829776,-1,-1,429.9105,1487723829480
8,7,2,0.3,1,1,3,431.844,1487723831410,432.4776,1487723832044,431.5439,1487723831112
8,8,2,0.3,1,0,2,433.4774,1487723833043,-1,-1,433.1773,1487723832746
8,9,2,0.3,1,2,6,435.1108,1487723834677,-1,-1,434.8108,1487723834380
8,10,2,0.3,0,2,3,436.7445,1487723836310,438.0776,1487723837644,436.4444,1487723836012
8,11,2,0.3,1,0,7,438.3777,1487723837943,-1,-1,438.0776,1487723837647
8,12,2,0.3,1,1,3,440.011,1487723839577,440.911,1487723840477,439.711,1487723839279
8,13,2,0.3,1,2,6,441.6446,1487723841210,-1,-1,441.3445,1487723840913
8,14,2,0.3,1,2,6,443.2779,1487723842844,-1,-1,442.9779,1487723842546
8,15,2,0.3,1,1,6,444.9117,1487723844478,445.8787,1487723845445,444.6113,1487723844180
8,16,2,0.3,1,1,6,446.5447,1487723846110,447.3448,1487723846911,446.2447,1487723845815
8,17,2,0.3,1,2,0,448.1782,1487723847744,-1,-1,447.8782,1487723847446
8,18,2,0.3,1,0,4,449.8116,1487723849377,-1,-1,449.5116,1487723849080
8,19,2,0.3,1,0,7,451.4449,1487723851011,-1,-1,451.1451,1487723850713
8,20,2,0.3,1,1,4,453.0785,1487723852644,454.0452,1487723853611,452.7784,1487723852347
8,21,2,0.3,1,0,5,454.7119,1487723854278,-1,-1,454.4119,1487723853982
8,22,2,0.3,1,0,0,456.3453,1487723855911,-1,-1,456.0454,1487723855614
8,1,2,0.3,1,3,2,473.1129,1487723872679,-1,-1,472.8462,1487723872412
8,2,2,0.3,1,3,4,474.5797,1487723874145,-1,-1,474.3131,1487723873881
8,3,2,0.3,1,2,4,476.0465,1487723875612,-1,-1,475.7797,1487723875350
8,4,2,0.3,1,2,1,477.5132,1487723877079,-1,-1,477.2465,1487723876815
8,5,2,0.3,1,0,5,478.9799,1487723878546,-1,-1,478.7132,1487723878282
8,6,2,0.3,1,2,4,480.4472,1487723880013,-1,-1,480.18,1487723879748
8,7,2,0.3,1,0,2,481.9135,1487723881479,-1,-1,481.6469,1487723881216
8,8,2,0.3,1,0,3,483.3802,1487723882946,-1,-1,483.1135,1487723882683
8,9,2,0.3,0,1,2,484.8469,1487723884413,-1,-1,484.5802,1487723884149
8,10,2,0.3,1,1,3,486.3137,1487723885879,487.0472,1487723886613,486.0469,1487723885615
8,11,2,0.3,1,0,6,487.7803,1487723887346,-1,-1,487.5137,1487723887083
8,12,2,0.3,1,2,6,489.247,1487723888813,-1,-1,488.9804,1487723888549
8,13,2,0.3,1,1,6,490.7139,1487723890280,491.5808,1487723891147,490.4473,1487723890017
8,14,2,0.3,1,0,4,492.1806,1487723891746,-1,-1,491.9139,1487723891482
8,15,2,0.3,1,1,6,493.6475,1487723893213,494.6475,1487723894213,493.3807,1487723892949
8,16,2,0.3,1,0,5,495.1142,1487723894680,-1,-1,494.8474,1487723894416
8,17,2,0.3,1,1,6,496.5809,1487723896147,497.2476,1487723896814,496.3145,1487723895883
8,18,2,0.3,1,2,4,498.0476,1487723897613,-1,-1,497.7809,1487723897350
8,19,2,0.3,1,0,1,499.5144,1487723899080,-1,-1,499.2477,1487723898816
8,20,2,0.3,1,1,4,500.9812,1487723900547,502.0149,1487723901581,500.7145,1487723900283
8,21,2,0.3,1,2,4,502.4479,1487723902014,-1,-1,502.1812,1487723901750
8,22,2,0.3,1,0,6,503.9146,1487723903480,-1,-1,503.6483,1487723903217
8,1,2,0.3,1,3,3,520.5156,1487723920081,-1,-1,520.2822,1487723919848
8,2,2,0.3,1,3,2,521.8489,1487723921415,-1,-1,521.6158,1487723921185
8,3,2,0.3,1,0,4,523.1823,1487723922748,-1,-1,522.9491,1487723922518
8,4,2,0.3,0,1,2,524.5157,1487723924082,-1,-1,524.2824,1487723923851
8,5,2,0.3,1,1,4,525.8492,1487723925415,526.683,1487723926249,525.6158,1487723925184
8,6,2,0.3,1,0,3,527.1826,1487723926748,-1,-1,526.9492,1487723926519
8,7,2,0.3,0,2,2,528.516,1487723928082,529.4496,1487723929016,528.2827,1487723927852
8,8,2,0.3,1,2,2,529.8494,1487723929415,-1,-1,529.616,1487723929185
8,9,2,0.3,1,0,7,531.1828,1487723930749,-1,-1,530.95,1487723930518
8,10,2,0.3,1,1,2,532.5162,1487723932082,533.0829,1487723932649,532.2828,1487723931851
8,11,2,0.3,1,0,1,533.8496,1487723933415,-1,-1,533.6165,1487723933185
8,12,2,0.3,1,2,1,535.183,1487723934749,-1,-1,534.9497,1487723934519
8,13,2,0.3,1,2,7,536.5164,1487723936082,-1,-1,536.2831,1487723935852
8,14,2,0.3,1,2,7,537.8499,1487723937416,-1,-1,537.6165,1487723937186
8,15,2,0.3,1,0,3,539.1833,1487723938749,-1,-1,538.9499,1487723938518
8,16,2,0.3,1,0,5,540.5167,1487723940082,-1,-1,540.2833,1487723939854
8,17,2,0.3,1,0,2,541.8501,1487723941416,-1,-1,541.6168,1487723941185
8,18,2,0.3,1,0,6,543.1835,1487723942749,-1,-1,542.9508,1487723942519
8,19,2,0.3,1,1,2,544.5171,1487723944083,545.3173,1487723944883,544.2836,1487723943853
8,20,2,0.3,1,1,6,545.8503,1487723945416,546.4503,1487723946016,545.6169,1487723945186
8,21,2,0.3,1,2,6,547.1837,1487723946750,-1,-1,546.9504,1487723946520
8,22,2,0.3,1,1,6,548.517,1487723948083,549.3505,1487723948916,548.2838,1487723947852
8,1,2,0.3,1,3,0,564.9847,1487723964551,-1,-1,564.7513,1487723964317
8,2,2,0.3,1,3,7,566.3182,1487723965884,-1,-1,566.085,1487723965653
8,3,2,0.3,1,0,6,567.6516,1487723967217,-1,-1,567.4182,1487723966989
8,4,2,0.3,1,2,6,568.985,1487723968551,-1,-1,568.7516,1487723968320
8,5,2,0.3,1,1,6,570.3184,1487723969884,571.2189,1487723970785,570.085,1487723969653
8,6,2,0.3,1,2,7,571.6517,1487723971218,-1,-1,571.4184,1487723970988
8,7,2,0.3,1,0,4,572.9852,1487723972551,-1,-1,572.7518,1487723972321
8,8,2,0.3,1,1,7,574.3185,1487723973884,575.052,1487723974618,574.0852,1487723973655
8,9,2,0.3,1,0,1,575.652,1487723975218,-1,-1,575.4188,1487723974988
8,10,2,0.3,1,2,1,576.9854,1487723976551,-1,-1,576.752,1487723976320
8,11,2,0.3,1,0,0,578.3193,1487723977885,-1,-1,578.0855,1487723977654
8,12,2,0.3,1,0,5,579.6521,1487723979218,-1,-1,579.4188,1487723978986
8,13,2,0.3,1,2,1,580.9856,1487723980551,-1,-1,580.7523,1487723980322
8,14,2,0.3,1,2,1,582.319,1487723981885,-1,-1,582.0857,1487723981654
8,15,2,0.3,1,1,1,583.6528,1487723983219,584.3191,1487723983885,583.419,1487723982988
8,16,2,0.3,1,1,1,584.9861,1487723984552,585.8195,1487723985385,584.7525,1487723984321
8,17,2,0.3,1,0,7,586.3193,1487723985885,-1,-1,586.0859,1487723985654
8,18,2,0.3,1,1,1,587.6526,1487723987218,588.3863,1487723987952,587.4193,1487723986988
8,19,2,0.3,0,2,1,588.9861,1487723988552,589.653,1487723989219,588.7527,1487723988323
8,20,2,0.3,1,1,1,590.3195,1487723989885,591.0196,1487723990586,590.0861,1487723989655
8,21,2,0.3,1,0,2,591.6529,1487723991219,-1,-1,591.4196,1487723990988
8,22,2,0.3,1,0,5,592.9863,1487723992552,-1,-1,592.7529,1487723992321
8,1,2,0.3,1,3,6,609.4539,1487724009020,-1,-1,609.2205,1487724008787
8,2,2,0.3,1,3,0,610.6873,1487724010253,-1,-1,610.4539,1487724010022
8,3,2,0.3,1,2,0,611.9207,1487724011486,-1,-1,611.6873,1487724011256
8,4,2,0.3,1,0,4,613.1547,1487724012721,-1,-1,612.9208,1487724012490
8,5,2,0.3,1,0,3,614.3875,1487724013953,-1,-1,614.1542,1487724013723
8,6,2,0.3,1,0,7,615.6209,1487724015187,-1,-1,615.3875,1487724014957
8,7,2,0.3,1,1,3,616.8543,1487724016420,617.721,1487724017288,616.621,1487724016189
8,8,2,0.3,1,2,3,618.0877,1487724017653,-1,-1,617.8544,1487724017423
8,9,2,0.3,1,1,3,619.3211,1487724018887,620.0212,1487724019587,619.0878,1487724018657
8,10,2,0.3,1,0,4,620.5549,1487724020121,-1,-1,620.3212,1487724019889
8,11,2,0.3,1,0,5,621.7879,1487724021354,-1,-1,621.5546,1487724021124
8,12,2,0.3,1,2,3,623.0213,1487724022587,-1,-1,622.788,1487724022356
8,13,2,0.3,1,0,6,624.2554,1487724023821,-1,-1,624.0219,1487724023590
8,14,2,0.3,1,1,3,625.4881,1487724025054,626.3881,1487724025954,625.2548,1487724024823
8,15,2,0.3,1,0,0,626.7217,1487724026287,-1,-1,626.4882,1487724026057
8,16,2,0.3,0,2,6,627.955,1487724027521,628.9216,1487724028488,627.722,1487724027291
8,17,2,0.3,1,1,0,629.1884,1487724028754,629.855,1487724029421,628.9551,1487724028524
8,18,2,0.3,1,1,6,630.4216,1487724029987,631.1219,1487724030689,630.1884,1487724029757
8,19,2,0.3,1,1,0,631.6552,1487724031221,632.3888,1487724031955,631.4218,1487724030991
8,20,2,0.3,1,2,0,632.8885,1487724032454,-1,-1,632.6552,1487724032223
8,21,2,0.3,1,0,4,634.1221,1487724033688,-1,-1,633.8886,1487724033458
8,22,2,0.3,1,2,6,635.3554,1487724034921,-1,-1,635.122,1487724034691
8,1,2,0.3,1,3,0,638.0388,1487724037605,-1,-1,637.8057,1487724037372
8,2,2,0.3,1,3,4,639.1722,1487724038738,-1,-1,638.9389,1487724038507
8,3,2,0.3,1,2,4,640.3057,1487724039872,-1,-1,640.0723,1487724039642
8,4,2,0.3,1,0,1,641.439,1487724041005,-1,-1,641.2057,1487724040774
8,5,2,0.3,1,0,5,642.5724,1487724042138,-1,-1,642.3391,1487724041907
8,6,2,0.3,1,0,7,643.7058,1487724043272,-1,-1,643.4725,1487724043041
8,7,2,0.3,0,1,5,644.8392,1487724044405,-1,-1,644.6059,1487724044174
8,8,2,0.3,0,1,7,645.9726,1487724045538,-1,-1,645.7408,1487724045314
8,9,2,0.3,0,0,0,647.1072,1487724046673,647.173,1487724046739,646.8727,1487724046442
8,10,2,0.3,1,2,0,648.2394,1487724047805,-1,-1,648.006,1487724047575
8,11,2,0.3,0,1,0,649.3728,1487724048939,-1,-1,649.1395,1487724048708
8,12,2,0.3,1,1,0,650.5062,1487724050072,651.2735,1487724050839,650.2729,1487724049842
8,13,2,0.3,1,1,0,651.6396,1487724051205,652.3064,1487724051873,651.4064,1487724050975
8,14,2,0.3,1,0,7,652.7729,1487724052339,-1,-1,652.5402,1487724052109
8,15,2,0.3,1,2,7,653.9069,1487724053473,-1,-1,653.673,1487724053241
8,16,2,0.3,1,0,6,655.0403,1487724054606,-1,-1,654.8064,1487724054375
8,17,2,0.3,0,2,6,656.1732,1487724055739,656.9743,1487724056540,655.9398,1487724055509
8,18,2,0.3,1,1,6,657.3065,1487724056872,657.9068,1487724057473,657.0732,1487724056641
8,19,2,0.3,1,0,1,658.4401,1487724058006,-1,-1,658.2075,1487724057776
8,20,2,0.3,0,2,1,659.5733,1487724059139,660.4736,1487724060040,659.34,1487724058909
8,21,2,0.3,0,2,6,660.7075,1487724060273,661.1738,1487724060740,660.4736,1487724060041
8,22,2,0.3,1,0,5,661.8403,1487724061406,-1,-1,661.6068,1487724061175
8,1,2,0.3,1,3,0,663.9736,1487724063539,-1,-1,663.7403,1487724063307
8,2,2,0.3,1,3,3,665.207,1487724064773,-1,-1,664.9737,1487724064544
8,3,2,0.3,1,0,7,666.4404,1487724066006,-1,-1,666.2071,1487724065776
8,4,2,0.3,1,1,3,667.6738,1487724067240,668.3406,1487724067907,667.4405,1487724067009
8,5,2,0.3,1,2,3,668.9073,1487724068473,-1,-1,668.6743,1487724068242
8,6,2,0.3,1,0,5,670.1406,1487724069706,-1,-1,669.9072,1487724069475
8,7,2,0.3,1,0,4,671.374,1487724070940,-1,-1,671.1406,1487724070710
8,8,2,0.3,0,2,3,672.6074,1487724072173,673.4744,1487724073040,672.3741,1487724071942
8,9,2,0.3,0,0,7,673.8408,1487724073407,674.5414,1487724074107,673.6077,1487724073176
8,10,2,0.3,1,1,3,675.0744,1487724074640,675.7409,1487724075307,674.8409,1487724074409
8,11,2,0.3,1,0,0,676.3077,1487724075873,-1,-1,676.0743,1487724075643
8,12,2,0.3,1,2,0,677.5411,1487724077107,-1,-1,677.3078,1487724076877
8,13,2,0.3,1,0,5,678.7745,1487724078342,-1,-1,678.5414,1487724078110
8,14,2,0.3,1,0,2,680.0079,1487724079574,-1,-1,679.7746,1487724079343
8,15,2,0.3,0,2,0,681.2413,1487724080807,682.0086,1487724081575,681.008,1487724080576
8,16,2,0.3,1,2,0,682.4747,1487724082041,-1,-1,682.2413,1487724081810
8,17,2,0.3,1,1,0,683.7081,1487724083274,684.2082,1487724083774,683.4747,1487724083043
8,18,2,0.3,1,2,2,684.9415,1487724084507,-1,-1,684.7081,1487724084278
8,19,2,0.3,1,1,0,686.175,1487724085741,686.7084,1487724086274,685.9415,1487724085511
8,20,2,0.3,1,1,2,687.4083,1487724086974,687.9417,1487724087508,687.1749,1487724086743
8,21,2,0.3,1,1,0,688.6417,1487724088207,689.2084,1487724088774,688.4083,1487724087976
8,22,2,0.3,1,0,5,689.875,1487724089441,-1,-1,689.6417,1487724089210
8,1,2,0.3,1,3,2,692.0419,1487724091608,-1,-1,691.8085,1487724091375
8,2,2,0.3,1,3,7,693.2753,1487724092842,-1,-1,693.0422,1487724092612
8,3,2,0.3,1,2,7,694.5088,1487724094075,-1,-1,694.2755,1487724093845
8,4,2,0.3,1,0,2,695.7421,1487724095308,-1,-1,695.5087,1487724095077
8,5,2,0.3,1,0,6,696.9755,1487724096541,-1,-1,696.7421,1487724096312
8,6,2,0.3,1,1,2,698.2089,1487724097775,698.9089,1487724098475,697.9762,1487724097545
8,7,2,0.3,1,2,7,699.4423,1487724099008,-1,-1,699.2089,1487724098778
8,8,2,0.3,1,2,7,700.6758,1487724100242,-1,-1,700.4423,1487724100011
8,9,2,0.3,1,0,4,701.9091,1487724101475,-1,-1,701.6758,1487724101244
8,10,2,0.3,1,2,4,703.1425,1487724102708,-1,-1,702.9092,1487724102477
8,11,2,0.3,0,2,7,704.3759,1487724103942,704.976,1487724104542,704.1426,1487724103711
8,12,2,0.3,1,0,0,705.6093,1487724105175,-1,-1,705.376,1487724104946
8,13,2,0.3,1,0,5,706.8427,1487724106409,-1,-1,706.6094,1487724106178
8,14,2,0.3,1,1,0,708.0763,1487724107642,708.8762,1487724108442,707.8428,1487724107411
8,15,2,0.3,1,0,3,709.3095,1487724108875,-1,-1,709.0762,1487724108645
8,16,2,0.3,1,1,0,710.5453,1487724110111,711.4432,1487724111009,710.3101,1487724109879
8,17,2,0.3,1,1,3,711.7763,1487724111342,712.4764,1487724112042,711.543,1487724111112
8,18,2,0.3,1,2,3,713.0097,1487724112576,-1,-1,712.7765,1487724112345
8,19,2,0.3,1,0,2,714.2431,1487724113809,-1,-1,714.0098,1487724113579
8,20,2,0.3,1,1,3,715.4767,1487724115043,716.4766,1487724116043,715.2432,1487724114812
8,21,2,0.3,1,0,0,716.7099,1487724116276,-1,-1,716.4766,1487724116045
8,22,2,0.3,1,1,3,717.9433,1487724117509,718.6766,1487724118243,717.7101,1487724117280
8,1,2,0.3,1,3,7,720.2767,1487724119843,-1,-1,720.0436,1487724119610
8,2,2,0.3,1,3,0,721.4102,1487724120977,-1,-1,721.1768,1487724120745
8,3,2,0.3,1,2,0,722.5436,1487724122109,-1,-1,722.3102,1487724121879
8,4,2,0.3,1,2,1,723.6769,1487724123243,-1,-1,723.4436,1487724123012
8,5,2,0.3,1,0,4,724.8104,1487724124376,-1,-1,724.577,1487724124148
8,6,2,0.3,0,2,0,725.9438,1487724125510,726.8445,1487724126410,725.7104,1487724125279
8,7,2,0.3,1,1,4,727.0771,1487724126643,727.9442,1487724127510,726.8445,1487724126413
8,8,2,0.3,1,2,1,728.2105,1487724127776,-1,-1,727.9772,1487724127545
8,9,2,0.3,1,0,6,729.3447,1487724128910,-1,-1,729.1105,1487724128679
8,10,2,0.3,1,1,1,730.4774,1487724130043,731.2781,1487724130844,730.244,1487724129814
8,11,2,0.3,1,0,3,731.6107,1487724131176,-1,-1,731.3774,1487724130946
8,12,2,0.3,1,0,4,732.7441,1487724132310,-1,-1,732.5108,1487724132079
8,13,2,0.3,1,1,3,733.8776,1487724133443,734.678,1487724134244,733.6442,1487724133213
8,14,2,0.3,1,0,7,735.0109,1487724134577,-1,-1,734.7777,1487724134346
8,15,2,0.3,1,0,6,736.1443,1487724135710,-1,-1,735.911,1487724135481
8,16,2,0.3,1,0,5,737.2777,1487724136843,-1,-1,737.0445,1487724136613
8,17,2,0.3,0,2,7,738.4111,1487724137977,739.1446,1487724138711,738.1778,1487724137746
8,18,2,0.3,1,1,5,739.5446,1487724139110,740.2448,1487724139811,739.3112,1487724138879
8,19,2,0.3,1,1,7,740.6779,1487724140244,741.3447,1487724140911,740.4447,1487724140013
8,20,2,0.3,1,1,5,741.8113,1487724141377,742.4455,1487724142012,741.578,1487724141148
8,21,2,0.3,1,0,2,742.9447,1487724142511,-1,-1,742.7114,1487724142280
8,22,2,0.3,1,2,2,744.0782,1487724143644,-1,-1,743.8448,1487724143414
8,1,2,0.3,1,3,3,747.0784,1487724146644,-1,-1,746.9116,1487724146478
8,2,2,0.3,1,3,7,748.0453,1487724147611,-1,-1,747.8788,1487724147448
8,3,2,0.3,1,0,0,749.0126,1487724148578,-1,-1,748.8459,1487724148414
8,4,2,0.3,1,0,6,749.9784,1487724149544,-1,-1,749.8118,1487724149381
8,5,2,0.3,1,2,7,750.9453,1487724150511,-1,-1,750.7785,1487724150348
8,6,2,0.3,1,1,6,751.9121,1487724151478,752.6119,1487724152178,751.7453,1487724151314
8,7,2,0.3,1,0,2,752.879,1487724152445,-1,-1,752.7119,1487724152281
8,8,2,0.3,1,0,1,753.8458,1487724153412,-1,-1,753.6786,1487724153247
8,9,2,0.3,0,1,2,754.8124,1487724154378,-1,-1,754.6455,1487724154215
8,10,2,0.3,0,2,6,755.7807,1487724155347,755.8789,1487724155445,755.6127,1487724155181
8,11,2,0.3,0,1,2,756.746,1487724156312,-1,-1,756.5789,1487724156147
8,12,2,0.3,1,1,6,757.7123,1487724157278,757.8455,1487724157412,757.5455,1487724157114
8,13,2,0.3,1,2,6,758.679,1487724158245,-1,-1,758.5128,1487724158081
8,14,2,0.3,1,2,2,759.6459,1487724159212,-1,-1,759.479,1487724159048
8,15,2,0.3,1,0,4,760.6124,1487724160178,-1,-1,760.4457,1487724160014
8,16,2,0.3,1,0,3,761.5791,1487724161145,-1,-1,761.4124,1487724160980
8,17,2,0.3,1,2,6,762.546,1487724162112,-1,-1,762.3792,1487724161948
8,18,2,0.3,1,1,3,763.5126,1487724163078,764.1459,1487724163712,763.3459,1487724162915
8,19,2,0.3,1,0,1,764.4792,1487724164045,-1,-1,764.3126,1487724163882
8,20,2,0.3,1,0,0,765.446,1487724165012,-1,-1,765.2793,1487724164848
8,21,2,0.3,1,1,1,766.4127,1487724165979,767.1794,1487724166745,766.246,1487724165815
8,22,2,0.3,1,2,3,767.3793,1487724166945,-1,-1,767.2128,1487724166781
8,1,2,0.3,1,3,7,769.4129,1487724168979,-1,-1,769.2462,1487724168813
8,2,2,0.3,1,3,6,770.3796,1487724169945,-1,-1,770.2129,1487724169783
8,3,2,0.3,1,2,6,771.3463,1487724170912,-1,-1,771.1796,1487724170748
8,4,2,0.3,1,1,6,772.3132,1487724171879,772.9131,1487724172479,772.1465,1487724171715
8,5,2,0.3,1,2,1,773.2798,1487724172846,-1,-1,773.1132,1487724172681
8,6,2,0.3,1,1,6,774.2465,1487724173812,774.8801,1487724174446,774.0798,1487724173648
8,7,2,0.3,1,2,6,775.2132,1487724174779,-1,-1,775.0466,1487724174616
8,8,2,0.3,1,0,0,776.18,1487724175746,-1,-1,776.0132,1487724175582
8,9,2,0.3,1,0,3,777.1467,1487724176712,-1,-1,776.98,1487724176548
8,10,2,0.3,1,0,1,778.1134,1487724177679,-1,-1,777.9467,1487724177515
8,11,2,0.3,1,2,1,779.0801,1487724178646,-1,-1,778.9135,1487724178482
8,12,2,0.3,1,0,4,780.0468,1487724179613,-1,-1,779.8801,1487724179450
8,13,2,0.3,1,1,1,781.0135,1487724180579,781.6804,1487724181247,780.847,1487724180415
8,14,2,0.3,1,2,1,781.9803,1487724181546,-1,-1,781.8137,1487724181382
8,15,2,0.3,1,0,2,782.947,1487724182513,-1,-1,782.7803,1487724182349
8,16,2,0.3,1,1,1,783.9137,1487724183480,784.5804,1487724184146,783.747,1487724183315
8,17,2,0.3,1,0,3,784.8804,1487724184446,-1,-1,784.7137,1487724184283
8,18,2,0.3,1,0,0,785.8472,1487724185413,-1,-1,785.6805,1487724185249
8,19,2,0.3,1,2,0,786.8138,1487724186380,-1,-1,786.6472,1487724186216
8,20,2,0.3,1,1,0,787.7807,1487724187346,788.481,1487724188047,787.6139,1487724187182
8,21,2,0.3,1,0,5,788.7481,1487724188314,-1,-1,788.5806,1487724188149
8,22,2,0.3,1,1,0,789.7146,1487724189280,790.3807,1487724189947,789.5474,1487724189117
8,1,2,0.3,1,3,5,805.7816,1487724205347,-1,-1,805.6149,1487724205181
8,2,2,0.3,1,3,6,806.6816,1487724206247,-1,-1,806.515,1487724206083
8,3,2,0.3,1,0,4,807.5817,1487724207147,-1,-1,807.415,1487724206983
8,4,2,0.3,1,0,3,808.4818,1487724208048,-1,-1,808.3151,1487724207885
8,5,2,0.3,1,0,7,809.3824,1487724208948,-1,-1,809.2158,1487724208784
8,6,2,0.3,1,2,6,810.2818,1487724209848,-1,-1,810.1152,1487724209683
8,7,2,0.3,1,1,7,811.1818,1487724210748,811.7488,1487724211315,811.0153,1487724210584
8,8,2,0.3,1,2,7,812.082,1487724211648,-1,-1,811.9153,1487724211484
8,9,2,0.3,0,2,6,812.982,1487724212548,813.5486,1487724213115,812.8154,1487724212386
8,10,2,0.3,1,1,7,813.882,1487724213448,814.4156,1487724213982,813.7153,1487724213285
8,11,2,0.3,0,1,6,814.7821,1487724214348,-1,-1,814.6155,1487724214185
8,12,2,0.3,1,0,1,815.6821,1487724215248,-1,-1,815.5155,1487724215084
8,13,2,0.3,1,1,6,816.5822,1487724216148,817.1823,1487724216748,816.4163,1487724215985
8,14,2,0.3,0,2,7,817.4822,1487724217048,818.0831,1487724217649,817.3157,1487724216884
8,15,2,0.3,1,0,4,818.3822,1487724217948,-1,-1,818.2159,1487724217784
8,16,2,0.3,1,2,1,819.2826,1487724218848,-1,-1,819.1158,1487724218684
8,17,2,0.3,1,2,1,820.1824,1487724219748,-1,-1,820.0159,1487724219584
8,18,2,0.3,1,0,2,821.0825,1487724220648,-1,-1,820.9159,1487724220484
8,19,2,0.3,1,0,6,821.9824,1487724221548,-1,-1,821.8159,1487724221385
8,20,2,0.3,0,1,2,822.8826,1487724222449,-1,-1,822.7158,1487724222284
8,21,2,0.3,0,0,0,823.7827,1487724223349,824.1829,1487724223749,823.616,1487724223186
8,22,2,0.3,1,1,2,824.6827,1487724224249,825.3831,1487724224949,824.516,1487724224084
8,1,2,0.3,1,3,7,840.6835,1487724240249,-1,-1,840.517,1487724240083
8,2,2,0.3,1,3,0,841.6505,1487724241216,-1,-1,841.4836,1487724241052
8,3,2,0.3,1,2,0,842.6171,1487724242183,-1,-1,842.451,1487724242021
8,4,2,0.3,1,1,0,843.584,1487724243150,844.2838,1487724243850,843.4177,1487724242986
8,5,2,0.3,1,0,4,844.551,1487724244117,-1,-1,844.3845,1487724243954
8,6,2,0.3,1,2,4,845.5172,1487724245083,-1,-1,845.3504,1487724244920
8,7,2,0.3,1,0,5,846.4839,1487724246050,-1,-1,846.3173,1487724245886
8,8,2,0.3,1,2,0,847.4506,1487724247016,-1,-1,847.2839,1487724246854
8,9,2,0.3,1,0,6,848.418,1487724247984,-1,-1,848.2507,1487724247819
8,10,2,0.3,1,0,1,849.3846,1487724248950,-1,-1,849.2174,1487724248786
8,11,2,0.3,0,1,6,850.3507,1487724249916,-1,-1,850.1842,1487724249752
8,12,2,0.3,1,0,4,851.3176,1487724250883,-1,-1,851.1511,1487724250722
8,13,2,0.3,0,1,6,852.2843,1487724251850,-1,-1,852.1176,1487724251688
8,14,2,0.3,0,1,4,853.251,1487724252817,-1,-1,853.0844,1487724252653
8,15,2,0.3,0,2,4,854.2178,1487724253784,854.3179,1487724253884,854.0511,1487724253620
8,16,2,0.3,0,2,6,855.1844,1487724254750,855.8514,1487724255417,855.0177,1487724254586
8,17,2,0.3,1,2,6,856.1511,1487724255717,-1,-1,855.9845,1487724255553
8,18,2,0.3,1,0,3,857.1179,1487724256684,-1,-1,856.9512,1487724256521
8,19,2,0.3,1,1,6,858.0846,1487724257650,858.618,1487724258184,857.9178,1487724257487
8,20,2,0.3,1,1,3,859.0513,1487724258617,859.6523,1487724259218,858.8846,1487724258453
8,21,2,0.3,1,0,7,860.018,1487724259584,-1,-1,859.8513,1487724259420
8,22,2,0.3,1,0,4,860.9848,1487724260551,-1,-1,860.818,1487724260387
8,1,2,0.3,1,3,2,877.0524,1487724276618,-1,-1,876.8855,1487724276452
8,2,2,0.3,1,3,5,878.019,1487724277585,-1,-1,877.8522,1487724277421
8,3,2,0.3,1,0,6,878.9858,1487724278552,-1,-1,878.8189,1487724278388
8,4,2,0.3,1,0,2,879.9525,1487724279518,-1,-1,879.7863,1487724279355
8,5,2,0.3,1,0,7,880.9191,1487724280485,-1,-1,880.7525,1487724280321
8,6,2,0.3,1,0,4,881.8859,1487724281452,-1,-1,881.7192,1487724281289
8,7,2,0.3,1,2,6,882.8526,1487724282418,-1,-1,882.6859,1487724282253
8,8,2,0.3,0,1,4,883.8193,1487724283385,-1,-1,883.6525,1487724283221
8,9,2,0.3,1,0,3,884.7861,1487724284352,-1,-1,884.6193,1487724284188
8,10,2,0.3,1,1,4,885.7527,1487724285319,886.4863,1487724286052,885.586,1487724285155
8,11,2,0.3,1,1,3,886.7195,1487724286285,887.3865,1487724286952,886.5528,1487724286122
8,12,2,0.3,1,0,5,887.6863,1487724287252,-1,-1,887.5194,1487724287088
8,13,2,0.3,1,0,7,888.653,1487724288219,-1,-1,888.4863,1487724288055
8,14,2,0.3,0,2,3,889.6199,1487724289186,890.42,1487724289986,889.453,1487724289021
8,15,2,0.3,0,2,3,890.5864,1487724290152,891.12,1487724290686,890.42,1487724289989
8,16,2,0.3,1,1,3,891.5531,1487724291119,892.0209,1487724291587,891.3864,1487724290957
8,17,2,0.3,1,1,3,892.5198,1487724292086,893.2867,1487724292853,892.3531,1487724291922
8,18,2,0.3,1,2,2,893.4865,1487724293052,-1,-1,893.3198,1487724292888
8,19,2,0.3,1,1,3,894.4532,1487724294019,895.0535,1487724294620,894.2866,1487724293855
8,20,2,0.3,1,2,3,895.42,1487724294986,-1,-1,895.2532,1487724294822
8,21,2,0.3,0,2,2,896.3867,1487724295952,897.0538,1487724296620,896.2203,1487724295791
8,22,2,0.3,1,0,7,897.3535,1487724296919,-1,-1,897.187,1487724296755
8,1,2,0.3,1,3,1,913.421,1487724312987,-1,-1,913.2543,1487724312821
8,2,2,0.3,1,3,6,914.3877,1487724313954,-1,-1,914.2211,1487724313789
8,3,2,0.3,1,0,0,915.3546,1487724314920,-1,-1,915.1879,1487724314758
8,4,2,0.3,1,0,3,916.3212,1487724315887,-1,-1,916.1545,1487724315723
8,5,2,0.3,1,2,3,917.2878,1487724316854,-1,-1,917.1218,1487724316691
8,6,2,0.3,1,0,7,918.2547,1487724317821,-1,-1,918.088,1487724317656
8,7,2,0.3,1,1,3,919.2213,1487724318787,919.8549,1487724319421,919.0546,1487724318623
8,8,2,0.3,1,1,7,920.1882,1487724319755,920.9881,1487724320554,920.0214,1487724319591
8,9,2,0.3,1,2,7,921.1547,1487724320720,-1,-1,920.9881,1487724320557
8,10,2,0.3,1,1,7,922.1215,1487724321687,922.6888,1487724322255,921.9549,1487724321524
8,11,2,0.3,1,2,3,923.0882,1487724322654,-1,-1,922.9216,1487724322490
8,12,2,0.3,1,2,3,924.0551,1487724323621,-1,-1,923.8882,1487724323457
8,13,2,0.3,1,0,6,925.0217,1487724324587,-1,-1,924.855,1487724324425
8,14,2,0.3,1,1,3,925.9884,1487724325554,926.5223,1487724326088,925.8217,1487724325391
8,15,2,0.3,1,0,7,926.9551,1487724326521,-1,-1,926.7884,1487724326357
8,16,2,0.3,1,0,0,927.9219,1487724327488,-1,-1,927.7552,1487724327323
8,17,2,0.3,0,2,3,928.8885,1487724328454,929.5552,1487724329121,928.7233,1487724328292
8,18,2,0.3,1,2,7,929.8555,1487724329421,-1,-1,929.689,1487724329258
8,19,2,0.3,1,1,3,930.822,1487724330388,931.5557,1487724331122,930.6558,1487724330224
8,20,2,0.3,1,1,7,931.7886,1487724331354,932.5223,1487724332088,931.6224,1487724331191
8,21,2,0.3,1,0,4,932.7555,1487724332321,-1,-1,932.5891,1487724332157
8,22,2,0.3,1,0,5,933.7233,1487724333289,-1,-1,933.5555,1487724333124
8,1,2,0.3,1,3,5,949.7902,1487724349356,-1,-1,949.623,1487724349190
8,2,2,0.3,1,3,4,950.6897,1487724350256,-1,-1,950.5231,1487724350093
8,3,2,0.3,1,2,4,951.5899,1487724351156,-1,-1,951.4232,1487724350992
8,4,2,0.3,0,1,4,952.4899,1487724352056,-1,-1,952.3233,1487724351892
8,5,2,0.3,1,2,5,953.39,1487724352956,-1,-1,953.2232,1487724352792
8,6,2,0.3,0,0,3,954.29,1487724353856,954.3902,1487724353956,954.1233,1487724353693
8,7,2,0.3,1,0,0,955.1899,1487724354756,-1,-1,955.0239,1487724354592
8,8,2,0.3,1,0,2,956.0901,1487724355656,-1,-1,955.9235,1487724355492
8,9,2,0.3,1,0,1,956.9901,1487724356556,-1,-1,956.8235,1487724356392
8,10,2,0.3,1,0,5,957.8905,1487724357456,-1,-1,957.7235,1487724357293
8,11,2,0.3,0,1,1,958.7902,1487724358356,-1,-1,958.6236,1487724358193
8,12,2,0.3,1,0,4,959.6902,1487724359256,-1,-1,959.5239,1487724359094
8,13,2,0.3,1,1,1,960.5902,1487724360156,961.2903,1487724360856,960.4236,1487724359993
8,14,2,0.3,1,1,4,961.4903,1487724361056,962.1573,1487724361723,961.3237,1487724360892
8,15,2,0.3,1,2,4,962.3904,1487724361956,-1,-1,962.2238,1487724361792
8,16,2,0.3,1,0,2,963.2905,1487724362856,-1,-1,963.1238,1487724362693
8,17,2,0.3,1,1,4,964.1906,1487724363756,964.8905,1487724364457,964.0239,1487724363592
8,18,2,0.3,1,0,7,965.0906,1487724364656,-1,-1,964.9238,1487724364493
8,19,2,0.3,1,2,2,965.9906,1487724365556,-1,-1,965.8239,1487724365392
8,20,2,0.3,1,1,7,966.8906,1487724366456,967.4907,1487724367057,966.724,1487724366293
8,21,2,0.3,1,2,7,967.7907,1487724367357,-1,-1,967.624,1487724367194
8,22,2,0.3,1,2,2,968.6908,1487724368257,-1,-1,968.5242,1487724368093
8,1,2,0.3,1,3,7,984.6917,1487724384257,-1,-1,984.5251,1487724384091
8,2,2,0.3,1,3,2,985.5917,1487724385158,-1,-1,985.425,1487724384994
8,3,2,0.3,1,1,7,986.4918,1487724386058,987.192,1487724386758,986.3252,1487724385895
8,4,2,0.3,1,0,0,987.3918,1487724386958,-1,-1,987.2252,1487724386795
8,5,2,0.3,1,0,3,988.2919,1487724387858,-1,-1,988.1253,1487724387694
8,6,2,0.3,1,0,4,989.1918,1487724388758,-1,-1,989.0253,1487724388594
8,7,2,0.3,1,2,4,990.092,1487724389658,-1,-1,989.9253,1487724389494
8,8,2,0.3,0,1,4,990.992,1487724390558,-1,-1,990.8254,1487724390395
8,9,2,0.3,1,2,3,991.8921,1487724391458,-1,-1,991.7279,1487724391297
8,10,2,0.3,1,2,3,992.7921,1487724392358,-1,-1,992.6255,1487724392194
8,11,2,0.3,1,1,3,993.6941,1487724393260,993.7924,1487724393358,993.5255,1487724393094
8,12,2,0.3,1,0,2,994.5923,1487724394158,-1,-1,994.4257,1487724393996
8,13,2,0.3,1,2,2,995.4922,1487724395058,-1,-1,995.3256,1487724394895
8,14,2,0.3,1,2,3,996.3925,1487724395958,-1,-1,996.2257,1487724395794
8,15,2,0.3,1,0,1,997.2924,1487724396858,-1,-1,997.1257,1487724396694
8,16,2,0.3,1,0,5,998.1924,1487724397758,-1,-1,998.0258,1487724397594
8,17,2,0.3,0,1,1,999.0925,1487724398658,-1,-1,998.9258,1487724398494
8,18,2,0.3,1,0,7,999.9926,1487724399558,-1,-1,999.8259,1487724399396
8,19,2,0.3,1,0,4,1000.893,1487724400458,-1,-1,1000.726,1487724400295
8,20,2,0.3,1,2,5,1001.793,1487724401358,-1,-1,1001.626,1487724401194
8,21,2,0.3,1,1,4,1002.693,1487724402258,1003.326,1487724402892,1002.526,1487724402094
8,22,2,0.3,1,1,5,1003.593,1487724403158,1004.293,1487724403859,1003.426,1487724402994
8,1,2,0.3,1,3,2,1019.594,1487724419159,-1,-1,1019.427,1487724418993
8,2,2,0.3,1,3,6,1020.427,1487724419993,-1,-1,1020.261,1487724419829
8,3,2,0.3,1,2,6,1021.26,1487724420826,-1,-1,1021.094,1487724420662
8,4,2,0.3,0,1,6,1022.094,1487724421660,-1,-1,1021.927,1487724421496
8,5,2,0.3,0,2,4,1022.93,1487724422496,1022.96,1487724422526,1022.76,1487724422329
8,6,2,0.3,1,0,5,1023.76,1487724423326,-1,-1,1023.594,1487724423163
8,7,2,0.3,1,2,5,1024.594,1487724424160,-1,-1,1024.427,1487724423997
8,8,2,0.3,1,2,6,1025.427,1487724424993,-1,-1,1025.261,1487724424829
8,9,2,0.3,1,0,1,1026.261,1487724425826,-1,-1,1026.094,1487724425662
8,10,2,0.3,1,0,4,1027.094,1487724426660,-1,-1,1026.927,1487724426496
8,11,2,0.3,0,1,1,1027.927,1487724427493,-1,-1,1027.761,1487724427331
8,12,2,0.3,1,2,1,1028.761,1487724428327,-1,-1,1028.594,1487724428163
8,13,2,0.3,0,2,4,1029.594,1487724429160,1030.228,1487724429794,1029.428,1487724428996
8,14,2,0.3,1,1,1,1030.428,1487724429993,1030.995,1487724430561,1030.261,1487724429830
8,15,2,0.3,0,1,4,1031.261,1487724430827,-1,-1,1031.094,1487724430663
8,16,2,0.3,1,0,0,1032.094,1487724431660,-1,-1,1031.928,1487724431498
8,17,2,0.3,1,0,5,1032.928,1487724432493,-1,-1,1032.761,1487724432330
8,18,2,0.3,1,0,2,1033.761,1487724433327,-1,-1,1033.594,1487724433163
8,19,2,0.3,1,0,3,1034.594,1487724434160,-1,-1,1034.428,1487724433996
8,20,2,0.3,0,0,1,1035.428,1487724434994,1036.028,1487724435594,1035.261,1487724434830
8,21,2,0.3,0,1,3,1036.261,1487724435827,-1,-1,1036.095,1487724435664
8,22,2,0.3,0,1,1,1037.095,1487724436660,-1,-1,1036.93,1487724436500
8,1,2,0.3,1,3,3,1038.195,1487724437761,-1,-1,1038.028,1487724437595
8,2,2,0.3,1,3,2,1039.095,1487724438660,-1,-1,1038.928,1487724438497
8,3,2,0.3,1,2,2,1039.995,1487724439561,-1,-1,1039.828,1487724439397
8,4,2,0.3,1,0,3,1040.895,1487724440461,-1,-1,1040.728,1487724440297
8,5,2,0.3,1,2,3,1041.796,1487724441362,-1,-1,1041.628,1487724441197
8,6,2,0.3,1,1,3,1042.695,1487724442261,1043.228,1487724442794,1042.528,1487724442097
8,7,2,0.3,0,1,3,1043.595,1487724443161,-1,-1,1043.428,1487724442997
8,8,2,0.3,1,1,3,1044.495,1487724444061,1045.162,1487724444728,1044.328,1487724443898
8,9,2,0.3,1,2,5,1045.395,1487724444961,-1,-1,1045.228,1487724444797
8,10,2,0.3,1,1,3,1046.295,1487724445861,1046.895,1487724446462,1046.128,1487724445697
8,11,2,0.3,1,0,4,1047.195,1487724446761,-1,-1,1047.029,1487724446597
8,12,2,0.3,1,0,1,1048.095,1487724447661,-1,-1,1047.929,1487724447498
8,13,2,0.3,1,0,6,1048.995,1487724448561,-1,-1,1048.829,1487724448398
8,14,2,0.3,1,0,0,1049.896,1487724449462,-1,-1,1049.729,1487724449298
8,15,2,0.3,1,2,0,1050.795,1487724450361,-1,-1,1050.629,1487724450197
8,16,2,0.3,1,2,6,1051.695,1487724451261,-1,-1,1051.529,1487724451097
8,17,2,0.3,1,1,0,1052.596,1487724452162,1053.196,1487724452762,1052.429,1487724451997
8,18,2,0.3,1,2,0,1053.495,1487724453061,-1,-1,1053.329,1487724452898
8,19,2,0.3,1,0,4,1054.396,1487724453962,-1,-1,1054.229,1487724453797
8,20,2,0.3,1,0,2,1055.296,1487724454862,-1,-1,1055.129,1487724454699
8,21,2,0.3,1,0,5,1056.196,1487724455762,-1,-1,1056.029,1487724455598
8,22,2,0.3,0,1,2,1057.096,1487724456662,-1,-1,1056.929,1487724456497
8,1,2,0.3,1,3,6,1073.097,1487724472663,-1,-1,1072.93,1487724472496
8,2,2,0.3,1,3,0,1073.997,1487724473563,-1,-1,1073.83,1487724473400
8,3,2,0.3,0,1,6,1074.897,1487724474463,-1,-1,1074.73,1487724474299
8,4,2,0.3,1,0,5,1075.797,1487724475363,-1,-1,1075.63,1487724475199
8,5,2,0.3,0,2,0,1076.697,1487724476263,1077.331,1487724476897,1076.53,1487724476099
8,6,2,0.3,1,0,2,1077.597,1487724477163,-1,-1,1077.43,1487724476999
8,7,2,0.3,1,0,7,1078.497,1487724478063,-1,-1,1078.33,1487724477900
8,8,2,0.3,1,2,7,1079.398,1487724478963,-1,-1,1079.23,1487724478799
8,9,2,0.3,1,2,0,1080.297,1487724479863,-1,-1,1080.13,1487724479699
8,10,2,0.3,1,0,1,1081.197,1487724480763,-1,-1,1081.03,1487724480599
8,11,2,0.3,0,2,7,1082.097,1487724481663,1082.73,1487724482297,1081.931,1487724481499
8,12,2,0.3,0,0,3,1082.997,1487724482563,1083.597,1487724483163,1082.831,1487724482400
8,13,2,0.3,1,0,5,1083.897,1487724483463,-1,-1,1083.731,1487724483299
8,14,2,0.3,1,1,3,1084.798,1487724484364,1085.497,1487724485063,1084.631,1487724484201
8,15,2,0.3,1,0,4,1085.697,1487724485263,-1,-1,1085.531,1487724485099
8,16,2,0.3,0,1,3,1086.597,1487724486164,-1,-1,1086.431,1487724485999
8,17,2,0.3,1,1,4,1087.498,1487724487064,1087.664,1487724487230,1087.331,1487724486901
8,18,2,0.3,1,0,7,1088.397,1487724487963,-1,-1,1088.231,1487724487799
8,19,2,0.3,1,1,4,1089.298,1487724488863,1090.031,1487724489597,1089.131,1487724488699
8,20,2,0.3,1,2,3,1090.198,1487724489764,-1,-1,1090.031,1487724489600
8,21,2,0.3,1,2,7,1091.098,1487724490663,-1,-1,1090.931,1487724490499
8,22,2,0.3,1,1,3,1091.998,1487724491564,1092.731,1487724492297,1091.831,1487724491401
8,1,2,0.3,1,3,1,1107.999,1487724507565,-1,-1,1107.832,1487724507398
8,2,2,0.3,1,3,4,1108.965,1487724508531,-1,-1,1108.799,1487724508367
8,3,2,0.3,1,2,4,1109.932,1487724509498,-1,-1,1109.766,1487724509334
8,4,2,0.3,1,0,7,1110.899,1487724510465,-1,-1,1110.732,1487724510301
8,5,2,0.3,1,1,4,1111.865,1487724511431,1112.465,1487724512032,1111.699,1487724511268
8,6,2,0.3,1,0,2,1112.832,1487724512398,-1,-1,1112.666,1487724512234
8,7,2,0.3,1,1,4,1113.799,1487724513365,1114.566,1487724514132,1113.632,1487724513201
8,8,2,0.3,0,1,2,1114.766,1487724514331,-1,-1,1114.599,1487724514168
8,9,2,0.3,1,2,2,1115.732,1487724515298,-1,-1,1115.566,1487724515134
8,10,2,0.3,0,0,3,1116.699,1487724516265,1117.166,1487724516732,1116.533,1487724516103
8,11,2,0.3,0,2,3,1117.666,1487724517232,1118.367,1487724517933,1117.499,1487724517068
8,12,2,0.3,1,2,2,1118.633,1487724518199,-1,-1,1118.466,1487724518034
8,13,2,0.3,0,2,2,1119.6,1487724519166,1120.266,1487724519832,1119.433,1487724519001
8,14,2,0.3,1,0,6,1120.566,1487724520132,-1,-1,1120.399,1487724519968
8,15,2,0.3,1,0,5,1121.533,1487724521100,-1,-1,1121.366,1487724520935
8,16,2,0.3,1,1,6,1122.499,1487724522065,1123.166,1487724522732,1122.333,1487724521902
8,17,2,0.3,1,0,4,1123.466,1487724523032,-1,-1,1123.299,1487724522869
8,18,2,0.3,1,0,0,1124.433,1487724523999,-1,-1,1124.266,1487724523835
8,19,2,0.3,1,1,4,1125.4,1487724524965,1126.033,1487724525599,1125.233,1487724524801
8,20,2,0.3,0,1,0,1126.366,1487724525932,-1,-1,1126.2,1487724525770
8,21,2,0.3,0,2,0,1127.333,1487724526899,1128.133,1487724527699,1127.166,1487724526735
8,22,2,0.3,0,0,3,1128.3,1487724527866,1128.933,1487724528499,1128.133,1487724527702
8,1,2,0.3,1,3,3,1130.733,1487724530299,-1,-1,1130.5,1487724530068
8,2,2,0.3,1,3,0,1131.867,1487724531433,-1,-1,1131.633,1487724531203
8,3,2,0.3,1,2,0,1133.001,1487724532567,-1,-1,1132.767,1487724532335
8,4,2,0.3,1,2,6,1134.134,1487724533699,-1,-1,1133.9,1487724533468
8,5,2,0.3,1,1,0,1135.267,1487724534833,1136.134,1487724535700,1135.033,1487724534602
8,6,2,0.3,1,2,0,1136.4,1487724535966,-1,-1,1136.167,1487724535736
8,7,2,0.3,0,2,6,1137.534,1487724537100,1138.334,1487724537900,1137.3,1487724536870
8,8,2,0.3,1,0,4,1138.667,1487724538233,-1,-1,1138.434,1487724538002
8,9,2,0.3,1,2,4,1139.8,1487724539366,-1,-1,1139.567,1487724539135
8,10,2,0.3,1,0,2,1140.934,1487724540500,-1,-1,1140.706,1487724540275
8,11,2,0.3,1,2,2,1142.067,1487724541633,-1,-1,1141.834,1487724541402
8,12,2,0.3,1,0,7,1143.201,1487724542767,-1,-1,1142.967,1487724542536
8,13,2,0.3,1,1,2,1144.334,1487724543900,1144.967,1487724544533,1144.101,1487724543669
8,14,2,0.3,1,0,4,1145.467,1487724545033,-1,-1,1145.234,1487724544803
8,15,2,0.3,1,0,5,1146.601,1487724546167,-1,-1,1146.367,1487724545936
8,16,2,0.3,0,0,6,1147.734,1487724547300,1148.601,1487724548167,1147.501,1487724547069
8,17,2,0.3,1,0,3,1148.868,1487724548434,-1,-1,1148.634,1487724548203
8,18,2,0.3,1,1,6,1150.001,1487724549567,1150.801,1487724550367,1149.768,1487724549337
8,19,2,0.3,1,1,3,1151.135,1487724550701,1151.834,1487724551401,1150.901,1487724550471
8,20,2,0.3,1,1,6,1152.268,1487724551834,1152.968,1487724552534,1152.034,1487724551603
8,21,2,0.3,1,0,4,1153.401,1487724552967,-1,-1,1153.168,1487724552736
8,22,2,0.3,1,1,6,1154.535,1487724554101,1155.335,1487724554901,1154.301,1487724553870
8,1,2,0.3,1,3,3,1170.802,1487724570368,-1,-1,1170.569,1487724570135
8,2,2,0.3,1,3,1,1171.936,1487724571501,-1,-1,1171.702,1487724571272
8,3,2,0.3,1,1,3,1173.069,1487724572635,1173.769,1487724573335,1172.836,1487724572404
8,4,2,0.3,1,0,0,1174.202,1487724573768,-1,-1,1173.969,1487724573538
8,5,2,0.3,1,0,7,1175.336,1487724574902,-1,-1,1175.102,1487724574673
8,6,2,0.3,1,2,7,1176.469,1487724576035,-1,-1,1176.236,1487724575805
8,7,2,0.3,1,0,6,1177.603,1487724577168,-1,-1,1177.369,1487724576940
8,8,2,0.3,1,1,7,1178.736,1487724578302,1179.469,1487724579035,1178.503,1487724578071
8,9,2,0.3,1,2,7,1179.87,1487724579436,-1,-1,1179.636,1487724579204
8,10,2,0.3,1,1,7,1181.003,1487724580569,1181.57,1487724581136,1180.77,1487724580338
8,11,2,0.3,1,0,5,1182.136,1487724581702,-1,-1,1181.903,1487724581472
8,12,2,0.3,1,0,1,1183.27,1487724582835,-1,-1,1183.036,1487724582606
8,13,2,0.3,1,0,3,1184.403,1487724583969,-1,-1,1184.17,1487724583738
8,14,2,0.3,1,0,4,1185.536,1487724585102,-1,-1,1185.303,1487724584871
8,15,2,0.3,1,0,0,1186.67,1487724586236,-1,-1,1186.436,1487724586005
8,16,2,0.3,1,1,4,1187.804,1487724587369,1188.706,1487724588272,1187.57,1487724587138
8,17,2,0.3,0,2,3,1188.936,1487724588502,1189.803,1487724589369,1188.706,1487724588275
8,18,2,0.3,1,1,4,1190.07,1487724589636,1190.703,1487724590270,1189.837,1487724589405
8,19,2,0.3,1,1,3,1191.203,1487724590769,1191.937,1487724591503,1190.97,1487724590539
8,20,2,0.3,1,2,3,1192.337,1487724591903,-1,-1,1192.104,1487724591672
8,21,2,0.3,0,2,4,1193.47,1487724593036,1194.337,1487724593903,1193.237,1487724592805
8,22,2,0.3,0,2,4,1194.604,1487724594169,1195.204,1487724594770,1194.37,1487724593940
8,1,2,0.3,1,3,3,1197.004,1487724596570,-1,-1,1196.77,1487724596337
8,2,2,0.3,1,3,2,1198.137,1487724597703,-1,-1,1197.904,1487724597473
8,3,2,0.3,1,2,2,1199.27,1487724598836,-1,-1,1199.037,1487724598606
8,4,2,0.3,1,2,0,1200.404,1487724599970,-1,-1,1200.171,1487724599739
8,5,2,0.3,1,2,0,1201.537,1487724601103,-1,-1,1201.304,1487724600874
8,6,2,0.3,1,1,0,1202.671,1487724602237,1203.237,1487724602803,1202.437,1487724602006
8,7,2,0.3,1,0,7,1203.804,1487724603370,-1,-1,1203.571,1487724603139
8,8,2,0.3,1,1,0,1204.938,1487724604503,1205.671,1487724605237,1204.704,1487724604280
8,9,2,0.3,1,1,7,1206.071,1487724605637,1206.804,1487724606370,1205.838,1487724605406
8,10,2,0.3,1,0,5,1207.204,1487724606770,-1,-1,1206.971,1487724606540
8,11,2,0.3,0,1,7,1208.338,1487724607904,-1,-1,1208.105,1487724607674
8,12,2,0.3,1,0,4,1209.471,1487724609037,-1,-1,1209.238,1487724608806
8,13,2,0.3,1,2,5,1210.604,1487724610170,-1,-1,1210.371,1487724609940
8,14,2,0.3,1,0,6,1211.738,1487724611304,-1,-1,1211.505,1487724611073
8,15,2,0.3,1,0,2,1212.871,1487724612437,-1,-1,1212.638,1487724612208
8,16,2,0.3,0,1,6,1214.005,1487724613571,-1,-1,1213.771,1487724613340
8,17,2,0.3,1,0,7,1215.139,1487724614705,-1,-1,1214.905,1487724614473
8,18,2,0.3,1,1,6,1216.271,1487724615837,1216.906,1487724616472,1216.038,1487724615608
8,19,2,0.3,1,2,2,1217.405,1487724616971,-1,-1,1217.172,1487724616740
8,20,2,0.3,1,0,3,1218.538,1487724618104,-1,-1,1218.305,1487724617875
8,21,2,0.3,1,0,0,1219.672,1487724619237,-1,-1,1219.438,1487724619007
8,22,2,0.3,1,2,0,1220.805,1487724620371,-1,-1,1220.572,1487724620140
