%Recollect Version 2.3. Scene/Level: , Session: 8, GameNumber: 0
%Note: All true/false values are represented as "1" and "0" respectively.
%Damage:1,Player X Position,Player Y Position,Hearts Left,Time (Relative),Time (Absolute)
%LameBackObject:Algorithm Condition,Trial Number,Current N Level,Lure Rate,Is Correct,Stimulus Type,Stimulus Color,Presentation Time (R),Presentation Time (A),Response Time (R),Response Time (A),Expire Time (R),Expire Time (A)
%Possible values for "Color":Red=0,Blue=1,Green=2,Yellow=3,Purple=4,LightBlue=5,Brown=6,White=7,
%Possible values for "Type":NonTarget=0,Target=1,Lure=2,lessThanN=3,
8,1,2,0.3,1,3,0,15.58725,1486757157532,-1,-1,15.02125,1486757156966
8,2,2,0.3,1,3,2,18.65409,1486757160599,-1,-1,18.08804,1486757160034
8,3,2,0.3,1,1,0,21.65425,1486757163599,22.28784,1486757164233,21.15422,1486757163103
8,4,2,0.3,1,0,3,24.68824,1486757166633,-1,-1,24.15441,1486757166102
8,5,2,0.3,1,1,0,27.78851,1486757169733,28.48792,1486757170433,27.22181,1486757169169
8,6,2,0.3,1,2,0,30.85477,1486757172799,-1,-1,30.32199,1486757172269
8,7,2,0.3,1,2,3,33.88828,1486757175833,-1,-1,33.355,1486757175302
8,8,2,0.3,1,0,1,36.88844,1486757178833,-1,-1,36.38841,1486757178336
8,9,2,0.3,1,0,2,39.92194,1486757181867,-1,-1,39.3886,1486757181336
8,10,2,0.3,1,0,0,42.95542,1486757184900,-1,-1,42.42217,1486757184370
8,11,2,0.3,1,1,2,45.98896,1486757187934,46.65567,1486757188600,45.45567,1486757187403
8,12,2,0.3,1,2,2,48.98913,1486757190934,-1,-1,48.48909,1486757190437
8,13,2,0.3,1,2,0,51.9893,1486757193934,-1,-1,51.48927,1486757193436
8,14,2,0.3,1,2,0,55.02279,1486757196967,-1,-1,54.48954,1486757196437
8,15,2,0.3,1,0,1,58.0563,1486757200001,-1,-1,57.52304,1486757199471
8,16,2,0.3,1,0,3,61.05665,1486757203001,-1,-1,60.55645,1486757202504
8,17,2,0.3,1,1,1,64.1234,1486757206069,64.62344,1486757206569,63.58995,1486757205538
8,18,2,0.3,1,2,1,67.12375,1486757209068,-1,-1,66.62345,1486757208571
8,19,2,0.3,1,0,0,70.1576,1486757212102,-1,-1,69.65695,1486757211604
8,20,2,0.3,1,0,3,73.19049,1486757215135,-1,-1,72.69046,1486757214638
8,21,2,0.3,1,1,0,76.19066,1486757218135,76.72404,1486757218669,75.69061,1486757217638
8,22,2,0.3,1,1,3,79.19083,1486757221135,79.79118,1486757221736,78.6908,1486757220641
8,1,2,0.3,1,3,0,97.49185,1486757239436,-1,-1,96.99191,1486757238937
8,2,2,0.3,1,3,2,100.2587,1486757242203,-1,-1,99.75858,1486757241705
8,3,2,0.3,1,0,1,103.0255,1486757244970,-1,-1,102.5254,1486757244473
8,4,2,0.3,1,2,1,105.7924,1486757247737,-1,-1,105.2924,1486757247240
8,5,2,0.3,1,2,2,108.5591,1486757250504,-1,-1,108.0592,1486757250006
8,6,2,0.3,1,2,2,111.326,1486757253271,-1,-1,110.8259,1486757252773
8,7,2,0.3,1,2,1,114.0935,1486757256038,-1,-1,113.5928,1486757255541
8,8,2,0.3,1,1,2,116.8596,1486757258804,117.4263,1486757259371,116.3596,1486757258307
8,9,2,0.3,1,1,1,119.6264,1486757261571,120.1599,1486757262105,119.1264,1486757261074
8,10,2,0.3,1,0,3,122.3934,1486757264338,-1,-1,121.8932,1486757263840
8,11,2,0.3,1,2,3,125.16,1486757267105,-1,-1,124.6601,1486757266607
8,12,2,0.3,1,0,0,127.9269,1486757269872,-1,-1,127.4269,1486757269374
8,13,2,0.3,1,2,0,130.6939,1486757272638,-1,-1,130.1937,1486757272142
8,14,2,0.3,1,1,0,133.461,1486757275406,133.961,1486757275906,132.9605,1486757274908
8,15,2,0.3,1,1,0,136.2278,1486757278172,136.7947,1486757278740,135.7274,1486757277674
8,16,2,0.3,1,1,0,138.9943,1486757280939,139.561,1486757281506,138.4942,1486757280441
8,17,2,0.3,1,0,3,141.761,1486757283706,-1,-1,141.261,1486757283208
8,18,2,0.3,1,0,2,144.5278,1486757286472,-1,-1,144.0281,1486757285976
8,19,2,0.3,1,0,1,147.2947,1486757289239,-1,-1,146.7947,1486757288743
8,20,2,0.3,1,0,0,150.0615,1486757292006,-1,-1,149.5621,1486757291509
8,21,2,0.3,1,1,1,152.8283,1486757294773,153.596,1486757295541,152.3283,1486757294275
8,22,2,0.3,1,0,2,155.5951,1486757297540,-1,-1,155.095,1486757297044
8,1,2,0.3,1,3,0,173.5963,1486757315542,-1,-1,173.163,1486757315108
8,2,2,0.3,1,3,2,176.0629,1486757318008,-1,-1,175.6296,1486757317577
8,3,2,0.3,1,2,2,178.5299,1486757320475,-1,-1,178.0964,1486757320044
8,4,2,0.3,1,0,1,180.9966,1486757322941,-1,-1,180.5632,1486757322513
8,5,2,0.3,1,0,3,183.4635,1486757325408,-1,-1,183.03,1486757324977
8,6,2,0.3,1,0,0,185.9302,1486757327875,-1,-1,185.4968,1486757327444
8,7,2,0.3,1,0,2,188.3969,1486757330342,-1,-1,187.9635,1486757329911
8,8,2,0.3,1,0,1,190.8638,1486757332808,-1,-1,190.4304,1486757332378
8,9,2,0.3,1,1,2,193.3306,1486757335275,193.7973,1486757335742,192.8972,1486757334845
8,10,2,0.3,1,1,1,195.7974,1486757337742,196.3311,1486757338276,195.3641,1486757337311
8,11,2,0.3,1,1,2,198.2642,1486757340209,198.798,1486757340743,197.8308,1486757339779
8,12,2,0.3,1,0,0,200.731,1486757342676,-1,-1,200.2976,1486757342245
8,13,2,0.3,1,2,0,203.1978,1486757345142,-1,-1,202.7645,1486757344712
8,14,2,0.3,1,1,0,205.6654,1486757347610,206.1649,1486757348110,205.2313,1486757347178
8,15,2,0.3,1,0,1,208.1315,1486757350076,-1,-1,207.6981,1486757349645
8,16,2,0.3,1,2,1,210.5982,1486757352543,-1,-1,210.1648,1486757352113
8,17,2,0.3,1,2,0,213.065,1486757355010,-1,-1,212.6316,1486757354579
8,18,2,0.3,1,1,1,215.5319,1486757357477,216.0654,1486757358010,215.0986,1486757357045
8,19,2,0.3,1,1,0,217.9986,1486757359943,218.8654,1486757360810,217.5652,1486757359512
8,20,2,0.3,1,0,3,220.4655,1486757362410,-1,-1,220.0321,1486757361979
8,21,2,0.3,1,2,3,222.9323,1486757364877,-1,-1,222.4989,1486757364446
8,22,2,0.3,1,2,0,225.399,1486757367344,-1,-1,224.9657,1486757366913
8,1,2,0.3,1,3,3,243.1001,1486757385045,-1,-1,242.7001,1486757384645
8,2,2,0.3,1,3,1,245.3335,1486757387278,-1,-1,244.9335,1486757386881
8,3,2,0.3,1,2,1,247.567,1486757389512,-1,-1,247.1669,1486757389114
8,4,2,0.3,1,1,1,249.8003,1486757391745,250.5005,1486757392445,249.4004,1486757391348
8,5,2,0.3,1,0,2,252.0344,1486757393979,-1,-1,251.6339,1486757393581
8,6,2,0.3,1,1,1,254.2674,1486757396212,255.0016,1486757396946,253.8673,1486757395815
8,7,2,0.3,1,0,0,256.5008,1486757398445,-1,-1,256.1008,1486757398048
8,8,2,0.3,1,2,0,258.7343,1486757400679,-1,-1,258.3342,1486757400281
8,9,2,0.3,1,0,3,260.9677,1486757402912,-1,-1,260.5677,1486757402515
8,10,2,0.3,1,0,2,263.2012,1486757405146,-1,-1,262.8013,1486757404749
8,11,2,0.3,1,2,2,265.4351,1486757407380,-1,-1,265.0352,1486757406982
8,12,2,0.3,1,2,3,267.6681,1486757409613,-1,-1,267.2681,1486757409215
8,13,2,0.3,1,2,3,269.9016,1486757411846,-1,-1,269.5015,1486757411450
8,14,2,0.3,1,1,3,272.135,1486757414080,272.802,1486757414747,271.735,1486757413682
8,15,2,0.3,1,0,1,274.369,1486757416314,-1,-1,273.9685,1486757415916
8,16,2,0.3,1,2,1,276.6019,1486757418547,-1,-1,276.2019,1486757418149
8,17,2,0.3,1,1,1,278.8354,1486757420780,279.3688,1486757421314,278.4354,1486757420382
8,18,2,0.3,1,0,2,281.0688,1486757423013,-1,-1,280.6689,1486757422616
8,19,2,0.3,1,1,1,283.3026,1486757425247,283.8024,1486757425747,282.9022,1486757424850
8,20,2,0.3,1,0,3,285.5358,1486757427480,-1,-1,285.1358,1486757427083
8,21,2,0.3,1,1,1,287.7692,1486757429714,288.2029,1486757430148,287.3692,1486757429317
8,22,2,0.3,1,0,0,290.0031,1486757431948,-1,-1,289.6026,1486757431550
8,1,2,0.3,1,3,3,307.4037,1486757449348,-1,-1,307.0703,1486757449015
8,2,2,0.3,1,3,1,309.4037,1486757451348,-1,-1,309.0704,1486757451018
8,3,2,0.3,1,0,2,311.4043,1486757453349,-1,-1,311.0706,1486757453018
8,4,2,0.3,1,0,0,313.4041,1486757455349,-1,-1,313.0707,1486757455018
8,5,2,0.3,1,0,3,315.4042,1486757457349,-1,-1,315.0713,1486757457019
8,6,2,0.3,1,2,2,317.4044,1486757459349,-1,-1,317.0709,1486757459018
8,7,2,0.3,1,1,3,319.4044,1486757461349,319.8384,1486757461783,319.071,1486757461019
8,8,2,0.3,1,1,2,321.4044,1486757463349,321.9052,1486757463850,321.0711,1486757463018
8,9,2,0.3,1,0,1,323.4051,1486757465350,-1,-1,323.0712,1486757465019
8,10,2,0.3,1,0,0,325.4046,1486757467349,-1,-1,325.072,1486757467021
8,11,2,0.3,1,0,3,327.4049,1486757469349,-1,-1,327.0721,1486757469019
8,12,2,0.3,1,1,0,329.4049,1486757471350,329.8719,1486757471817,329.0716,1486757471019
8,13,2,0.3,1,2,0,331.4057,1486757473350,-1,-1,331.0717,1486757473019
8,14,2,0.3,1,1,0,333.4052,1486757475350,333.8387,1486757475784,333.072,1486757475019
8,15,2,0.3,1,2,3,335.4056,1486757477350,-1,-1,335.0719,1486757477019
8,16,2,0.3,1,2,3,337.4053,1486757479350,-1,-1,337.072,1486757479019
8,17,2,0.3,1,0,2,339.4055,1486757481350,-1,-1,339.0721,1486757481020
8,18,2,0.3,1,2,2,341.4056,1486757483350,-1,-1,341.0722,1486757483019
8,19,2,0.3,1,0,0,343.4056,1486757485350,-1,-1,343.0724,1486757485020
8,20,2,0.3,1,2,0,345.4064,1486757487351,-1,-1,345.0725,1486757487020
8,21,2,0.3,1,1,0,347.4059,1486757489351,347.9064,1486757489851,347.0724,1486757489020
8,22,2,0.3,1,1,0,349.4065,1486757491351,349.9394,1486757491884,349.0727,1486757491022
8,1,2,0.3,1,3,3,366.6071,1486757508552,-1,-1,366.2737,1486757508219
8,2,2,0.3,1,3,1,368.4404,1486757510385,-1,-1,368.1071,1486757510055
8,3,2,0.3,1,1,3,370.2741,1486757512219,370.8074,1486757512752,369.9406,1486757511888
8,4,2,0.3,1,2,3,372.1073,1486757514052,-1,-1,371.774,1486757513721
8,5,2,0.3,1,2,1,373.9408,1486757515885,-1,-1,373.6075,1486757515555
8,6,2,0.3,1,0,0,375.7742,1486757517719,-1,-1,375.4409,1486757517388
8,7,2,0.3,1,2,0,377.6076,1486757519552,-1,-1,377.2744,1486757519222
8,8,2,0.3,1,2,1,379.441,1486757521386,-1,-1,379.1077,1486757521055
8,9,2,0.3,1,1,0,381.2745,1486757523219,381.7088,1486757523654,380.9411,1486757522888
8,10,2,0.3,1,2,0,383.1079,1486757525052,-1,-1,382.7746,1486757524722
8,11,2,0.3,1,0,3,384.9416,1486757526886,-1,-1,384.6082,1486757526555
8,12,2,0.3,1,0,2,386.7748,1486757528719,-1,-1,386.4416,1486757528389
8,13,2,0.3,1,2,2,388.6082,1486757530553,-1,-1,388.2749,1486757530222
8,14,2,0.3,1,1,2,390.4424,1486757532387,391.1417,1486757533087,390.1084,1486757532057
8,15,2,0.3,1,0,3,392.2751,1486757534220,-1,-1,391.9419,1486757533890
8,16,2,0.3,1,0,0,394.1087,1486757536053,-1,-1,393.7752,1486757535722
8,17,2,0.3,1,0,1,395.942,1486757537887,-1,-1,395.6086,1486757537556
8,18,2,0.3,1,0,2,397.7757,1486757539720,-1,-1,397.4426,1486757539390
8,19,2,0.3,1,1,1,399.6089,1486757541553,400.0759,1486757542021,399.276,1486757541224
8,20,2,0.3,1,0,0,401.4424,1486757543387,-1,-1,401.109,1486757543056
8,21,2,0.3,1,1,1,403.2757,1486757545220,403.7091,1486757545654,402.9425,1486757544890
8,22,2,0.3,1,1,0,405.1094,1486757547054,405.5761,1486757547521,404.7758,1486757546724
8,1,2,0.3,1,3,1,422.1101,1486757564055,-1,-1,421.8101,1486757563755
8,2,2,0.3,1,3,0,423.7435,1486757565689,-1,-1,423.4436,1486757565391
8,3,2,0.3,1,1,1,425.3774,1486757567322,425.8436,1486757567788,425.0769,1486757567024
8,4,2,0.3,1,2,1,427.011,1486757568956,-1,-1,426.7104,1486757568658
8,5,2,0.3,1,2,0,428.6439,1486757570589,-1,-1,428.3439,1486757570291
8,6,2,0.3,1,1,1,430.2773,1486757572222,430.7107,1486757572656,429.9772,1486757571924
8,7,2,0.3,1,0,3,431.9107,1486757573855,-1,-1,431.6107,1486757573558
8,8,2,0.3,1,1,1,433.5441,1486757575489,434.0109,1486757575956,433.244,1486757575192
8,9,2,0.3,1,2,1,435.1775,1486757577122,-1,-1,434.8775,1486757576825
8,10,2,0.3,1,2,3,436.8109,1486757578756,-1,-1,436.5109,1486757578458
8,11,2,0.3,1,0,2,438.4445,1486757580390,-1,-1,438.1445,1486757580092
8,12,2,0.3,1,1,3,440.0778,1486757582023,440.5792,1486757582524,439.7778,1486757581725
8,13,2,0.3,1,2,3,441.7117,1486757583656,-1,-1,441.4112,1486757583358
8,14,2,0.3,1,0,1,443.3447,1486757585289,-1,-1,443.0446,1486757584992
8,15,2,0.3,1,0,2,444.9781,1486757586923,-1,-1,444.6781,1486757586625
8,16,2,0.3,1,1,1,446.6116,1486757588556,447.1117,1486757589056,446.3116,1486757588259
8,17,2,0.3,1,0,3,448.2449,1486757590190,-1,-1,447.9449,1486757589892
8,18,2,0.3,1,0,0,449.8784,1486757591823,-1,-1,449.5783,1486757591526
8,19,2,0.3,1,1,3,451.5119,1486757593456,451.9453,1486757593890,451.212,1486757593160
8,20,2,0.3,1,0,2,453.1452,1486757595090,-1,-1,452.8451,1486757594792
8,21,2,0.3,1,0,1,454.7786,1486757596723,-1,-1,454.4787,1486757596426
8,22,2,0.3,1,2,3,456.4121,1486757598357,-1,-1,456.1122,1486757598060
8,1,2,0.3,1,3,1,473.1797,1486757615124,-1,-1,472.9131,1486757614858
8,2,2,0.3,1,3,2,474.6464,1486757616591,-1,-1,474.3798,1486757616328
8,3,2,0.3,1,2,2,476.1133,1486757618058,-1,-1,475.8465,1486757617794
8,4,2,0.3,1,0,3,477.5805,1486757619525,-1,-1,477.3132,1486757619261
8,5,2,0.3,1,0,1,479.0467,1486757620991,-1,-1,478.7799,1486757620727
8,6,2,0.3,1,0,0,480.5133,1486757622458,-1,-1,480.2468,1486757622194
8,7,2,0.3,1,1,1,481.9802,1486757623925,482.3802,1486757624325,481.7135,1486757623661
8,8,2,0.3,1,2,1,483.4468,1486757625391,-1,-1,483.1802,1486757625129
8,9,2,0.3,1,0,3,484.9137,1486757626858,-1,-1,484.647,1486757626594
8,10,2,0.3,1,0,2,486.3804,1486757628325,-1,-1,486.1138,1486757628062
8,11,2,0.3,1,0,0,487.8472,1486757629792,-1,-1,487.581,1486757629528
8,12,2,0.3,1,2,3,489.314,1486757631259,-1,-1,489.0472,1486757630995
8,13,2,0.3,1,2,2,490.7808,1486757632725,-1,-1,490.514,1486757632461
8,14,2,0.3,1,0,1,492.2485,1486757634193,-1,-1,491.9807,1486757633928
8,15,2,0.3,1,2,1,493.7141,1486757635659,-1,-1,493.4475,1486757635395
8,16,2,0.3,1,1,1,495.1815,1486757637126,495.6813,1486757637626,494.9146,1486757636862
8,17,2,0.3,1,2,0,496.6476,1486757638592,-1,-1,496.381,1486757638328
8,18,2,0.3,1,1,1,498.1152,1486757640060,498.6147,1486757640560,497.8477,1486757639795
8,19,2,0.3,1,1,0,499.5811,1486757641526,500.0478,1486757641993,499.315,1486757641262
8,20,2,0.3,1,0,3,501.0479,1486757642993,-1,-1,500.7813,1486757642729
8,21,2,0.3,1,1,0,502.5153,1486757644460,503.0482,1486757644993,502.248,1486757644195
8,22,2,0.3,1,1,3,503.982,1486757645927,504.5483,1486757646493,503.7147,1486757645662
8,1,2,0.3,1,3,1,520.5825,1486757662527,-1,-1,520.349,1486757662294
8,2,2,0.3,1,3,2,521.9159,1486757663861,-1,-1,521.6824,1486757663629
8,3,2,0.3,1,2,2,523.2491,1486757665194,-1,-1,523.0158,1486757664963
8,4,2,0.3,1,1,2,524.5826,1486757666527,525.0172,1486757666962,524.3492,1486757666297
8,5,2,0.3,1,0,1,525.916,1486757667861,-1,-1,525.6827,1486757667631
8,6,2,0.3,1,1,2,527.2495,1486757669194,527.6831,1486757669628,527.0161,1486757668963
8,7,2,0.3,1,0,3,528.5828,1486757670527,-1,-1,528.3494,1486757670297
8,8,2,0.3,1,1,2,529.9163,1486757671861,530.3832,1486757672328,529.6829,1486757671630
8,9,2,0.3,1,0,0,531.2496,1486757673194,-1,-1,531.0162,1486757672963
8,10,2,0.3,1,1,2,532.5832,1486757674528,533.0831,1486757675028,532.3497,1486757674297
8,11,2,0.3,1,0,1,533.9164,1486757675861,-1,-1,533.6834,1486757675631
8,12,2,0.3,1,0,3,535.2498,1486757677194,-1,-1,535.0165,1486757676964
8,13,2,0.3,1,2,3,536.5833,1486757678528,-1,-1,536.3499,1486757678297
8,14,2,0.3,1,2,1,537.9167,1486757679861,-1,-1,537.6833,1486757679630
8,15,2,0.3,1,0,0,539.2501,1486757681195,-1,-1,539.0167,1486757680964
8,16,2,0.3,1,0,2,540.5834,1486757682528,-1,-1,540.3501,1486757682297
8,17,2,0.3,1,2,2,541.9174,1486757683862,-1,-1,541.6835,1486757683631
8,18,2,0.3,1,2,0,543.2503,1486757685195,-1,-1,543.0173,1486757684964
8,19,2,0.3,1,1,2,544.5837,1486757686528,544.9841,1486757686929,544.3503,1486757686298
8,20,2,0.3,1,1,0,545.9171,1486757687862,546.384,1486757688329,545.6838,1486757687631
8,21,2,0.3,1,2,0,547.251,1486757689196,-1,-1,547.0172,1486757688965
8,22,2,0.3,1,0,3,548.5839,1486757690529,-1,-1,548.3506,1486757690298
8,1,2,0.3,1,3,2,565.0516,1486757706996,-1,-1,564.8182,1486757706763
8,2,2,0.3,1,3,3,566.2849,1486757708230,-1,-1,566.0516,1486757707999
8,3,2,0.3,1,1,2,567.5183,1486757709463,567.9521,1486757709897,567.2851,1486757709232
8,4,2,0.3,1,2,2,568.7518,1486757710697,-1,-1,568.5186,1486757710466
8,5,2,0.3,1,1,2,569.9851,1486757711930,570.6854,1486757712632,569.7518,1486757711700
8,6,2,0.3,1,0,3,571.2185,1486757713163,-1,-1,570.9863,1486757712933
8,7,2,0.3,1,0,1,572.452,1486757714397,-1,-1,572.2186,1486757714166
8,8,2,0.3,1,1,3,573.6858,1486757715630,574.1187,1486757716064,573.452,1486757715400
8,9,2,0.3,1,2,3,574.9188,1486757716863,-1,-1,574.6854,1486757716633
8,10,2,0.3,1,0,2,576.1522,1486757718097,-1,-1,575.9188,1486757717866
8,11,2,0.3,1,0,1,577.3854,1486757719330,-1,-1,577.1521,1486757719099
8,12,2,0.3,1,1,2,578.6196,1486757720564,579.0526,1486757720997,578.3857,1486757720333
8,13,2,0.3,1,2,2,579.8528,1486757721797,-1,-1,579.619,1486757721566
8,14,2,0.3,1,1,2,581.0857,1486757723030,581.5527,1486757723498,580.8524,1486757722800
8,15,2,0.3,1,2,0,582.3192,1486757724264,-1,-1,582.0858,1486757724033
8,16,2,0.3,1,2,0,583.5527,1486757725497,-1,-1,583.3192,1486757725266
8,17,2,0.3,1,0,1,584.7859,1486757726731,-1,-1,584.5526,1486757726500
8,18,2,0.3,1,0,2,586.0193,1486757727964,-1,-1,585.786,1486757727733
8,19,2,0.3,1,1,1,587.2528,1486757729197,587.6863,1486757729632,587.0193,1486757728966
8,20,2,0.3,1,2,1,588.4861,1486757730431,-1,-1,588.2529,1486757730202
8,21,2,0.3,1,0,0,589.7195,1486757731664,-1,-1,589.4862,1486757731433
8,22,2,0.3,1,0,3,590.9529,1486757732898,-1,-1,590.7196,1486757732667
8,1,2,0.3,1,3,0,607.3206,1486757749265,-1,-1,607.0872,1486757749033
8,2,2,0.3,1,3,1,608.454,1486757750399,-1,-1,608.2211,1486757750169
8,3,2,0.3,1,2,1,609.5873,1486757751532,-1,-1,609.354,1486757751301
8,4,2,0.3,1,1,1,610.7208,1486757752665,611.2208,1486757753166,610.4874,1486757752435
8,5,2,0.3,1,0,2,611.8542,1486757753799,-1,-1,611.621,1486757753569
8,6,2,0.3,1,0,0,612.9875,1486757754932,-1,-1,612.7542,1486757754701
8,7,2,0.3,1,2,0,614.1209,1486757756066,-1,-1,613.8876,1486757755835
8,8,2,0.3,1,2,2,615.2543,1486757757199,-1,-1,615.021,1486757756968
8,9,2,0.3,1,1,0,616.3878,1486757758332,616.7545,1486757758699,616.1544,1486757758101
8,10,2,0.3,1,1,2,617.5212,1486757759466,617.9214,1486757759867,617.2878,1486757759235
8,11,2,0.3,1,2,2,618.6545,1486757760599,-1,-1,618.4211,1486757760368
8,12,2,0.3,1,0,3,619.788,1486757761733,-1,-1,619.5547,1486757761502
8,13,2,0.3,1,2,3,620.9213,1486757762866,-1,-1,620.6884,1486757762635
8,14,2,0.3,1,0,1,622.0548,1486757763999,-1,-1,621.8214,1486757763768
8,15,2,0.3,1,0,2,623.1881,1486757765133,-1,-1,622.9548,1486757764902
8,16,2,0.3,1,1,1,624.3216,1486757766266,624.7552,1486757766700,624.0881,1486757766035
8,17,2,0.3,1,0,0,625.4549,1486757767399,-1,-1,625.2217,1486757767170
8,18,2,0.3,1,2,2,626.5887,1486757768533,-1,-1,626.355,1486757768302
8,19,2,0.3,1,1,0,627.7218,1486757769666,628.1219,1486757770067,627.4883,1486757769436
8,20,2,0.3,1,0,1,628.8551,1486757770800,-1,-1,628.6218,1486757770569
8,21,2,0.3,1,0,3,629.9885,1486757771933,-1,-1,629.7551,1486757771702
8,22,2,0.3,1,1,1,631.1219,1486757773067,631.5221,1486757773467,630.8885,1486757772837
8,1,2,0.3,1,3,1,647.3395,1486757789284,-1,-1,647.1733,1486757789118
8,2,2,0.3,1,3,0,648.3062,1486757790251,-1,-1,648.1396,1486757790089
8,3,2,0.3,1,2,0,649.2729,1486757791218,-1,-1,649.1063,1486757791054
8,4,2,0.3,1,0,1,650.2396,1486757792184,-1,-1,650.073,1486757792020
8,5,2,0.3,1,2,1,651.2064,1486757793152,-1,-1,651.0397,1486757792987
8,6,2,0.3,1,2,0,652.1732,1486757794118,-1,-1,652.0064,1486757793954
8,7,2,0.3,1,0,2,653.1398,1486757795084,-1,-1,652.9735,1486757794922
8,8,2,0.3,1,2,2,654.1065,1486757796051,-1,-1,653.9399,1486757795887
8,9,2,0.3,1,0,3,655.0732,1486757797018,-1,-1,654.9066,1486757796854
8,10,2,0.3,1,1,2,656.04,1486757797985,656.4733,1486757798418,655.8733,1486757797821
8,11,2,0.3,1,1,3,657.0067,1486757798951,657.4736,1486757799418,656.8404,1486757798787
8,12,2,0.3,1,0,0,657.9735,1486757799918,-1,-1,657.8067,1486757799754
8,13,2,0.3,1,2,2,658.9401,1486757800885,-1,-1,658.7734,1486757800721
8,14,2,0.3,1,0,1,659.9069,1486757801851,-1,-1,659.7402,1486757801687
8,15,2,0.3,1,0,3,660.8736,1486757802818,-1,-1,660.7069,1486757802654
8,16,2,0.3,1,1,1,661.8403,1486757803785,662.307,1486757804252,661.6738,1486757803622
8,17,2,0.3,1,0,2,662.807,1486757804752,-1,-1,662.6411,1486757804588
8,18,2,0.3,1,1,1,663.7739,1486757805719,664.2407,1486757806186,663.6071,1486757805554
8,19,2,0.3,1,1,2,664.7405,1486757806685,665.374,1486757807319,664.5739,1486757806523
8,20,2,0.3,1,0,0,665.7074,1486757807652,-1,-1,665.5405,1486757807488
8,21,2,0.3,1,2,0,666.6741,1486757808619,-1,-1,666.5074,1486757808455
8,22,2,0.3,1,1,0,667.6406,1486757809585,668.1076,1486757810052,667.474,1486757809421
8,1,2,0.3,1,3,1,683.7082,1486757825653,-1,-1,683.5416,1486757825487
8,2,2,0.3,1,3,0,684.6084,1486757826553,-1,-1,684.4423,1486757826390
8,3,2,0.3,1,0,2,685.5082,1486757827453,-1,-1,685.3416,1486757827289
8,4,2,0.3,1,1,0,686.4083,1486757828353,686.809,1486757828754,686.2422,1486757828190
8,5,2,0.3,1,0,1,687.3084,1486757829254,-1,-1,687.1418,1486757829089
8,6,2,0.3,1,1,0,688.2084,1486757830153,688.6419,1486757830587,688.0417,1486757829989
8,7,2,0.3,1,0,3,689.1086,1486757831053,-1,-1,688.9419,1486757830889
8,8,2,0.3,1,0,2,690.0086,1486757831953,-1,-1,689.8419,1486757831789
8,9,2,0.3,1,0,1,690.9086,1486757832853,-1,-1,690.742,1486757832690
8,10,2,0.3,1,2,1,691.809,1486757833754,-1,-1,691.642,1486757833589
8,11,2,0.3,1,1,1,692.7087,1486757834653,693.1423,1486757835087,692.5421,1486757834489
8,12,2,0.3,1,1,1,693.6088,1486757835553,694.0424,1486757835987,693.4422,1486757835390
8,13,2,0.3,1,1,1,694.5087,1486757836453,694.9423,1486757836887,694.3421,1486757836289
8,14,2,0.3,1,0,2,695.4089,1486757837353,-1,-1,695.2423,1486757837190
8,15,2,0.3,1,2,2,696.3089,1486757838254,-1,-1,696.1423,1486757838089
8,16,2,0.3,1,1,2,697.2089,1486757839154,697.6763,1486757839621,697.0424,1486757838991
8,17,2,0.3,1,0,1,698.109,1486757840054,-1,-1,697.9424,1486757839890
8,18,2,0.3,1,2,1,699.009,1486757840954,-1,-1,698.8425,1486757840790
8,19,2,0.3,1,0,0,699.9091,1486757841854,-1,-1,699.7425,1486757841690
8,20,2,0.3,1,2,0,700.8091,1486757842754,-1,-1,700.6425,1486757842590
8,21,2,0.3,1,2,1,701.7092,1486757843654,-1,-1,701.5426,1486757843490
8,22,2,0.3,1,2,1,702.6093,1486757844554,-1,-1,702.4426,1486757844390
8,1,2,0.3,1,3,3,718.6102,1486757860555,-1,-1,718.4435,1486757860388
8,2,2,0.3,1,3,2,719.4435,1486757861388,-1,-1,719.2772,1486757861224
8,3,2,0.3,1,1,3,720.2769,1486757862222,720.7106,1486757862655,720.1102,1486757862057
8,4,2,0.3,1,2,3,721.1106,1486757863055,-1,-1,720.9437,1486757862891
8,5,2,0.3,1,2,2,721.9437,1486757863888,-1,-1,721.7769,1486757863724
8,6,2,0.3,1,2,2,722.777,1486757864722,-1,-1,722.6104,1486757864557
8,7,2,0.3,1,1,2,723.6104,1486757865555,724.2438,1486757866189,723.4443,1486757865392
8,8,2,0.3,1,0,0,724.4439,1486757866389,-1,-1,724.2773,1486757866224
8,9,2,0.3,1,2,0,725.2772,1486757867222,-1,-1,725.1105,1486757867058
8,10,2,0.3,1,0,1,726.1106,1486757868055,-1,-1,725.9439,1486757867891
8,11,2,0.3,1,1,0,726.9445,1486757868889,727.3444,1486757869289,726.7773,1486757868725
8,12,2,0.3,1,0,3,727.7773,1486757869722,-1,-1,727.6107,1486757869558
8,13,2,0.3,1,0,2,728.6107,1486757870555,-1,-1,728.444,1486757870393
8,14,2,0.3,1,0,1,729.4441,1486757871389,-1,-1,729.2775,1486757871225
8,15,2,0.3,1,0,0,730.2775,1486757872222,-1,-1,730.1108,1486757872058
8,16,2,0.3,1,1,1,731.1108,1486757873055,731.5109,1486757873456,730.9442,1486757872892
8,17,2,0.3,1,0,3,731.9455,1486757873890,-1,-1,731.7775,1486757873725
8,18,2,0.3,1,2,3,732.7776,1486757874722,-1,-1,732.6111,1486757874559
8,19,2,0.3,1,1,3,733.611,1486757875556,734.1443,1486757876089,733.4443,1486757875391
8,20,2,0.3,1,0,1,734.4445,1486757876389,-1,-1,734.2777,1486757876225
8,21,2,0.3,1,1,3,735.2778,1486757877222,735.8111,1486757877756,735.1111,1486757877058
8,22,2,0.3,0,2,3,736.1111,1486757878056,736.6116,1486757878556,735.9445,1486757877892
8,1,2,0.3,1,3,1,752.0455,1486757893990,-1,-1,751.8787,1486757893824
8,2,2,0.3,1,3,2,752.8121,1486757894757,-1,-1,752.6454,1486757894593
8,3,2,0.3,1,2,2,753.5788,1486757895523,-1,-1,753.4121,1486757895360
8,4,2,0.3,1,2,0,754.3455,1486757896290,-1,-1,754.1787,1486757896126
8,5,2,0.3,1,0,3,755.1123,1486757897057,-1,-1,754.9456,1486757896893
8,6,2,0.3,1,1,0,755.8791,1486757897824,756.2459,1486757898191,755.7123,1486757897660
8,7,2,0.3,1,0,1,756.6456,1486757898590,-1,-1,756.4789,1486757898426
8,8,2,0.3,1,2,3,757.4124,1486757899357,-1,-1,757.2457,1486757899193
8,9,2,0.3,0,1,1,758.1791,1486757900124,-1,-1,758.0125,1486757899960
8,10,2,0.3,1,0,2,758.9457,1486757900890,-1,-1,758.7791,1486757900728
8,11,2,0.3,1,0,0,759.7127,1486757901657,-1,-1,759.5458,1486757901493
8,12,2,0.3,1,0,3,760.4792,1486757902424,-1,-1,760.3124,1486757902260
8,13,2,0.3,1,0,1,761.2466,1486757903191,-1,-1,761.0792,1486757903026
8,14,2,0.3,1,2,0,762.0125,1486757903957,-1,-1,761.8459,1486757903793
8,15,2,0.3,1,0,2,762.7793,1486757904724,-1,-1,762.6125,1486757904560
8,16,2,0.3,0,1,0,763.546,1486757905491,-1,-1,763.3793,1486757905326
8,17,2,0.3,0,2,0,764.3127,1486757906257,764.4128,1486757906358,764.1461,1486757906094
8,18,2,0.3,0,1,0,765.08,1486757907025,-1,-1,764.9128,1486757906860
8,19,2,0.3,0,1,0,765.8461,1486757907791,-1,-1,765.6794,1486757907627
8,20,2,0.3,0,1,0,766.6129,1486757908557,-1,-1,766.4462,1486757908394
8,21,2,0.3,1,0,1,767.3796,1486757909324,-1,-1,767.2129,1486757909160
8,22,2,0.3,1,2,1,768.1463,1486757910091,-1,-1,767.9796,1486757909928
8,1,2,0.3,1,3,3,784.0139,1486757925959,-1,-1,783.8472,1486757925792
8,2,2,0.3,1,3,0,784.8472,1486757926792,-1,-1,784.6805,1486757926628
8,3,2,0.3,1,0,1,785.6807,1486757927625,-1,-1,785.514,1486757927461
8,4,2,0.3,1,0,2,786.514,1486757928459,-1,-1,786.3473,1486757928295
8,5,2,0.3,1,1,1,787.3474,1486757929292,787.7141,1486757929659,787.1806,1486757929128
8,6,2,0.3,1,2,1,788.1807,1486757930125,-1,-1,788.0141,1486757929964
8,7,2,0.3,1,1,1,789.0141,1486757930959,789.4811,1486757931426,788.8474,1486757930796
8,8,2,0.3,1,2,2,789.8478,1486757931792,-1,-1,789.6808,1486757931628
8,9,2,0.3,1,2,2,790.6809,1486757932625,-1,-1,790.5142,1486757932461
8,10,2,0.3,1,0,3,791.5143,1486757933459,-1,-1,791.3476,1486757933295
8,11,2,0.3,1,2,3,792.3477,1486757934292,-1,-1,792.181,1486757934128
8,12,2,0.3,1,0,0,793.181,1486757935126,-1,-1,793.0143,1486757934962
8,13,2,0.3,1,0,1,794.0144,1486757935959,-1,-1,793.8477,1486757935796
8,14,2,0.3,1,1,0,794.8478,1486757936792,795.248,1486757937193,794.6811,1486757936628
8,15,2,0.3,1,0,2,795.6813,1486757937626,-1,-1,795.5145,1486757937462
8,16,2,0.3,1,2,2,796.5145,1486757938460,-1,-1,796.3479,1486757938295
8,17,2,0.3,1,0,1,797.3479,1486757939293,-1,-1,797.1817,1486757939129
8,18,2,0.3,1,0,0,798.1814,1486757940126,-1,-1,798.0146,1486757939963
8,19,2,0.3,1,1,1,799.0148,1486757940959,799.3821,1486757941327,798.848,1486757940796
8,20,2,0.3,1,1,0,799.8481,1486757941793,800.282,1486757942227,799.6814,1486757941628
8,21,2,0.3,0,2,0,800.6813,1486757942626,801.0815,1486757943026,800.5148,1486757942462
8,22,2,0.3,1,1,0,801.5148,1486757943459,802.0482,1486757943993,801.3481,1486757943295
8,1,2,0.3,1,3,2,817.449,1486757959394,-1,-1,817.2833,1486757959228
8,2,2,0.3,1,3,3,818.2158,1486757960160,-1,-1,818.0491,1486757959997
8,3,2,0.3,1,1,2,818.9825,1486757960927,819.5159,1486757961461,818.8158,1486757960763
8,4,2,0.3,1,0,1,819.7491,1486757961694,-1,-1,819.5826,1486757961530
8,5,2,0.3,1,1,2,820.516,1486757962461,821.0826,1486757963027,820.3492,1486757962296
8,6,2,0.3,1,2,2,821.2825,1486757963227,-1,-1,821.1159,1486757963063
8,7,2,0.3,1,0,3,822.0493,1486757963994,-1,-1,821.8826,1486757963830
8,8,2,0.3,1,2,3,822.816,1486757964761,-1,-1,822.6494,1486757964597
8,9,2,0.3,1,0,1,823.5828,1486757965527,-1,-1,823.4161,1486757965363
8,10,2,0.3,1,0,2,824.35,1486757966295,-1,-1,824.1829,1486757966131
8,11,2,0.3,1,1,1,825.1161,1486757967061,825.5829,1486757967528,824.9495,1486757966897
8,12,2,0.3,1,2,1,825.8829,1486757967828,-1,-1,825.7162,1486757967663
8,13,2,0.3,0,1,1,826.6496,1486757968594,-1,-1,826.4829,1486757968431
8,14,2,0.3,1,0,2,827.4163,1486757969361,-1,-1,827.2512,1486757969201
8,15,2,0.3,1,0,0,828.183,1486757970128,-1,-1,828.0163,1486757969965
8,16,2,0.3,1,2,1,828.9497,1486757970894,-1,-1,828.7836,1486757970730
8,17,2,0.3,1,0,3,829.7164,1486757971661,-1,-1,829.5497,1486757971497
8,18,2,0.3,0,2,3,830.4833,1486757972428,830.9164,1486757972861,830.3165,1486757972264
8,19,2,0.3,1,2,1,831.2498,1486757973194,-1,-1,831.0833,1486757973031
8,20,2,0.3,1,0,0,832.0165,1486757973961,-1,-1,831.8499,1486757973797
8,21,2,0.3,1,1,1,832.7834,1486757974728,833.1832,1486757975128,832.617,1486757974564
8,22,2,0.3,1,1,0,833.55,1486757975495,833.9502,1486757975895,833.3833,1486757975332
8,1,2,0.3,1,3,2,849.3842,1486757991329,-1,-1,849.251,1486757991196
8,2,2,0.3,1,3,1,850.0511,1486757991996,-1,-1,849.9175,1486757991865
8,3,2,0.3,1,1,2,850.7176,1486757992662,851.1509,1486757993096,850.5847,1486757992532
8,4,2,0.3,1,0,0,851.3843,1486757993329,-1,-1,851.251,1486757993198
8,5,2,0.3,1,2,1,852.051,1486757993996,-1,-1,851.9177,1486757993865
8,6,2,0.3,1,2,2,852.7177,1486757994662,-1,-1,852.5844,1486757994531
8,7,2,0.3,0,1,1,853.3844,1486757995329,-1,-1,853.2511,1486757995199
8,8,2,0.3,1,2,1,854.0511,1486757995996,-1,-1,853.9178,1486757995865
8,9,2,0.3,1,0,3,854.7178,1486757996662,-1,-1,854.5851,1486757996532
8,10,2,0.3,1,0,0,855.3845,1486757997329,-1,-1,855.2512,1486757997198
8,11,2,0.3,1,0,2,856.0512,1486757997996,-1,-1,855.9179,1486757997865
8,12,2,0.3,0,1,0,856.718,1486757998663,-1,-1,856.5847,1486757998532
8,13,2,0.3,0,1,2,857.3853,1486757999330,-1,-1,857.2521,1486757999199
8,14,2,0.3,1,0,3,858.0518,1486757999996,-1,-1,857.918,1486757999867
8,15,2,0.3,0,1,2,858.718,1486758000663,-1,-1,858.5847,1486758000532
8,16,2,0.3,1,2,2,859.3848,1486758001329,-1,-1,859.2515,1486758001199
8,17,2,0.3,1,0,0,860.0515,1486758001996,-1,-1,859.9181,1486758001865
8,18,2,0.3,1,2,0,860.7181,1486758002663,-1,-1,860.5849,1486758002532
8,19,2,0.3,1,0,3,861.3848,1486758003329,-1,-1,861.2517,1486758003201
8,20,2,0.3,1,0,2,862.0516,1486758003996,-1,-1,861.9186,1486758003866
8,21,2,0.3,0,2,2,862.7183,1486758004663,863.185,1486758005130,862.585,1486758004532
8,22,2,0.3,1,1,2,863.3851,1486758005330,863.9183,1486758005863,863.2516,1486758005199
8,1,2,0.3,1,3,0,879.1192,1486758021064,-1,-1,878.9858,1486758020931
8,2,2,0.3,1,3,3,879.7859,1486758021730,-1,-1,879.6526,1486758021601
8,3,2,0.3,1,1,0,880.4528,1486758022397,880.8526,1486758022797,880.3193,1486758022267
8,4,2,0.3,1,2,0,881.1193,1486758023064,-1,-1,880.986,1486758022935
8,5,2,0.3,1,1,0,881.786,1486758023731,882.186,1486758024131,881.6533,1486758023601
8,6,2,0.3,1,0,3,882.4527,1486758024397,-1,-1,882.3197,1486758024267
8,7,2,0.3,1,0,2,883.1194,1486758025064,-1,-1,882.986,1486758024934
8,8,2,0.3,1,2,2,883.7861,1486758025731,-1,-1,883.6527,1486758025600
8,9,2,0.3,1,0,0,884.4528,1486758026397,-1,-1,884.3195,1486758026268
8,10,2,0.3,1,0,1,885.1195,1486758027064,-1,-1,884.9862,1486758026933
8,11,2,0.3,1,2,2,885.7863,1486758027731,-1,-1,885.6529,1486758027600
8,12,2,0.3,1,2,2,886.453,1486758028398,-1,-1,886.3196,1486758028267
8,13,2,0.3,1,1,2,887.1196,1486758029064,887.5199,1486758029465,886.9863,1486758028933
8,14,2,0.3,1,0,0,887.7863,1486758029731,-1,-1,887.653,1486758029601
8,15,2,0.3,1,2,0,888.4532,1486758030398,-1,-1,888.3197,1486758030267
8,16,2,0.3,1,0,3,889.1196,1486758031064,-1,-1,888.9864,1486758030934
8,17,2,0.3,1,1,0,889.7864,1486758031731,890.1533,1486758032098,889.6532,1486758031601
8,18,2,0.3,1,0,2,890.4532,1486758032398,-1,-1,890.3198,1486758032267
8,19,2,0.3,1,1,0,891.1199,1486758033064,891.5532,1486758033498,890.9865,1486758032934
8,20,2,0.3,1,0,3,891.7866,1486758033731,-1,-1,891.6533,1486758033601
8,21,2,0.3,0,1,0,892.4532,1486758034398,-1,-1,892.3199,1486758034268
8,22,2,0.3,1,2,0,893.12,1486758035065,-1,-1,892.9866,1486758034934
8,1,2,0.3,1,3,2,908.8543,1486758050799,-1,-1,908.721,1486758050667
8,2,2,0.3,1,3,0,909.4542,1486758051399,-1,-1,909.3209,1486758051268
8,3,2,0.3,1,2,0,910.0542,1486758051999,-1,-1,909.921,1486758051868
8,4,2,0.3,1,0,2,910.6543,1486758052599,-1,-1,910.5217,1486758052469
8,5,2,0.3,1,1,0,911.2543,1486758053199,911.6879,1486758053633,911.121,1486758053068
8,6,2,0.3,1,0,1,911.8544,1486758053799,-1,-1,911.721,1486758053669
8,7,2,0.3,1,0,3,912.4544,1486758054399,-1,-1,912.321,1486758054268
8,8,2,0.3,0,2,3,913.0544,1486758054999,913.5214,1486758055466,912.9211,1486758054868
8,9,2,0.3,1,0,0,913.6544,1486758055599,-1,-1,913.5214,1486758055469
8,10,2,0.3,1,0,2,914.2545,1486758056199,-1,-1,914.1212,1486758056068
8,11,2,0.3,1,1,0,914.8546,1486758056799,915.2546,1486758057199,914.7212,1486758056669
8,12,2,0.3,0,1,2,915.4547,1486758057399,-1,-1,915.3212,1486758057268
8,13,2,0.3,1,2,2,916.0546,1486758058000,-1,-1,915.9238,1486758057871
8,14,2,0.3,0,1,2,916.6547,1486758058599,-1,-1,916.5212,1486758058470
8,15,2,0.3,1,0,3,917.2546,1486758059199,-1,-1,917.1214,1486758059069
8,16,2,0.3,1,2,3,917.8547,1486758059799,-1,-1,917.7215,1486758059669
8,17,2,0.3,1,1,3,918.4548,1486758060399,918.9216,1486758060866,918.3217,1486758060269
8,18,2,0.3,1,2,2,919.0547,1486758060999,-1,-1,918.9216,1486758060870
8,19,2,0.3,0,1,3,919.6548,1486758061599,-1,-1,919.5216,1486758061469
8,20,2,0.3,1,0,1,920.2548,1486758062199,-1,-1,920.1224,1486758062073
8,21,2,0.3,1,2,1,920.8549,1486758062799,-1,-1,920.7216,1486758062669
8,22,2,0.3,1,0,2,921.4549,1486758063400,-1,-1,921.3217,1486758063269
8,1,2,0.3,1,3,0,937.1224,1486758079067,-1,-1,936.9897,1486758078935
8,2,2,0.3,1,3,1,937.7226,1486758079667,-1,-1,937.5892,1486758079536
8,3,2,0.3,1,0,2,938.3226,1486758080267,-1,-1,938.1892,1486758080137
8,4,2,0.3,1,0,0,938.9225,1486758080867,-1,-1,938.7892,1486758080737
8,5,2,0.3,1,0,3,939.5229,1486758081467,-1,-1,939.3893,1486758081336
8,6,2,0.3,1,2,2,940.1227,1486758082067,-1,-1,939.9898,1486758081937
8,7,2,0.3,1,0,1,940.7227,1486758082667,-1,-1,940.5903,1486758082537
8,8,2,0.3,0,1,2,941.3228,1486758083267,-1,-1,941.1894,1486758083137
8,9,2,0.3,0,1,1,941.9227,1486758083867,-1,-1,941.79,1486758083737
8,10,2,0.3,1,0,0,942.5228,1486758084467,-1,-1,942.3896,1486758084337
8,11,2,0.3,1,0,3,943.1228,1486758085067,-1,-1,942.9895,1486758084937
8,12,2,0.3,1,2,3,943.7228,1486758085667,-1,-1,943.5895,1486758085537
8,13,2,0.3,1,2,0,944.3229,1486758086268,-1,-1,944.1895,1486758086137
8,14,2,0.3,1,2,0,944.9229,1486758086867,-1,-1,944.7896,1486758086737
8,15,2,0.3,1,1,0,945.5229,1486758087468,945.9564,1486758087901,945.3896,1486758087338
8,16,2,0.3,0,1,0,946.1232,1486758088068,-1,-1,945.9896,1486758087937
8,17,2,0.3,1,2,2,946.7231,1486758088668,-1,-1,946.5897,1486758088537
8,18,2,0.3,1,0,1,947.3232,1486758089268,-1,-1,947.1897,1486758089137
8,19,2,0.3,1,0,3,947.9231,1486758089868,-1,-1,947.7898,1486758089737
8,20,2,0.3,0,1,1,948.5237,1486758090468,-1,-1,948.3898,1486758090337
8,21,2,0.3,0,1,3,949.1234,1486758091068,-1,-1,948.9898,1486758090937
8,22,2,0.3,1,2,3,949.7231,1486758091668,-1,-1,949.5898,1486758091538
8,1,2,0.3,1,3,0,965.3907,1486758107335,-1,-1,965.2574,1486758107202
8,2,2,0.3,1,3,2,965.9908,1486758107935,-1,-1,965.8574,1486758107805
8,3,2,0.3,1,0,1,966.5907,1486758108535,-1,-1,966.4583,1486758108405
8,4,2,0.3,1,0,0,967.1908,1486758109135,-1,-1,967.0575,1486758109005
8,5,2,0.3,0,1,1,967.7908,1486758109735,-1,-1,967.6575,1486758109605
8,6,2,0.3,1,2,1,968.3908,1486758110335,-1,-1,968.2576,1486758110205
8,7,2,0.3,1,2,0,968.9909,1486758110936,-1,-1,968.8575,1486758110805
8,8,2,0.3,1,0,2,969.591,1486758111536,-1,-1,969.4584,1486758111405
8,9,2,0.3,1,1,0,970.191,1486758112136,970.5576,1486758112502,970.0576,1486758112005
8,10,2,0.3,0,1,2,970.7909,1486758112736,-1,-1,970.6577,1486758112605
8,11,2,0.3,1,2,2,971.391,1486758113336,-1,-1,971.2577,1486758113206
8,12,2,0.3,1,2,0,971.9922,1486758113937,-1,-1,971.8577,1486758113806
8,13,2,0.3,1,0,1,972.5911,1486758114536,-1,-1,972.4578,1486758114405
8,14,2,0.3,1,0,3,973.1912,1486758115136,-1,-1,973.0578,1486758115005
8,15,2,0.3,0,1,1,973.7912,1486758115736,-1,-1,973.6578,1486758115606
8,16,2,0.3,0,1,3,974.3913,1486758116336,-1,-1,974.2581,1486758116205
8,17,2,0.3,0,1,1,974.9913,1486758116936,-1,-1,974.8579,1486758116805
8,18,2,0.3,1,2,1,975.5913,1486758117536,-1,-1,975.4579,1486758117405
8,19,2,0.3,1,0,2,976.1913,1486758118136,-1,-1,976.058,1486758118005
8,20,2,0.3,1,0,0,976.7916,1486758118736,-1,-1,976.658,1486758118605
8,21,2,0.3,1,0,3,977.3914,1486758119336,-1,-1,977.2582,1486758119205
8,22,2,0.3,1,2,3,977.9915,1486758119936,-1,-1,977.8581,1486758119806
8,1,2,0.3,1,3,3,993.6589,1486758135604,-1,-1,993.5255,1486758135470
8,2,2,0.3,1,3,2,994.2589,1486758136204,-1,-1,994.1256,1486758136073
8,3,2,0.3,1,2,2,994.859,1486758136804,-1,-1,994.7257,1486758136673
8,4,2,0.3,1,0,0,995.4591,1486758137404,-1,-1,995.3257,1486758137273
8,5,2,0.3,1,0,3,996.0591,1486758138004,-1,-1,995.9264,1486758137874
8,6,2,0.3,1,0,1,996.6592,1486758138604,-1,-1,996.5258,1486758138473
8,7,2,0.3,1,2,0,997.2592,1486758139204,-1,-1,997.126,1486758139073
8,8,2,0.3,1,2,3,997.8594,1486758139804,-1,-1,997.7258,1486758139673
8,9,2,0.3,1,2,3,998.4592,1486758140404,-1,-1,998.3259,1486758140274
8,10,2,0.3,1,2,0,999.0593,1486758141004,-1,-1,998.9263,1486758140874
8,11,2,0.3,1,2,0,999.6592,1486758141604,-1,-1,999.526,1486758141473
8,12,2,0.3,1,1,0,1000.259,1486758142204,1000.593,1486758142538,1000.126,1486758142073
8,13,2,0.3,1,1,0,1000.859,1486758142805,1001.226,1486758143171,1000.726,1486758142673
8,14,2,0.3,1,1,0,1001.459,1486758143404,1001.859,1486758143804,1001.326,1486758143274
8,15,2,0.3,1,0,1,1002.059,1486758144004,-1,-1,1001.926,1486758143873
8,16,2,0.3,1,1,0,1002.659,1486758144604,1003.06,1486758145005,1002.526,1486758144473
8,17,2,0.3,1,0,3,1003.26,1486758145204,-1,-1,1003.126,1486758145073
8,18,2,0.3,1,0,2,1003.859,1486758145804,-1,-1,1003.726,1486758145673
8,19,2,0.3,0,1,3,1004.46,1486758146404,-1,-1,1004.326,1486758146275
8,20,2,0.3,0,0,0,1005.06,1486758147005,1005.094,1486758147038,1004.926,1486758146874
8,21,2,0.3,0,1,3,1005.66,1486758147605,-1,-1,1005.526,1486758147475
8,22,2,0.3,1,0,2,1006.26,1486758148204,-1,-1,1006.127,1486758148074
8,1,2,0.3,1,3,1,1021.927,1486758163872,-1,-1,1021.794,1486758163739
8,2,2,0.3,1,3,3,1022.528,1486758164472,-1,-1,1022.394,1486758164343
8,3,2,0.3,1,1,1,1023.127,1486758165072,1023.494,1486758165439,1022.994,1486758164941
8,4,2,0.3,1,1,3,1023.727,1486758165672,1024.128,1486758166072,1023.594,1486758165541
8,5,2,0.3,1,0,2,1024.327,1486758166272,-1,-1,1024.194,1486758166141
8,6,2,0.3,1,0,0,1024.927,1486758166872,-1,-1,1024.794,1486758166742
8,7,2,0.3,1,0,1,1025.527,1486758167472,-1,-1,1025.395,1486758167342
8,8,2,0.3,0,1,0,1026.127,1486758168072,-1,-1,1025.994,1486758167941
8,9,2,0.3,0,1,1,1026.728,1486758168673,-1,-1,1026.594,1486758168541
8,10,2,0.3,1,2,1,1027.328,1486758169272,-1,-1,1027.195,1486758169142
8,11,2,0.3,1,2,0,1027.928,1486758169872,-1,-1,1027.794,1486758169741
8,12,2,0.3,1,0,3,1028.528,1486758170472,-1,-1,1028.395,1486758170343
8,13,2,0.3,1,1,0,1029.128,1486758171072,1029.528,1486758171473,1028.995,1486758170942
8,14,2,0.3,1,0,2,1029.728,1486758171672,-1,-1,1029.594,1486758171542
8,15,2,0.3,1,0,1,1030.328,1486758172272,-1,-1,1030.194,1486758172142
8,16,2,0.3,1,2,0,1030.928,1486758172872,-1,-1,1030.795,1486758172742
8,17,2,0.3,0,1,1,1031.528,1486758173473,-1,-1,1031.395,1486758173342
8,18,2,0.3,1,0,3,1032.128,1486758174073,-1,-1,1031.995,1486758173943
8,19,2,0.3,1,2,0,1032.728,1486758174672,-1,-1,1032.595,1486758174542
8,20,2,0.3,1,0,2,1033.328,1486758175272,-1,-1,1033.194,1486758175142
8,21,2,0.3,1,2,2,1033.928,1486758175873,-1,-1,1033.795,1486758175742
8,22,2,0.3,1,2,0,1034.528,1486758176473,-1,-1,1034.395,1486758176342
8,1,2,0.3,1,3,2,1050.195,1486758192140,-1,-1,1050.062,1486758192007
8,2,2,0.3,1,3,0,1050.796,1486758192740,-1,-1,1050.662,1486758192609
8,3,2,0.3,1,1,2,1051.396,1486758193340,1051.796,1486758193740,1051.262,1486758193210
8,4,2,0.3,1,1,0,1051.996,1486758193941,1052.396,1486758194341,1051.862,1486758193811
8,5,2,0.3,1,0,1,1052.596,1486758194540,-1,-1,1052.462,1486758194410
8,6,2,0.3,1,0,3,1053.196,1486758195140,-1,-1,1053.062,1486758195009
8,7,2,0.3,0,1,1,1053.796,1486758195740,-1,-1,1053.662,1486758195610
8,8,2,0.3,1,0,2,1054.396,1486758196340,-1,-1,1054.263,1486758196210
8,9,2,0.3,1,0,0,1054.996,1486758196941,-1,-1,1054.863,1486758196810
8,10,2,0.3,1,0,3,1055.596,1486758197540,-1,-1,1055.463,1486758197411
8,11,2,0.3,1,2,3,1056.196,1486758198140,-1,-1,1056.063,1486758198010
8,12,2,0.3,1,0,1,1056.796,1486758198741,-1,-1,1056.662,1486758198610
8,13,2,0.3,1,2,1,1057.396,1486758199341,-1,-1,1057.263,1486758199210
8,14,2,0.3,1,0,0,1057.996,1486758199941,-1,-1,1057.863,1486758199810
8,15,2,0.3,1,2,0,1058.596,1486758200541,-1,-1,1058.463,1486758200410
8,16,2,0.3,1,0,3,1059.196,1486758201141,-1,-1,1059.063,1486758201010
8,17,2,0.3,1,1,0,1059.796,1486758201741,1060.263,1486758202208,1059.663,1486758201611
8,18,2,0.3,1,2,0,1060.396,1486758202341,-1,-1,1060.263,1486758202211
8,19,2,0.3,1,2,3,1060.996,1486758202941,-1,-1,1060.863,1486758202810
8,20,2,0.3,0,1,0,1061.596,1486758203541,-1,-1,1061.463,1486758203411
8,21,2,0.3,0,1,3,1062.196,1486758204141,-1,-1,1062.063,1486758204010
8,22,2,0.3,1,2,3,1062.796,1486758204741,-1,-1,1062.663,1486758204611
8,1,2,0.3,1,3,2,1078.464,1486758220408,-1,-1,1078.33,1486758220275
8,2,2,0.3,1,3,1,1079.064,1486758221009,-1,-1,1078.93,1486758220878
8,3,2,0.3,1,0,0,1079.664,1486758221608,-1,-1,1079.53,1486758221478
8,4,2,0.3,1,1,1,1080.264,1486758222208,1080.631,1486758222576,1080.13,1486758222078
8,5,2,0.3,1,0,3,1080.864,1486758222809,-1,-1,1080.731,1486758222678
8,6,2,0.3,1,2,0,1081.465,1486758223409,-1,-1,1081.331,1486758223279
8,7,2,0.3,1,0,2,1082.064,1486758224009,-1,-1,1081.931,1486758223879
8,8,2,0.3,0,1,0,1082.664,1486758224609,-1,-1,1082.531,1486758224478
8,9,2,0.3,0,0,3,1083.264,1486758225209,1083.331,1486758225276,1083.131,1486758225078
8,10,2,0.3,0,1,0,1083.865,1486758225809,-1,-1,1083.731,1486758225678
8,11,2,0.3,0,1,3,1084.465,1486758226409,-1,-1,1084.331,1486758226279
8,12,2,0.3,1,2,3,1085.064,1486758227009,-1,-1,1084.931,1486758226879
8,13,2,0.3,1,0,1,1085.664,1486758227609,-1,-1,1085.531,1486758227478
8,14,2,0.3,1,2,1,1086.264,1486758228209,-1,-1,1086.131,1486758228079
8,15,2,0.3,1,2,3,1086.864,1486758228809,-1,-1,1086.731,1486758228678
8,16,2,0.3,1,0,2,1087.465,1486758229410,-1,-1,1087.331,1486758229279
8,17,2,0.3,1,2,2,1088.064,1486758230009,-1,-1,1087.932,1486758229878
8,18,2,0.3,1,0,0,1088.664,1486758230609,-1,-1,1088.531,1486758230478
8,19,2,0.3,0,1,2,1089.264,1486758231209,-1,-1,1089.131,1486758231078
8,20,2,0.3,0,1,0,1089.864,1486758231809,-1,-1,1089.731,1486758231678
8,21,2,0.3,1,2,0,1090.464,1486758232409,-1,-1,1090.332,1486758232279
8,22,2,0.3,1,0,3,1091.064,1486758233009,-1,-1,1090.931,1486758232878
8,1,2,0.3,1,3,0,1106.732,1486758248677,-1,-1,1106.599,1486758248544
8,2,2,0.3,1,3,2,1107.399,1486758249343,-1,-1,1107.265,1486758249213
8,3,2,0.3,1,1,0,1108.066,1486758250011,1108.465,1486758250410,1107.932,1486758249880
8,4,2,0.3,1,2,0,1108.732,1486758250677,-1,-1,1108.599,1486758250547
8,5,2,0.3,1,1,0,1109.399,1486758251344,1109.799,1486758251744,1109.265,1486758251213
8,6,2,0.3,1,0,2,1110.066,1486758252010,-1,-1,1109.932,1486758251880
8,7,2,0.3,1,2,2,1110.732,1486758252677,-1,-1,1110.599,1486758252546
8,8,2,0.3,1,2,0,1111.399,1486758253344,-1,-1,1111.266,1486758253213
8,9,2,0.3,0,1,2,1112.066,1486758254010,-1,-1,1111.932,1486758253880
8,10,2,0.3,0,1,0,1112.733,1486758254678,-1,-1,1112.599,1486758254546
8,11,2,0.3,1,0,3,1113.4,1486758255344,-1,-1,1113.266,1486758255213
8,12,2,0.3,1,0,1,1114.066,1486758256011,-1,-1,1113.932,1486758255881
8,13,2,0.3,1,0,2,1114.732,1486758256677,-1,-1,1114.599,1486758256546
8,14,2,0.3,1,0,0,1115.399,1486758257344,-1,-1,1115.266,1486758257213
8,15,2,0.3,1,2,0,1116.066,1486758258010,-1,-1,1115.932,1486758257880
8,16,2,0.3,1,2,2,1116.733,1486758258677,-1,-1,1116.599,1486758258546
8,17,2,0.3,1,0,1,1117.4,1486758259344,-1,-1,1117.266,1486758259214
8,18,2,0.3,1,2,0,1118.066,1486758260011,-1,-1,1117.933,1486758259880
8,19,2,0.3,0,1,1,1118.733,1486758260677,-1,-1,1118.599,1486758260546
8,20,2,0.3,0,1,0,1119.399,1486758261344,-1,-1,1119.266,1486758261213
8,21,2,0.3,1,0,2,1120.066,1486758262011,-1,-1,1119.933,1486758261881
8,22,2,0.3,1,0,3,1120.733,1486758262678,-1,-1,1120.6,1486758262547
8,1,2,0.3,1,3,3,1136.467,1486758278412,-1,-1,1136.334,1486758278279
8,2,2,0.3,1,3,2,1137.134,1486758279078,-1,-1,1137,1486758278948
8,3,2,0.3,1,2,2,1137.8,1486758279745,-1,-1,1137.667,1486758279615
8,4,2,0.3,1,0,3,1138.467,1486758280412,-1,-1,1138.334,1486758280281
8,5,2,0.3,1,1,2,1139.134,1486758281078,1139.534,1486758281479,1139,1486758280948
8,6,2,0.3,1,0,0,1139.801,1486758281745,-1,-1,1139.667,1486758281616
8,7,2,0.3,1,2,3,1140.467,1486758282412,-1,-1,1140.334,1486758282281
8,8,2,0.3,0,1,0,1141.134,1486758283079,-1,-1,1141.001,1486758282948
8,9,2,0.3,1,0,2,1141.801,1486758283745,-1,-1,1141.667,1486758283614
8,10,2,0.3,1,2,3,1142.467,1486758284412,-1,-1,1142.334,1486758284281
8,11,2,0.3,1,0,1,1143.134,1486758285079,-1,-1,1143.001,1486758284948
8,12,2,0.3,0,2,2,1143.801,1486758285745,1144.234,1486758286179,1143.667,1486758285614
8,13,2,0.3,1,2,2,1144.467,1486758286412,-1,-1,1144.334,1486758286281
8,14,2,0.3,1,1,2,1145.134,1486758287079,1145.568,1486758287513,1145.001,1486758286948
8,15,2,0.3,1,1,2,1145.801,1486758287745,1146.301,1486758288246,1145.667,1486758287615
8,16,2,0.3,0,1,2,1146.468,1486758288413,-1,-1,1146.334,1486758288281
8,17,2,0.3,1,2,3,1147.135,1486758289079,-1,-1,1147.001,1486758288948
8,18,2,0.3,1,0,0,1147.801,1486758289746,-1,-1,1147.668,1486758289616
8,19,2,0.3,1,1,3,1148.468,1486758290412,1148.901,1486758290846,1148.334,1486758290282
8,20,2,0.3,1,0,1,1149.134,1486758291079,-1,-1,1149.001,1486758290948
8,21,2,0.3,1,0,2,1149.801,1486758291746,-1,-1,1149.668,1486758291615
8,22,2,0.3,1,0,0,1150.468,1486758292412,-1,-1,1150.334,1486758292282
8,1,2,0.3,1,3,2,1166.202,1486758308147,-1,-1,1166.069,1486758308014
8,2,2,0.3,1,3,0,1166.869,1486758308813,-1,-1,1166.735,1486758308683
8,3,2,0.3,1,0,1,1167.535,1486758309480,-1,-1,1167.402,1486758309352
8,4,2,0.3,1,0,3,1168.202,1486758310147,-1,-1,1168.069,1486758310017
8,5,2,0.3,1,0,2,1168.869,1486758310813,-1,-1,1168.736,1486758310683
8,6,2,0.3,0,1,3,1169.535,1486758311480,-1,-1,1169.402,1486758311349
8,7,2,0.3,1,2,3,1170.202,1486758312147,-1,-1,1170.069,1486758312016
8,8,2,0.3,1,2,2,1170.869,1486758312814,-1,-1,1170.736,1486758312684
8,9,2,0.3,0,1,3,1171.536,1486758313480,-1,-1,1171.402,1486758313350
8,10,2,0.3,1,0,0,1172.203,1486758314147,-1,-1,1172.069,1486758314016
8,11,2,0.3,1,1,3,1172.869,1486758314814,1173.336,1486758315281,1172.736,1486758314684
8,12,2,0.3,1,2,3,1173.536,1486758315481,-1,-1,1173.402,1486758315350
8,13,2,0.3,1,0,2,1174.203,1486758316147,-1,-1,1174.069,1486758316017
8,14,2,0.3,1,1,3,1174.869,1486758316814,1175.336,1486758317281,1174.736,1486758316683
8,15,2,0.3,1,0,0,1175.536,1486758317480,-1,-1,1175.403,1486758317349
8,16,2,0.3,1,0,1,1176.203,1486758318147,-1,-1,1176.069,1486758318017
8,17,2,0.3,1,1,0,1176.869,1486758318814,1177.236,1486758319181,1176.737,1486758318683
8,18,2,0.3,1,1,1,1177.536,1486758319481,1177.97,1486758319914,1177.403,1486758319350
8,19,2,0.3,1,2,1,1178.203,1486758320147,-1,-1,1178.069,1486758320017
8,20,2,0.3,1,2,0,1178.869,1486758320814,-1,-1,1178.736,1486758320685
8,21,2,0.3,1,0,3,1179.536,1486758321481,-1,-1,1179.403,1486758321350
8,22,2,0.3,1,2,3,1180.203,1486758322147,-1,-1,1180.069,1486758322017
8,1,2,0.3,1,3,3,1195.937,1486758337882,-1,-1,1195.804,1486758337749
8,2,2,0.3,1,3,2,1196.537,1486758338482,-1,-1,1196.404,1486758338352
8,3,2,0.3,1,0,1,1197.137,1486758339082,-1,-1,1197.004,1486758338951
8,4,2,0.3,1,2,1,1197.737,1486758339682,-1,-1,1197.604,1486758339551
8,5,2,0.3,1,1,1,1198.337,1486758340282,1198.704,1486758340649,1198.204,1486758340152
8,6,2,0.3,1,0,0,1198.937,1486758340882,-1,-1,1198.804,1486758340751
8,7,2,0.3,1,0,3,1199.537,1486758341482,-1,-1,1199.404,1486758341351
8,8,2,0.3,1,1,0,1200.137,1486758342082,1200.571,1486758342516,1200.004,1486758341951
8,9,2,0.3,1,2,0,1200.737,1486758342682,-1,-1,1200.604,1486758342551
8,10,2,0.3,1,1,0,1201.337,1486758343282,1201.738,1486758343682,1201.204,1486758343151
8,11,2,0.3,1,0,1,1201.937,1486758343882,-1,-1,1201.804,1486758343751
8,12,2,0.3,1,0,3,1202.537,1486758344482,-1,-1,1202.404,1486758344351
8,13,2,0.3,1,2,3,1203.137,1486758345082,-1,-1,1203.004,1486758344952
8,14,2,0.3,1,2,1,1203.737,1486758345682,-1,-1,1203.604,1486758345552
8,15,2,0.3,1,0,2,1204.338,1486758346282,-1,-1,1204.204,1486758346152
8,16,2,0.3,1,1,1,1204.938,1486758346882,1205.404,1486758347349,1204.804,1486758346752
8,17,2,0.3,0,1,2,1205.537,1486758347482,-1,-1,1205.404,1486758347353
8,18,2,0.3,1,2,2,1206.138,1486758348083,-1,-1,1206.004,1486758347952
8,19,2,0.3,1,0,3,1206.738,1486758348682,-1,-1,1206.604,1486758348552
8,20,2,0.3,1,2,3,1207.338,1486758349282,-1,-1,1207.204,1486758349151
8,21,2,0.3,0,1,3,1207.938,1486758349883,-1,-1,1207.804,1486758349751
8,22,2,0.3,1,0,0,1208.538,1486758350482,-1,-1,1208.408,1486758350356
