%Recollect Version 2.3. Scene/Level: , Session: 10, GameNumber: 0
%Note: All true/false values are represented as "1" and "0" respectively.
%Damage:1,Player X Position,Player Y Position,Hearts Left,Time (Relative),Time (Absolute)
%LameBackObject:Algorithm Condition,Trial Number,Current N Level,Lure Rate,Is Correct,Stimulus Type,Stimulus Color,Presentation Time (R),Presentation Time (A),Response Time (R),Response Time (A),Expire Time (R),Expire Time (A)
%Possible values for "Color":Red=0,Blue=1,Green=2,Yellow=3,Purple=4,LightBlue=5,Brown=6,White=7,
%Possible values for "Type":NonTarget=0,Target=1,Lure=2,lessThanN=3,
6,1,2,0.3,1,3,4,4.753555,1487102715383,-1,-1,4.253521,1487102714883
6,2,2,0.3,1,3,0,7.787046,1487102718416,-1,-1,7.253683,1487102717887
6,3,2,0.3,1,2,0,10.82055,1487102721450,-1,-1,10.28781,1487102720919
6,4,2,0.3,1,0,7,13.82071,1487102724450,-1,-1,13.32069,1487102723952
6,5,2,0.3,1,2,7,16.85421,1487102727484,-1,-1,16.32122,1487102726953
6,6,2,0.3,1,2,0,19.85438,1487102730484,-1,-1,19.35436,1487102729987
6,7,2,0.3,1,1,7,22.85456,1487102733484,24.1214,1487102734751,22.35448,1487102732986
6,8,2,0.3,1,0,1,25.85472,1487102736484,-1,-1,25.35469,1487102735987
6,9,2,0.3,1,0,5,28.88824,1487102739517,-1,-1,28.35487,1487102738987
6,10,2,0.3,1,2,7,31.92182,1487102742552,-1,-1,31.38933,1487102742021
6,11,2,0.3,1,1,5,34.95524,1487102745584,36.45563,1487102747085,34.42188,1487102745054
6,12,2,0.3,1,2,5,37.95578,1487102748585,-1,-1,37.45538,1487102748087
6,13,2,0.3,1,0,1,41.023,1487102751652,-1,-1,40.45596,1487102751088
6,14,2,0.3,1,0,4,44.05575,1487102754685,-1,-1,43.55571,1487102754187
6,15,2,0.3,1,1,1,47.08926,1487102757718,48.62289,1487102759252,46.55589,1487102757187
6,16,2,0.3,1,1,4,50.12276,1487102760752,51.32322,1487102761952,49.58945,1487102760221
6,17,2,0.3,1,2,4,53.15634,1487102763785,-1,-1,52.62298,1487102763256
6,18,2,0.3,1,0,2,56.22312,1487102766852,-1,-1,55.65737,1487102766289
6,19,2,0.3,1,1,4,59.25731,1487102769886,60.75697,1487102771386,58.72333,1487102769355
6,20,2,0.3,1,0,5,62.29079,1487102772920,-1,-1,61.79008,1487102772422
6,21,2,0.3,1,0,7,65.32362,1487102775953,-1,-1,64.82358,1487102775455
6,22,2,0.3,1,1,5,68.32378,1487102778953,69.32399,1487102779953,67.82368,1487102778456
6,1,2,0,1,3,5,76.37431,1487102787003,-1,-1,75.84109,1487102786471
6,2,2,0,1,3,0,79.40771,1487102790037,-1,-1,78.87434,1487102789507
6,3,2,0,1,1,5,82.44131,1487102793070,83.54156,1487102794171,81.90789,1487102792541
6,4,2,0,1,1,0,85.44137,1487102796070,86.37494,1487102797004,84.94134,1487102795573
6,5,2,0,1,0,6,88.47553,1487102799105,-1,-1,87.94157,1487102798573
6,6,2,0,1,0,3,91.50842,1487102802137,-1,-1,91.00838,1487102801640
6,7,2,0,1,0,2,94.5086,1487102805138,-1,-1,94.00855,1487102804640
6,8,2,0,1,0,5,97.54218,1487102808171,-1,-1,97.00874,1487102807640
6,9,2,0,1,0,4,100.5428,1487102811172,-1,-1,100.0422,1487102810674
6,10,2,0,1,1,5,103.6091,1487102814238,105.0091,1487102815638,103.0757,1487102813708
6,11,2,0,1,1,4,106.6094,1487102817239,107.6763,1487102818306,106.1092,1487102816741
6,12,2,0,1,0,2,109.6428,1487102820272,-1,-1,109.1095,1487102819742
6,13,2,0,1,1,4,112.6763,1487102823305,113.4765,1487102824106,112.1429,1487102822774
6,14,2,0,1,0,6,115.7103,1487102826339,-1,-1,115.1768,1487102825809
6,15,2,0,1,1,4,118.7766,1487102829406,119.5433,1487102830173,118.2433,1487102828875
6,16,2,0,1,0,3,121.8101,1487102832439,-1,-1,121.2768,1487102831909
6,17,2,0,1,0,5,124.8777,1487102835507,-1,-1,124.3104,1487102834942
6,18,2,0,1,0,0,127.9105,1487102838540,-1,-1,127.4105,1487102838042
6,19,2,0,1,0,7,130.944,1487102841573,-1,-1,130.4107,1487102841042
6,20,2,0,1,0,4,134.0109,1487102844640,-1,-1,133.4442,1487102844076
6,21,2,0,1,0,1,137.0777,1487102847707,-1,-1,136.5114,1487102847143
6,22,2,0,1,0,3,140.1112,1487102850740,-1,-1,139.5787,1487102850213
6,1,2,0.3,1,3,1,146.9116,1487102857541,-1,-1,146.3783,1487102857008
6,2,2,0.3,1,3,6,149.9451,1487102860574,-1,-1,149.4117,1487102860043
6,3,2,0.3,1,2,6,153.0119,1487102863641,-1,-1,152.4452,1487102863077
6,4,2,0.3,1,0,5,156.0121,1487102866641,-1,-1,155.512,1487102866144
6,5,2,0.3,1,0,0,159.0456,1487102869675,-1,-1,158.5122,1487102869144
6,6,2,0.3,1,1,5,162.0791,1487102872708,163.1125,1487102873742,161.5456,1487102872177
6,7,2,0.3,1,0,1,165.1459,1487102875775,-1,-1,164.5793,1487102875211
6,8,2,0.3,1,1,5,168.1794,1487102878809,168.9128,1487102879542,167.6461,1487102878278
6,9,2,0.3,1,2,0,171.1796,1487102881809,-1,-1,170.6796,1487102881312
6,10,2,0.3,1,1,5,174.1799,1487102884809,175.1134,1487102885743,173.6799,1487102884311
6,11,2,0.3,1,2,1,177.2466,1487102887876,-1,-1,176.7132,1487102887345
6,12,2,0.3,1,1,5,180.2801,1487102890909,181.147,1487102891776,179.7467,1487102890379
6,13,2,0.3,1,0,6,183.3136,1487102893943,-1,-1,182.7803,1487102893412
6,14,2,0.3,1,1,5,186.3471,1487102896976,187.114,1487102897743,185.8137,1487102896445
6,15,2,0.3,1,0,3,189.3482,1487102899977,-1,-1,188.8472,1487102899479
6,16,2,0.3,1,2,3,192.4141,1487102903043,-1,-1,191.881,1487102902513
6,17,2,0.3,1,0,0,195.4143,1487102906043,-1,-1,194.9142,1487102905547
6,18,2,0.3,1,2,0,198.4478,1487102909077,-1,-1,197.9144,1487102908546
6,19,2,0.3,1,2,3,201.448,1487102912077,-1,-1,200.9479,1487102911580
6,20,2,0.3,1,0,7,204.4481,1487102915077,-1,-1,203.9481,1487102914581
6,21,2,0.3,1,0,1,207.482,1487102918111,-1,-1,206.9484,1487102917580
6,22,2,0.3,1,1,7,210.5154,1487102921144,211.4154,1487102922045,210.0151,1487102920647
6,1,2,0,1,3,4,227.4827,1487102938112,-1,-1,226.9498,1487102937580
6,2,2,0,1,3,1,230.5162,1487102941145,-1,-1,229.9829,1487102940614
6,3,2,0,1,0,0,233.5164,1487102944146,-1,-1,233.0164,1487102943648
6,4,2,0,1,0,6,236.55,1487102947179,-1,-1,236.0166,1487102946648
6,5,2,0,1,1,0,239.5506,1487102950180,240.5168,1487102951146,239.0501,1487102949682
6,6,2,0,1,0,5,242.6169,1487102953246,-1,-1,242.0837,1487102952715
6,7,2,0,1,0,1,245.6838,1487102956313,-1,-1,245.1173,1487102955750
6,8,2,0,1,0,2,248.7173,1487102959346,-1,-1,248.1839,1487102958816
6,9,2,0,1,1,1,251.7175,1487102962347,253.0511,1487102963680,251.2174,1487102961849
6,10,2,0,1,0,4,254.7516,1487102965381,-1,-1,254.2177,1487102964849
6,11,2,0,1,1,1,257.7845,1487102968414,258.8513,1487102969481,257.2844,1487102967916
6,12,2,0,1,0,5,260.818,1487102971447,-1,-1,260.2846,1487102970919
6,13,2,0,1,0,0,263.8515,1487102974481,-1,-1,263.3181,1487102973950
6,14,2,0,1,1,5,266.9183,1487102977547,267.8854,1487102978515,266.3517,1487102976984
6,15,2,0,1,1,0,269.9519,1487102980581,271.1519,1487102981781,269.4185,1487102980050
6,16,2,0,1,0,7,273.0186,1487102983648,-1,-1,272.4523,1487102983084
6,17,2,0,1,0,3,276.0189,1487102986648,-1,-1,275.5187,1487102986152
6,18,2,0,1,1,7,279.0856,1487102989715,280.1525,1487102990782,278.519,1487102989151
6,19,2,0,1,0,5,282.1198,1487102992749,-1,-1,281.586,1487102992218
6,20,2,0,1,0,4,285.1862,1487102995815,-1,-1,284.6529,1487102995285
6,21,2,0,1,0,6,288.2528,1487102998882,-1,-1,287.6863,1487102998318
6,22,2,0,1,0,3,291.2867,1487103001916,-1,-1,290.753,1487103001385
6,1,2,0.3,1,3,6,299.1203,1487103009749,-1,-1,298.587,1487103009217
6,2,2,0.3,1,3,5,302.1872,1487103012816,-1,-1,301.6208,1487103012252
6,3,2,0.3,1,2,5,305.1878,1487103015817,-1,-1,304.6872,1487103015320
6,4,2,0.3,1,1,5,308.254,1487103018883,309.3542,1487103019984,307.7207,1487103018352
6,5,2,0.3,1,2,1,311.2874,1487103021916,-1,-1,310.7541,1487103021386
6,6,2,0.3,1,0,7,314.3209,1487103024950,-1,-1,313.7876,1487103024422
6,7,2,0.3,1,1,1,317.3545,1487103027984,318.688,1487103029317,316.8211,1487103027453
6,8,2,0.3,1,2,1,320.3879,1487103031017,-1,-1,319.8546,1487103030488
6,9,2,0.3,1,0,6,323.3887,1487103034018,-1,-1,322.8881,1487103033520
6,10,2,0.3,1,0,2,326.4883,1487103037117,-1,-1,325.9217,1487103036553
6,11,2,0.3,1,0,3,329.5218,1487103040151,-1,-1,328.9885,1487103039622
6,12,2,0.3,1,1,2,332.5221,1487103043151,333.4554,1487103044085,332.022,1487103042654
6,13,2,0.3,1,0,1,335.5555,1487103046185,-1,-1,335.0221,1487103045654
6,14,2,0.3,1,0,0,338.589,1487103049218,-1,-1,338.0555,1487103048687
6,15,2,0.3,1,2,2,341.6559,1487103052285,-1,-1,341.0894,1487103051721
6,16,2,0.3,1,0,5,344.6894,1487103055318,-1,-1,344.156,1487103054788
6,17,2,0.3,1,0,3,347.7229,1487103058352,-1,-1,347.1895,1487103057823
6,18,2,0.3,1,2,2,350.7567,1487103061386,-1,-1,350.2231,1487103060855
6,19,2,0.3,1,1,3,353.8233,1487103064452,355.0566,1487103065686,353.2899,1487103063922
6,20,2,0.3,1,2,5,356.8235,1487103067453,-1,-1,356.3233,1487103066955
6,21,2,0.3,1,1,3,359.8903,1487103070519,361.4572,1487103072086,359.3568,1487103069989
6,22,2,0.3,1,1,5,362.957,1487103073586,364.0907,1487103074720,362.3904,1487103073023
6,1,2,0,1,3,7,371.9242,1487103082553,-1,-1,371.3911,1487103082021
6,2,2,0,1,3,5,374.9583,1487103085587,-1,-1,374.4245,1487103085056
6,3,2,0,1,1,7,378.0579,1487103088687,379.0913,1487103089721,377.4915,1487103088124
6,4,2,0,1,0,0,381.0923,1487103091721,-1,-1,380.558,1487103091191
6,5,2,0,1,0,6,384.1582,1487103094787,-1,-1,383.6248,1487103094256
6,6,2,0,1,0,4,387.192,1487103097821,-1,-1,386.6583,1487103097290
6,7,2,0,1,0,3,390.2586,1487103100888,-1,-1,389.692,1487103100325
6,8,2,0,1,0,5,393.3254,1487103103954,-1,-1,392.7593,1487103103391
6,9,2,0,1,1,3,396.3257,1487103106955,397.7256,1487103108355,395.8256,1487103106459
6,10,2,0,1,1,5,399.3591,1487103109988,400.5599,1487103111189,398.8262,1487103109458
6,11,2,0,1,0,6,402.3932,1487103113022,-1,-1,401.8592,1487103112491
6,12,2,0,1,0,2,405.4929,1487103116122,-1,-1,404.9265,1487103115558
6,13,2,0,1,0,0,408.5595,1487103119189,-1,-1,407.993,1487103118624
6,14,2,0,1,0,7,411.6266,1487103122256,-1,-1,411.0599,1487103121692
6,15,2,0,1,0,5,414.66,1487103125289,-1,-1,414.1599,1487103124791
6,16,2,0,1,1,7,417.6602,1487103128289,419.1602,1487103129789,417.1601,1487103127792
6,17,2,0,1,0,3,420.6607,1487103131290,-1,-1,420.1603,1487103130792
6,18,2,0,1,1,7,423.7605,1487103134390,424.8939,1487103135524,423.1937,1487103133825
6,19,2,0,1,0,1,426.7945,1487103137424,-1,-1,426.2606,1487103136892
6,20,2,0,1,0,2,429.8941,1487103140523,-1,-1,429.3275,1487103139961
6,21,2,0,1,1,1,432.9276,1487103143557,433.9282,1487103144558,432.3943,1487103143026
6,22,2,0,1,0,4,435.9612,1487103146590,-1,-1,435.4278,1487103146059
6,1,2,0,1,3,6,441.1615,1487103151791,-1,-1,440.5952,1487103151225
6,2,2,0,1,3,4,444.2283,1487103154857,-1,-1,443.6616,1487103154293
6,3,2,0,1,1,6,447.2618,1487103157891,448.2293,1487103158859,446.7284,1487103157360
6,4,2,0,1,0,1,450.2958,1487103160925,-1,-1,449.7619,1487103160393
6,5,2,0,1,0,7,453.3622,1487103163991,-1,-1,452.8288,1487103163460
6,6,2,0,1,0,5,456.3624,1487103166991,-1,-1,455.8623,1487103166496
6,7,2,0,1,0,2,459.3962,1487103170025,-1,-1,458.8631,1487103169496
6,8,2,0,1,0,0,462.4298,1487103173059,-1,-1,461.9292,1487103172561
6,9,2,0,1,0,6,465.4962,1487103176125,-1,-1,464.9628,1487103175594
6,10,2,0,1,0,1,468.5298,1487103179159,-1,-1,467.9962,1487103178628
6,11,2,0,1,0,7,471.5965,1487103182226,-1,-1,471.0301,1487103181663
6,12,2,0,1,1,1,474.63,1487103185259,475.597,1487103186226,474.0966,1487103184730
6,13,2,0,1,0,5,477.6968,1487103188326,-1,-1,477.1307,1487103187762
6,14,2,0,1,0,4,480.7303,1487103191359,-1,-1,480.197,1487103190829
6,15,2,0,1,1,5,483.7638,1487103194393,484.5982,1487103195228,483.2305,1487103193862
6,16,2,0,1,0,7,486.7973,1487103197426,-1,-1,486.264,1487103196896
6,17,2,0,1,0,1,489.8642,1487103200493,-1,-1,489.2975,1487103199929
6,18,2,0,1,1,7,492.9315,1487103203561,493.898,1487103204527,492.3643,1487103202996
6,19,2,0,1,0,2,496.0315,1487103206661,-1,-1,495.465,1487103206097
6,20,2,0,1,1,7,499.1314,1487103209760,500.0318,1487103210661,498.5647,1487103209197
6,21,2,0,1,0,4,502.1982,1487103212827,-1,-1,501.6316,1487103212264
6,22,2,0,1,1,7,505.2325,1487103215862,506.132,1487103216761,504.6983,1487103215332
6,1,2,0,1,3,4,510.5653,1487103221194,-1,-1,510.0323,1487103220662
6,2,2,0,1,3,6,513.5988,1487103224228,-1,-1,513.0654,1487103223698
6,3,2,0,1,0,0,516.6324,1487103227262,-1,-1,516.099,1487103226732
6,4,2,0,1,0,7,519.6993,1487103230328,-1,-1,519.1658,1487103229798
6,5,2,0,1,0,2,522.7993,1487103233428,-1,-1,522.2327,1487103232865
6,6,2,0,1,0,5,525.8329,1487103236462,-1,-1,525.2995,1487103235932
6,7,2,0,1,1,2,528.8998,1487103239529,529.8667,1487103240496,528.333,1487103238966
6,8,2,0,1,0,1,531.9005,1487103242530,-1,-1,531.3999,1487103242032
6,9,2,0,1,1,2,534.9668,1487103245596,535.9667,1487103246596,534.4332,1487103245066
6,10,2,0,1,1,1,538.0335,1487103248663,539.3344,1487103249964,537.4669,1487103248099
6,11,2,0,1,0,3,541.067,1487103251696,-1,-1,540.5337,1487103251165
6,12,2,0,1,0,6,544.1005,1487103254730,-1,-1,543.5672,1487103254199
6,13,2,0,1,0,0,547.1674,1487103257796,-1,-1,546.6008,1487103257233
6,14,2,0,1,1,6,550.201,1487103260830,551.1009,1487103261730,549.6675,1487103260300
6,15,2,0,1,0,4,553.2677,1487103263897,-1,-1,552.7015,1487103263333
6,16,2,0,1,0,3,556.3012,1487103266930,-1,-1,555.7679,1487103266400
6,17,2,0,1,0,2,559.368,1487103269997,-1,-1,558.8014,1487103269434
6,18,2,0,1,1,3,562.4017,1487103273031,563.1685,1487103273798,561.8681,1487103272500
6,19,2,0,1,0,1,565.4351,1487103276064,-1,-1,564.9017,1487103275534
6,20,2,0,1,1,3,568.4686,1487103279098,569.4689,1487103280098,567.9352,1487103278567
6,21,2,0,1,0,4,571.5354,1487103282165,-1,-1,570.9688,1487103281601
6,22,2,0,1,0,0,574.5696,1487103285199,-1,-1,574.0356,1487103284667
6,1,2,0,1,3,4,579.6025,1487103290232,-1,-1,579.0362,1487103289666
6,2,2,0,1,3,3,582.636,1487103293265,-1,-1,582.1027,1487103292735
6,3,2,0,1,0,2,585.7029,1487103296332,-1,-1,585.1362,1487103295768
6,4,2,0,1,0,6,588.7698,1487103299399,-1,-1,588.2035,1487103298836
6,5,2,0,1,0,4,591.8032,1487103302432,-1,-1,591.27,1487103301902
6,6,2,0,1,1,6,594.8367,1487103305466,595.637,1487103306266,594.3033,1487103304935
6,7,2,0,1,1,4,597.8704,1487103308499,598.9704,1487103309600,597.3369,1487103307970
6,8,2,0,1,0,3,600.9375,1487103311567,-1,-1,600.3705,1487103311002
6,9,2,0,1,1,4,604.0372,1487103314666,605.1707,1487103315800,603.4706,1487103314102
6,10,2,0,1,0,2,607.0708,1487103317700,-1,-1,606.5374,1487103317169
6,11,2,0,1,0,5,610.1376,1487103320767,-1,-1,609.5709,1487103320202
6,12,2,0,1,0,6,613.2047,1487103323834,-1,-1,612.6381,1487103323270
6,13,2,0,1,0,7,616.2712,1487103326900,-1,-1,615.7378,1487103326371
6,14,2,0,1,1,6,619.3047,1487103329934,620.705,1487103331334,618.772,1487103329404
6,15,2,0,1,0,2,622.3722,1487103333001,-1,-1,621.8049,1487103332437
6,16,2,0,1,0,4,625.4717,1487103336101,-1,-1,624.9052,1487103335536
6,17,2,0,1,0,5,628.5053,1487103339134,-1,-1,627.9719,1487103338604
6,18,2,0,1,0,3,631.5723,1487103342202,-1,-1,631.0057,1487103341639
6,19,2,0,1,0,1,634.639,1487103345268,-1,-1,634.0724,1487103344705
6,20,2,0,1,0,2,637.6733,1487103348302,-1,-1,637.139,1487103347771
6,21,2,0,0,1,1,640.7393,1487103351368,-1,-1,640.2059,1487103350838
6,22,2,0,1,1,2,643.7739,1487103354403,645.8065,1487103356437,643.2394,1487103353871
6,1,2,0,1,3,5,651.1566,1487103361786,-1,-1,650.6232,1487103361253
6,2,2,0,1,3,0,654.1901,1487103364820,-1,-1,653.6567,1487103364288
6,3,2,0,1,0,3,657.2236,1487103367853,-1,-1,656.6902,1487103367322
6,4,2,0,1,1,0,660.2573,1487103370886,661.0908,1487103371720,659.7237,1487103370357
6,5,2,0,1,0,5,663.3572,1487103373986,-1,-1,662.7906,1487103373422
6,6,2,0,1,1,0,666.4241,1487103377053,667.6579,1487103378288,665.8575,1487103376491
6,7,2,0,1,1,5,669.4909,1487103380120,670.492,1487103381121,668.9243,1487103379557
6,8,2,0,1,0,2,672.5578,1487103383187,-1,-1,671.9918,1487103382623
6,9,2,0,0,1,5,675.6246,1487103386254,-1,-1,675.0579,1487103385690
6,10,2,0,1,0,1,678.6585,1487103389288,-1,-1,678.1248,1487103388757
6,11,2,0,1,0,4,681.725,1487103392354,-1,-1,681.1916,1487103391825
6,12,2,0,1,0,3,684.7585,1487103395388,-1,-1,684.2251,1487103394857
6,13,2,0,1,1,4,687.7921,1487103398421,688.7587,1487103399388,687.2586,1487103397891
6,14,2,0,1,0,0,690.8588,1487103401488,-1,-1,690.3254,1487103400957
6,15,2,0,1,0,1,693.8595,1487103404489,-1,-1,693.3589,1487103403991
6,16,2,0,1,1,0,696.9598,1487103407589,698.0258,1487103408655,696.3925,1487103407024
6,17,2,0,1,0,5,700.0259,1487103410655,-1,-1,699.4926,1487103410125
6,18,2,0,1,0,6,703.0599,1487103413689,-1,-1,702.5261,1487103413158
6,19,2,0,1,0,3,706.1263,1487103416755,-1,-1,705.56,1487103416192
6,20,2,0,1,0,2,709.1599,1487103419789,-1,-1,708.6265,1487103419259
6,21,2,0,1,0,4,712.2266,1487103422856,-1,-1,711.66,1487103422292
6,22,2,0,1,0,5,715.2603,1487103425889,-1,-1,714.7268,1487103425360
6,1,2,0,1,3,2,721.3606,1487103431990,-1,-1,720.7941,1487103431424
6,2,2,0,1,3,0,724.4274,1487103435056,-1,-1,723.861,1487103434493
6,3,2,0,1,1,2,727.5275,1487103438157,728.5279,1487103439157,726.9614,1487103437593
6,4,2,0,1,0,3,730.561,1487103441190,-1,-1,730.0276,1487103440660
6,5,2,0,1,0,1,733.6279,1487103444257,-1,-1,733.0613,1487103443693
6,6,2,0,1,0,6,736.6946,1487103447324,-1,-1,736.1284,1487103446760
6,7,2,0,1,0,5,739.7284,1487103450357,-1,-1,739.1949,1487103449828
6,8,2,0,1,0,2,742.795,1487103453424,-1,-1,742.2294,1487103452861
6,9,2,0,1,0,3,745.8619,1487103456491,-1,-1,745.2952,1487103455927
6,10,2,0,1,0,1,748.9287,1487103459558,-1,-1,748.3621,1487103458995
6,11,2,0,1,1,3,751.9955,1487103462625,753.2291,1487103463858,751.4289,1487103462061
6,12,2,0,1,0,4,755.0291,1487103465658,-1,-1,754.4957,1487103465127
6,13,2,0,1,0,0,758.0626,1487103468692,-1,-1,757.5292,1487103468161
6,14,2,0,0,1,4,761.1295,1487103471759,-1,-1,760.5627,1487103471194
6,15,2,0,1,0,2,764.1962,1487103474825,-1,-1,763.6296,1487103474264
6,16,2,0,1,0,7,767.263,1487103477892,-1,-1,766.6983,1487103477337
6,17,2,0,1,0,5,770.2967,1487103480926,-1,-1,769.7667,1487103480400
6,18,2,0,1,1,7,773.33,1487103483959,774.03,1487103484659,772.7968,1487103483430
6,19,2,0,1,0,6,776.3643,1487103486993,-1,-1,775.8303,1487103486462
6,20,2,0,1,0,4,779.4644,1487103490093,-1,-1,778.8978,1487103489530
6,21,2,0,1,1,6,782.5307,1487103493160,783.3643,1487103493994,781.9979,1487103492631
6,22,2,0,1,1,4,785.5641,1487103496193,786.7641,1487103497393,785.0308,1487103495663
6,1,2,0,1,3,3,790.1978,1487103500827,-1,-1,789.6645,1487103500294
6,2,2,0,1,3,4,793.2313,1487103503860,-1,-1,792.6979,1487103503330
6,3,2,0,0,1,3,796.2981,1487103506927,-1,-1,795.7315,1487103506365
6,4,2,0,1,0,6,799.3655,1487103509995,-1,-1,798.7982,1487103509431
6,5,2,0,1,0,0,802.3986,1487103513028,-1,-1,801.8984,1487103512530
6,6,2,0,1,0,7,805.4989,1487103516128,-1,-1,804.932,1487103515564
6,7,2,0,1,0,5,808.5654,1487103519195,-1,-1,808.0321,1487103518664
6,8,2,0,1,1,7,811.6011,1487103522230,812.8994,1487103523529,811.0656,1487103521699
6,9,2,0,1,0,6,814.6325,1487103525262,-1,-1,814.1324,1487103524765
6,10,2,0,1,0,1,817.6993,1487103528328,-1,-1,817.1328,1487103527764
6,11,2,0,1,0,3,820.7328,1487103531362,-1,-1,820.1994,1487103530832
6,12,2,0,1,1,1,823.7663,1487103534395,824.9332,1487103535563,823.2329,1487103533865
6,13,2,0,1,1,3,826.8331,1487103537462,827.9006,1487103538530,826.2664,1487103536899
6,14,2,0,1,1,1,829.9004,1487103540529,831.3,1487103541929,829.3333,1487103539967
6,15,2,0,1,0,2,832.9335,1487103543563,-1,-1,832.4006,1487103543033
6,16,2,0,1,0,6,835.967,1487103546596,-1,-1,835.4336,1487103546066
6,17,2,0,1,0,0,839.0005,1487103549630,-1,-1,838.4671,1487103549099
6,18,2,0,1,0,7,842.0341,1487103552663,-1,-1,841.5007,1487103552132
6,19,2,0,1,0,4,845.1008,1487103555730,-1,-1,844.5674,1487103555200
6,20,2,0,1,0,1,848.1343,1487103558764,-1,-1,847.601,1487103558233
6,21,2,0,1,0,2,851.1678,1487103561797,-1,-1,850.6345,1487103561266
6,22,2,0,1,1,1,854.2014,1487103564830,855.4014,1487103566031,853.668,1487103564300
6,1,2,0,1,3,6,860.035,1487103570664,-1,-1,859.4683,1487103570098
6,2,2,0,1,3,3,863.1018,1487103573731,-1,-1,862.5352,1487103573169
6,3,2,0,1,0,1,866.1353,1487103576764,-1,-1,865.6021,1487103576234
6,4,2,0,1,0,7,869.1688,1487103579798,-1,-1,868.6355,1487103579267
6,5,2,0,1,1,1,872.2023,1487103582831,873.3358,1487103583965,871.669,1487103582300
6,6,2,0,1,1,7,875.2699,1487103585899,876.3359,1487103586965,874.7031,1487103585335
6,7,2,0,1,0,6,878.3694,1487103589000,-1,-1,877.8032,1487103588436
6,8,2,0,1,0,3,881.403,1487103592032,-1,-1,880.8695,1487103591502
6,9,2,0,1,0,0,884.503,1487103595132,-1,-1,883.9363,1487103594568
6,10,2,0,1,0,4,887.5035,1487103598133,-1,-1,887.0032,1487103597635
6,11,2,0,1,1,0,890.6033,1487103601232,891.937,1487103602566,890.0367,1487103600668
6,12,2,0,1,0,7,893.6039,1487103604233,-1,-1,893.1035,1487103603736
6,13,2,0,1,1,0,896.704,1487103607333,897.7038,1487103608333,896.1373,1487103606770
6,14,2,0,1,1,7,899.8041,1487103610433,901.3376,1487103611967,899.2373,1487103609869
6,15,2,0,1,0,1,902.9043,1487103613533,-1,-1,902.3376,1487103612969
6,16,2,0,1,0,5,906.0047,1487103616634,-1,-1,905.4379,1487103616069
6,17,2,0,1,0,2,909.105,1487103619734,-1,-1,908.5383,1487103619170
6,18,2,0,1,0,0,912.1714,1487103622801,-1,-1,911.6385,1487103622271
6,19,2,0,1,0,7,915.2381,1487103625867,-1,-1,914.7047,1487103625337
6,20,2,0,1,0,3,918.2716,1487103628901,-1,-1,917.7382,1487103628370
6,21,2,0,1,0,1,921.3383,1487103631967,-1,-1,920.7719,1487103631404
6,22,2,0,1,1,3,924.3392,1487103634968,925.6057,1487103636235,923.8386,1487103634470
6,1,2,0,1,3,4,942.7399,1487103653369,-1,-1,942.173,1487103652802
6,2,2,0,1,3,3,945.8398,1487103656469,-1,-1,945.2731,1487103655905
6,3,2,0,1,0,6,948.9067,1487103659536,-1,-1,948.3402,1487103658973
6,4,2,0,1,1,3,951.9402,1487103662569,953.074,1487103663703,951.4068,1487103662039
6,5,2,0,1,1,6,955.007,1487103665636,956.1407,1487103666770,954.4404,1487103665073
6,6,2,0,1,0,5,958.0739,1487103668703,-1,-1,957.5073,1487103668139
6,7,2,0,1,1,6,961.1407,1487103671770,961.8408,1487103672470,960.5743,1487103671206
6,8,2,0,1,1,5,964.2075,1487103674837,965.5076,1487103676137,963.641,1487103674273
6,9,2,0,1,0,7,967.2412,1487103677870,-1,-1,966.7076,1487103677340
6,10,2,0,1,0,0,970.3079,1487103680937,-1,-1,969.7744,1487103680406
6,11,2,0,1,1,7,973.3413,1487103683970,974.4417,1487103685071,972.808,1487103683441
6,12,2,0,1,0,4,976.3752,1487103687004,-1,-1,975.8417,1487103686473
6,13,2,0,1,0,3,979.4424,1487103690071,-1,-1,978.9083,1487103689542
6,14,2,0,1,0,2,982.5085,1487103693138,-1,-1,981.9752,1487103692607
6,15,2,0,1,0,1,985.5422,1487103696171,-1,-1,985.0093,1487103695641
6,16,2,0,1,0,7,988.6089,1487103699238,-1,-1,988.0423,1487103698676
6,17,2,0,1,0,5,991.6757,1487103702305,-1,-1,991.1098,1487103701742
6,18,2,0,1,0,4,994.7427,1487103705372,-1,-1,994.1759,1487103704808
6,19,2,0,1,1,5,997.8093,1487103708438,998.8104,1487103709440,997.2428,1487103707874
6,20,2,0,1,0,6,1000.876,1487103711505,-1,-1,1000.31,1487103710942
6,21,2,0,1,0,2,1003.943,1487103714572,-1,-1,1003.376,1487103714008
6,22,2,0,1,0,7,1006.977,1487103717606,-1,-1,1006.444,1487103717076
6,1,2,0,1,3,0,1012.41,1487103723039,-1,-1,1011.844,1487103722474
6,2,2,0,1,3,6,1015.444,1487103726073,-1,-1,1014.911,1487103725543
6,3,2,0,1,0,1,1018.477,1487103729107,-1,-1,1017.944,1487103728576
6,4,2,0,1,1,6,1021.544,1487103732174,1022.577,1487103733207,1021.011,1487103731644
6,5,2,0,1,0,2,1024.611,1487103735240,-1,-1,1024.045,1487103734676
6,6,2,0,1,0,5,1027.645,1487103738274,-1,-1,1027.111,1487103737743
6,7,2,0,1,0,7,1030.711,1487103741340,-1,-1,1030.145,1487103740776
6,8,2,0,1,0,4,1033.745,1487103744374,-1,-1,1033.212,1487103743844
6,9,2,0,1,1,7,1036.779,1487103747408,1037.645,1487103748274,1036.245,1487103746878
6,10,2,0,1,0,0,1039.845,1487103750474,-1,-1,1039.312,1487103749944
6,11,2,0,1,0,2,1042.879,1487103753508,-1,-1,1042.345,1487103752977
6,12,2,0,1,0,1,1045.946,1487103756575,-1,-1,1045.379,1487103756010
6,13,2,0,1,1,2,1048.979,1487103759608,1051.346,1487103761975,1048.446,1487103759077
6,14,2,0,1,1,1,1052.079,1487103762708,1052.912,1487103763542,1051.512,1487103762144
6,15,2,0,1,0,7,1055.146,1487103765775,-1,-1,1054.579,1487103765212
6,16,2,0,1,0,0,1058.18,1487103768809,-1,-1,1057.646,1487103768278
6,17,2,0,1,1,7,1061.246,1487103771875,1063.047,1487103773676,1060.68,1487103771311
6,18,2,0,1,0,5,1064.28,1487103774909,-1,-1,1063.747,1487103774378
6,19,2,0,1,0,6,1067.313,1487103777942,-1,-1,1066.78,1487103777412
6,20,2,0,1,1,5,1070.38,1487103781009,1071.681,1487103782310,1069.814,1487103780446
6,21,2,0,1,0,3,1073.414,1487103784043,-1,-1,1072.881,1487103783513
6,22,2,0,1,0,0,1076.481,1487103787110,-1,-1,1075.947,1487103786579
6,1,2,0,1,3,4,1085.048,1487103795677,-1,-1,1084.514,1487103795144
6,2,2,0,1,3,0,1088.115,1487103798744,-1,-1,1087.548,1487103798181
6,3,2,0,1,0,1,1091.215,1487103801844,-1,-1,1090.648,1487103801280
6,4,2,0,1,0,3,1094.249,1487103804878,-1,-1,1093.715,1487103804347
6,5,2,0,1,1,1,1097.315,1487103807944,1098.082,1487103808711,1096.782,1487103807414
6,6,2,0,1,1,3,1100.349,1487103810978,1101.149,1487103811778,1099.815,1487103810448
6,7,2,0,1,0,6,1103.415,1487103814044,-1,-1,1102.849,1487103813481
6,8,2,0,1,0,4,1106.449,1487103817078,-1,-1,1105.917,1487103816548
6,9,2,0,1,0,0,1109.516,1487103820145,-1,-1,1108.949,1487103819581
6,10,2,0,0,1,4,1112.583,1487103823212,-1,-1,1112.016,1487103822648
6,11,2,0,1,0,7,1115.616,1487103826245,-1,-1,1115.083,1487103825714
6,12,2,0,1,0,1,1118.683,1487103829312,-1,-1,1118.116,1487103828748
6,13,2,0,1,0,6,1121.75,1487103832379,-1,-1,1121.183,1487103831814
6,14,2,0,1,1,1,1124.783,1487103835412,1126.85,1487103837480,1124.25,1487103834882
6,15,2,0,1,0,0,1127.85,1487103838479,-1,-1,1127.317,1487103837949
6,16,2,0,1,0,5,1130.917,1487103841546,-1,-1,1130.384,1487103841015
6,17,2,0,1,1,0,1133.951,1487103844580,1134.951,1487103845580,1133.417,1487103844049
6,18,2,0,1,0,7,1136.984,1487103847613,-1,-1,1136.451,1487103847083
6,19,2,0,0,1,0,1140.051,1487103850680,-1,-1,1139.484,1487103850116
6,20,2,0,0,0,2,1143.084,1487103853713,1143.185,1487103853814,1142.551,1487103853183
6,21,2,0,1,0,6,1146.151,1487103856780,-1,-1,1145.584,1487103856217
6,22,2,0,1,0,5,1149.218,1487103859847,-1,-1,1148.651,1487103859283
6,1,2,0,1,3,7,1155.218,1487103865847,-1,-1,1154.652,1487103865282
6,2,2,0,1,3,3,1158.285,1487103868914,-1,-1,1157.719,1487103868351
6,3,2,0,0,1,7,1161.319,1487103871948,-1,-1,1160.785,1487103871419
6,4,2,0,1,0,0,1164.385,1487103875014,-1,-1,1163.819,1487103874451
6,5,2,0,1,0,4,1167.419,1487103878048,-1,-1,1166.886,1487103877517
6,6,2,0,1,0,6,1170.519,1487103881148,-1,-1,1169.953,1487103880584
6,7,2,0,1,0,5,1173.586,1487103884215,-1,-1,1173.019,1487103883651
6,8,2,0,1,0,1,1176.653,1487103887282,-1,-1,1176.12,1487103886753
6,9,2,0,1,1,5,1179.72,1487103890349,1181.02,1487103891649,1179.153,1487103889785
6,10,2,0,1,0,0,1182.787,1487103893416,-1,-1,1182.22,1487103892852
6,11,2,0,1,1,5,1185.853,1487103896483,1186.72,1487103897349,1185.32,1487103895952
6,12,2,0,1,0,7,1188.887,1487103899516,-1,-1,1188.354,1487103898986
6,13,2,0,1,1,5,1191.921,1487103902550,1193.12,1487103903750,1191.387,1487103902019
6,14,2,0,1,0,6,1194.954,1487103905583,-1,-1,1194.421,1487103905055
6,15,2,0,1,1,5,1197.987,1487103908616,1199.455,1487103910084,1197.454,1487103908086
6,16,2,0,1,1,6,1201.088,1487103911717,1202.055,1487103912684,1200.521,1487103911152
6,17,2,0,1,0,7,1204.188,1487103914817,-1,-1,1203.621,1487103914253
6,18,2,0,1,0,1,1207.221,1487103917850,-1,-1,1206.688,1487103917319
6,19,2,0,1,0,0,1210.288,1487103920917,-1,-1,1209.721,1487103920354
6,20,2,0,1,0,2,1213.322,1487103923951,-1,-1,1212.788,1487103923421
6,21,2,0,1,0,6,1216.388,1487103927017,-1,-1,1215.822,1487103926454
6,22,2,0,1,0,3,1219.422,1487103930051,-1,-1,1218.889,1487103929522
