%Recollect Version 2.3. Scene/Level: , Session: 4, GameNumber: 0
%Note: All true/false values are represented as "1" and "0" respectively.
%Damage:1,Player X Position,Player Y Position,Hearts Left,Time (Relative),Time (Absolute)
%LameBackObject:Algorithm Condition,Trial Number,Current N Level,Lure Rate,Is Correct,Stimulus Type,Stimulus Color,Presentation Time (R),Presentation Time (A),Response Time (R),Response Time (A),Expire Time (R),Expire Time (A)
%Possible values for "Color":Red=0,Blue=1,Green=2,Yellow=3,Purple=4,LightBlue=5,Brown=6,White=7,
%Possible values for "Type":NonTarget=0,Target=1,Lure=2,lessThanN=3,
8,1,2,0.3,1,3,6,9.787594,1487696692253,-1,-1,9.254139,1487696691721
8,2,2,0.3,1,3,1,12.85413,1487696695320,-1,-1,12.32082,1487696694789
8,3,2,0.3,1,1,6,15.88768,1487696698354,16.92136,1487696699387,15.35434,1487696697823
8,4,2,0.3,1,2,6,18.95453,1487696701420,-1,-1,18.38836,1487696700856
8,5,2,0.3,1,1,6,21.98804,1487696704454,22.5549,1487696705021,21.45467,1487696703923
8,6,2,0.3,1,0,2,24.98821,1487696707454,-1,-1,24.48809,1487696706957
8,7,2,0.3,1,0,4,28.022,1487696710488,-1,-1,27.48829,1487696709958
8,8,2,0.3,1,2,6,31.12205,1487696713588,-1,-1,30.55529,1487696713024
8,9,2,0.3,1,2,6,34.15537,1487696716621,-1,-1,33.62222,1487696716091
8,10,2,0.3,1,0,0,37.15556,1487696719621,-1,-1,36.65553,1487696719124
8,11,2,0.3,1,2,0,40.15573,1487696722622,-1,-1,39.6557,1487696722125
8,12,2,0.3,1,1,0,43.18936,1487696725655,43.98913,1487696726455,42.65593,1487696725124
8,13,2,0.3,1,0,5,46.22273,1487696728689,-1,-1,45.68938,1487696728158
8,14,2,0.3,1,1,0,49.25624,1487696731722,50.22334,1487696732689,48.72298,1487696731191
8,15,2,0.3,1,2,0,52.2898,1487696734756,-1,-1,51.75638,1487696734225
8,16,2,0.3,1,1,0,55.32325,1487696737789,56.75697,1487696739223,54.78997,1487696737259
8,17,2,0.3,1,2,5,58.32401,1487696740790,-1,-1,57.82339,1487696740292
8,18,2,0.3,1,0,6,61.35693,1487696743823,-1,-1,60.8569,1487696743325
8,19,2,0.3,1,1,5,64.35709,1487696746823,65.25738,1487696747723,63.85706,1487696746325
8,20,2,0.3,1,0,1,67.42393,1487696749890,-1,-1,66.85764,1487696749326
8,21,2,0.3,1,0,4,70.42417,1487696752890,-1,-1,69.92408,1487696752394
8,22,2,0.3,1,0,3,73.42427,1487696755890,-1,-1,72.92422,1487696755392
8,1,2,0.3,1,3,2,77.77452,1487696760240,-1,-1,77.27449,1487696759741
8,2,2,0.3,1,3,0,80.54142,1487696763007,-1,-1,80.04131,1487696762511
8,3,2,0.3,1,2,0,83.30877,1487696765775,-1,-1,82.80841,1487696765277
8,4,2,0.3,1,0,3,86.07498,1487696768541,-1,-1,85.57494,1487696768043
8,5,2,0.3,0,1,0,88.8418,1487696771308,-1,-1,88.34177,1487696770811
8,6,2,0.3,1,2,0,91.6086,1487696774074,-1,-1,91.10858,1487696773577
8,7,2,0.3,0,2,3,94.37643,1487696776842,95.07545,1487696777541,93.87546,1487696776345
8,8,2,0.3,1,0,4,97.14227,1487696779608,-1,-1,96.64285,1487696779111
8,9,2,0.3,1,0,5,99.90921,1487696782375,-1,-1,99.40906,1487696781878
8,10,2,0.3,1,2,0,102.6759,1487696785142,-1,-1,102.1758,1487696784644
8,11,2,0.3,1,0,1,105.4428,1487696787909,-1,-1,104.9427,1487696787411
8,12,2,0.3,1,1,0,108.2096,1487696790675,108.9432,1487696791409,107.7096,1487696790179
8,13,2,0.3,1,0,7,110.9764,1487696793442,-1,-1,110.4765,1487696792945
8,14,2,0.3,1,1,0,113.7432,1487696796209,114.6099,1487696797076,113.2431,1487696795711
8,15,2,0.3,1,0,5,116.5103,1487696798976,-1,-1,116.0101,1487696798478
8,16,2,0.3,1,2,5,119.2768,1487696801743,-1,-1,118.7768,1487696801245
8,17,2,0.3,1,0,2,122.0437,1487696804509,-1,-1,121.5436,1487696804013
8,18,2,0.3,1,1,5,124.8104,1487696807276,126.244,1487696808710,124.3106,1487696806779
8,19,2,0.3,1,0,6,127.5773,1487696810043,-1,-1,127.0774,1487696809546
8,20,2,0.3,1,1,5,130.3441,1487696812810,131.2784,1487696813744,129.8445,1487696812313
8,21,2,0.3,1,1,6,133.1113,1487696815578,134.1779,1487696816644,132.611,1487696815079
8,22,2,0.3,1,2,6,135.8778,1487696818344,-1,-1,135.3778,1487696817848
8,1,2,0.3,1,3,2,139.6113,1487696822077,-1,-1,139.1779,1487696821644
8,2,2,0.3,1,3,4,142.0781,1487696824544,-1,-1,141.6447,1487696824113
8,3,2,0.3,1,2,4,144.5449,1487696827011,-1,-1,144.1116,1487696826580
8,4,2,0.3,1,1,4,147.0118,1487696829478,147.8452,1487696830311,146.5785,1487696829047
8,5,2,0.3,1,2,6,149.4785,1487696831944,-1,-1,149.0452,1487696831515
8,6,2,0.3,1,1,4,151.9455,1487696834411,152.6123,1487696835078,151.5121,1487696833980
8,7,2,0.3,1,2,4,154.4121,1487696836878,-1,-1,153.9788,1487696836447
8,8,2,0.3,1,0,5,156.879,1487696839345,-1,-1,156.4455,1487696838914
8,9,2,0.3,1,1,4,159.3457,1487696841812,160.0127,1487696842479,158.9124,1487696841381
8,10,2,0.3,1,0,7,161.8126,1487696844278,-1,-1,161.3792,1487696843848
8,11,2,0.3,1,2,7,164.2794,1487696846745,-1,-1,163.846,1487696846314
8,12,2,0.3,1,0,3,166.7462,1487696849212,-1,-1,166.3128,1487696848781
8,13,2,0.3,1,1,7,169.213,1487696851679,169.8802,1487696852346,168.7797,1487696851249
8,14,2,0.3,1,0,2,171.6798,1487696854146,-1,-1,171.2465,1487696853715
8,15,2,0.3,0,2,3,174.1466,1487696856612,174.9133,1487696857379,173.7132,1487696856184
8,16,2,0.3,1,0,0,176.614,1487696859080,-1,-1,176.1801,1487696858648
8,17,2,0.3,1,1,3,179.0802,1487696861546,179.7139,1487696862180,178.6467,1487696861114
8,18,2,0.3,1,1,0,181.547,1487696864013,182.2471,1487696864713,181.1136,1487696863582
8,19,2,0.3,1,0,5,184.0138,1487696866480,-1,-1,183.5804,1487696866049
8,20,2,0.3,1,0,4,186.4806,1487696868946,-1,-1,186.0473,1487696868516
8,21,2,0.3,1,0,6,188.948,1487696871414,-1,-1,188.5143,1487696870983
8,22,2,0.3,1,2,5,191.4142,1487696873880,-1,-1,190.9809,1487696873449
8,1,2,0.3,1,3,0,194.9144,1487696877380,-1,-1,194.5147,1487696876981
8,2,2,0.3,1,3,1,197.1479,1487696879614,-1,-1,196.7479,1487696879217
8,3,2,0.3,1,2,1,199.3814,1487696881847,-1,-1,198.9813,1487696881450
8,4,2,0.3,1,1,1,201.6153,1487696884081,202.3482,1487696884814,201.2148,1487696883684
8,5,2,0.3,1,0,7,203.8482,1487696886314,-1,-1,203.4482,1487696885918
8,6,2,0.3,1,2,7,206.0818,1487696888548,-1,-1,205.6817,1487696888150
8,7,2,0.3,1,0,2,208.3152,1487696890781,-1,-1,207.9152,1487696890384
8,8,2,0.3,1,2,1,210.5487,1487696893014,-1,-1,210.1486,1487696892617
8,9,2,0.3,1,0,5,212.7821,1487696895248,-1,-1,212.3821,1487696894851
8,10,2,0.3,0,1,1,215.0158,1487696897482,-1,-1,214.6156,1487696897084
8,11,2,0.3,1,1,5,217.2508,1487696899717,217.2826,1487696899749,216.849,1487696899318
8,12,2,0.3,1,0,3,219.4826,1487696901948,-1,-1,219.0824,1487696901551
8,13,2,0.3,1,0,4,221.716,1487696904182,-1,-1,221.3159,1487696903784
8,14,2,0.3,1,0,7,223.95,1487696906416,-1,-1,223.5497,1487696906018
8,15,2,0.3,1,2,5,226.1831,1487696908649,-1,-1,225.7828,1487696908253
8,16,2,0.3,1,2,5,228.4163,1487696910882,-1,-1,228.0163,1487696910485
8,17,2,0.3,1,0,0,230.65,1487696913116,-1,-1,230.2498,1487696912719
8,18,2,0.3,1,2,7,232.8831,1487696915349,-1,-1,232.4839,1487696914952
8,19,2,0.3,1,1,0,235.1168,1487696917583,235.717,1487696918183,234.7167,1487696917185
8,20,2,0.3,0,1,7,237.3502,1487696919816,-1,-1,236.9501,1487696919419
8,21,2,0.3,1,1,0,239.5843,1487696922050,240.4507,1487696922917,239.1836,1487696921652
8,22,2,0.3,1,0,2,241.8171,1487696924283,-1,-1,241.417,1487696923885
8,1,2,0.3,1,3,7,244.9514,1487696927417,-1,-1,244.6175,1487696927084
8,2,2,0.3,1,3,1,246.9507,1487696929417,-1,-1,246.6186,1487696929088
8,3,2,0.3,1,0,6,248.9509,1487696931417,-1,-1,248.6174,1487696931086
8,4,2,0.3,1,2,6,250.9512,1487696933417,-1,-1,250.6176,1487696933086
8,5,2,0.3,1,0,5,252.951,1487696935417,-1,-1,252.6177,1487696935086
8,6,2,0.3,1,0,3,254.9512,1487696937417,-1,-1,254.6178,1487696937088
8,7,2,0.3,1,0,7,256.9518,1487696939418,-1,-1,256.6179,1487696939086
8,8,2,0.3,1,2,5,258.9514,1487696941417,-1,-1,258.618,1487696941086
8,9,2,0.3,1,1,7,260.9516,1487696943417,261.8182,1487696944284,260.6181,1487696943086
8,10,2,0.3,1,0,1,262.9516,1487696945417,-1,-1,262.6183,1487696945087
8,11,2,0.3,1,0,3,264.9521,1487696947418,-1,-1,264.6184,1487696947087
8,12,2,0.3,1,1,1,266.9519,1487696949418,267.5857,1487696950052,266.6184,1487696949087
8,13,2,0.3,1,0,0,268.952,1487696951418,-1,-1,268.6186,1487696951087
8,14,2,0.3,1,1,1,270.9521,1487696953418,271.7853,1487696954251,270.6187,1487696953087
8,15,2,0.3,1,2,1,272.9523,1487696955418,-1,-1,272.6188,1487696955087
8,16,2,0.3,0,2,0,274.9524,1487696957418,275.819,1487696958285,274.6189,1487696957088
8,17,2,0.3,0,2,0,276.9526,1487696959418,278.3527,1487696960819,276.619,1487696959087
8,18,2,0.3,1,1,0,278.9525,1487696961418,279.6194,1487696962085,278.6193,1487696961088
8,19,2,0.3,1,1,0,280.9525,1487696963418,282.0862,1487696964552,280.6193,1487696963089
8,20,2,0.3,1,2,7,282.9527,1487696965419,-1,-1,282.6196,1487696965088
8,21,2,0.3,1,0,4,284.9531,1487696967419,-1,-1,284.6195,1487696967088
8,22,2,0.3,1,1,7,286.9529,1487696969419,287.9864,1487696970453,286.6196,1487696969090
8,1,2,0.3,1,3,5,289.7864,1487696972252,-1,-1,289.4531,1487696971920
8,2,2,0.3,1,3,6,291.6201,1487696974086,-1,-1,291.2865,1487696973756
8,3,2,0.3,0,1,5,293.4537,1487696975919,-1,-1,293.1201,1487696975588
8,4,2,0.3,1,1,6,295.2868,1487696977753,296.0868,1487696978553,294.9534,1487696977422
8,5,2,0.3,1,0,7,297.1206,1487696979586,-1,-1,296.7869,1487696979257
8,6,2,0.3,1,2,7,298.9537,1487696981420,-1,-1,298.6204,1487696981090
8,7,2,0.3,1,0,1,300.787,1487696983253,-1,-1,300.4537,1487696982922
8,8,2,0.3,1,2,1,302.6205,1487696985086,-1,-1,302.2872,1487696984756
8,9,2,0.3,1,0,3,304.4539,1487696986920,-1,-1,304.1208,1487696986590
8,10,2,0.3,1,2,7,306.2874,1487696988753,-1,-1,305.9551,1487696988423
8,11,2,0.3,1,0,2,308.1208,1487696990587,-1,-1,307.7876,1487696990257
8,12,2,0.3,1,0,6,309.9543,1487696992420,-1,-1,309.6219,1487696992089
8,13,2,0.3,0,2,3,311.7877,1487696994253,312.4544,1487696994920,311.4543,1487696993923
8,14,2,0.3,1,2,7,313.6211,1487696996087,-1,-1,313.2878,1487696995757
8,15,2,0.3,1,0,5,315.4546,1487696997920,-1,-1,315.1212,1487696997591
8,16,2,0.3,1,0,4,317.288,1487696999754,-1,-1,316.9547,1487696999423
8,17,2,0.3,1,1,5,319.1214,1487697001587,319.9214,1487697002387,318.7881,1487697001256
8,18,2,0.3,0,0,6,320.9549,1487697003421,321.8885,1487697004355,320.6216,1487697003090
8,19,2,0.3,1,1,5,322.7884,1487697005254,323.455,1487697005921,322.455,1487697004923
8,20,2,0.3,1,1,6,324.6217,1487697007088,325.7555,1487697008221,324.2884,1487697006758
8,21,2,0.3,1,2,6,326.4552,1487697008921,-1,-1,326.1219,1487697008590
8,22,2,0.3,1,1,6,328.2887,1487697010755,329.1555,1487697011622,327.9552,1487697010425
8,1,2,0.3,1,3,6,330.956,1487697013422,-1,-1,330.6223,1487697013089
8,2,2,0.3,1,3,1,332.7889,1487697015255,-1,-1,332.4555,1487697014924
8,3,2,0.3,1,1,6,334.6226,1487697017088,335.1559,1487697017622,334.2889,1487697016757
8,4,2,0.3,1,1,1,336.4557,1487697018922,337.1225,1487697019589,336.1224,1487697018591
8,5,2,0.3,1,1,6,338.2892,1487697020755,338.9894,1487697021455,337.9558,1487697020424
8,6,2,0.3,1,1,1,340.1226,1487697022588,340.6561,1487697023122,339.7898,1487697022259
8,7,2,0.3,1,2,1,341.9561,1487697024422,-1,-1,341.6226,1487697024091
8,8,2,0.3,1,2,6,343.7895,1487697026255,-1,-1,343.4561,1487697025925
8,9,2,0.3,1,1,1,345.6229,1487697028089,346.4899,1487697028956,345.2896,1487697027758
8,10,2,0.3,1,0,7,347.4564,1487697029922,-1,-1,347.123,1487697029591
8,11,2,0.3,1,2,7,349.2898,1487697031756,-1,-1,348.9565,1487697031426
8,12,2,0.3,1,0,3,351.1232,1487697033589,-1,-1,350.7901,1487697033258
8,13,2,0.3,0,2,3,352.9567,1487697035422,353.7901,1487697036256,352.6233,1487697035092
8,14,2,0.3,0,2,7,354.7902,1487697037256,355.6236,1487697038090,354.4568,1487697036925
8,15,2,0.3,1,1,3,356.6244,1487697039090,357.2236,1487697039690,356.2902,1487697038758
8,16,2,0.3,1,0,4,358.457,1487697040923,-1,-1,358.1236,1487697040593
8,17,2,0.3,1,0,2,360.2905,1487697042756,-1,-1,359.9571,1487697042425
8,18,2,0.3,1,0,5,362.1238,1487697044590,-1,-1,361.7905,1487697044259
8,19,2,0.3,1,0,7,363.9573,1487697046423,-1,-1,363.624,1487697046092
8,20,2,0.3,1,2,7,365.7908,1487697048257,-1,-1,365.4574,1487697047926
8,21,2,0.3,1,0,6,367.6242,1487697050090,-1,-1,367.2908,1487697049759
8,22,2,0.3,1,0,4,369.4576,1487697051923,-1,-1,369.1242,1487697051593
8,1,2,0.3,1,3,6,372.1577,1487697054624,-1,-1,371.8578,1487697054325
8,2,2,0.3,1,3,0,373.7911,1487697056257,-1,-1,373.4911,1487697055962
8,3,2,0.3,1,0,1,375.4246,1487697057890,-1,-1,375.1246,1487697057593
8,4,2,0.3,1,2,1,377.0581,1487697059524,-1,-1,376.758,1487697059226
8,5,2,0.3,1,1,1,378.6915,1487697061157,379.325,1487697061792,378.3914,1487697060860
8,6,2,0.3,1,0,4,380.3249,1487697062791,-1,-1,380.0249,1487697062493
8,7,2,0.3,1,1,1,381.9587,1487697064425,383.2253,1487697065691,381.6583,1487697064128
8,8,2,0.3,0,1,4,383.5917,1487697066058,-1,-1,383.2917,1487697065760
8,9,2,0.3,1,0,2,385.2252,1487697067691,-1,-1,384.9251,1487697067394
8,10,2,0.3,1,2,2,386.8593,1487697069325,-1,-1,386.5586,1487697069028
8,11,2,0.3,1,0,5,388.4921,1487697070958,-1,-1,388.1922,1487697070660
8,12,2,0.3,1,2,4,390.1254,1487697072591,-1,-1,389.8254,1487697072294
8,13,2,0.3,1,0,7,391.7589,1487697074225,-1,-1,391.4588,1487697073927
8,14,2,0.3,1,1,4,393.3923,1487697075858,393.9593,1487697076425,393.0923,1487697075560
8,15,2,0.3,1,1,7,395.0258,1487697077492,396.2593,1487697078725,394.7258,1487697077195
8,16,2,0.3,1,0,6,396.6593,1487697079125,-1,-1,396.3591,1487697078827
8,17,2,0.3,1,0,1,398.2928,1487697080759,-1,-1,397.9926,1487697080461
8,18,2,0.3,1,0,3,399.926,1487697082392,-1,-1,399.6259,1487697082094
8,19,2,0.3,1,1,1,401.5594,1487697084025,402.3928,1487697084859,401.2594,1487697083728
8,20,2,0.3,1,2,1,403.1928,1487697085659,-1,-1,402.8928,1487697085362
8,21,2,0.3,0,2,3,404.8263,1487697087292,405.6599,1487697088126,404.5262,1487697086995
8,22,2,0.3,0,2,3,406.4596,1487697088925,407.0599,1487697089526,406.1603,1487697088628
8,1,2,0.3,1,3,6,408.8933,1487697091359,-1,-1,408.5931,1487697091060
8,2,2,0.3,1,3,0,410.5267,1487697092992,-1,-1,410.2266,1487697092695
8,3,2,0.3,1,2,0,412.1601,1487697094626,-1,-1,411.8601,1487697094328
8,4,2,0.3,1,2,3,413.7934,1487697096259,-1,-1,413.4934,1487697095962
8,5,2,0.3,1,0,7,415.4268,1487697097893,-1,-1,415.1274,1487697097596
8,6,2,0.3,1,1,3,417.0604,1487697099526,417.6937,1487697100160,416.7607,1487697099231
8,7,2,0.3,1,0,4,418.6937,1487697101160,-1,-1,418.3937,1487697100862
8,8,2,0.3,1,1,3,420.3271,1487697102793,420.994,1487697103460,420.0282,1487697102496
8,9,2,0.3,1,2,7,421.9605,1487697104426,-1,-1,421.6605,1487697104129
8,10,2,0.3,1,0,5,423.594,1487697106060,-1,-1,423.2939,1487697105762
8,11,2,0.3,0,1,7,425.2274,1487697107693,-1,-1,424.9274,1487697107397
8,12,2,0.3,1,2,7,426.8608,1487697109327,-1,-1,426.5609,1487697109029
8,13,2,0.3,1,0,0,428.4942,1487697110960,-1,-1,428.1947,1487697110663
8,14,2,0.3,1,0,3,430.1277,1487697112594,-1,-1,429.8277,1487697112296
8,15,2,0.3,1,2,3,431.7611,1487697114227,-1,-1,431.4611,1487697113929
8,16,2,0.3,1,1,3,433.3945,1487697115861,434.0949,1487697116561,433.0945,1487697115563
8,17,2,0.3,1,1,3,435.028,1487697117494,435.7281,1487697118194,434.728,1487697117196
8,18,2,0.3,1,2,7,436.6613,1487697119127,-1,-1,436.3613,1487697118830
8,19,2,0.3,1,0,5,438.2985,1487697120764,-1,-1,437.9948,1487697120463
8,20,2,0.3,1,0,4,439.9282,1487697122394,-1,-1,439.6282,1487697122097
8,21,2,0.3,1,1,5,441.5616,1487697124027,442.4619,1487697124928,441.2617,1487697123730
8,22,2,0.3,1,0,2,443.1951,1487697125661,-1,-1,442.8951,1487697125363
8,1,2,0.3,1,3,2,445.5619,1487697128028,-1,-1,445.2952,1487697127762
8,2,2,0.3,1,3,7,447.0285,1487697129494,-1,-1,446.762,1487697129232
8,3,2,0.3,1,1,2,448.4954,1487697130961,449.2624,1487697131728,448.2287,1487697130697
8,4,2,0.3,1,0,4,449.9621,1487697132428,-1,-1,449.6955,1487697132164
8,5,2,0.3,1,0,3,451.4289,1487697133895,-1,-1,451.1624,1487697133631
8,6,2,0.3,1,0,6,452.8958,1487697135362,-1,-1,452.6289,1487697135097
8,7,2,0.3,1,1,3,454.3625,1487697136828,455.1962,1487697137662,454.0957,1487697136564
8,8,2,0.3,1,0,0,455.8291,1487697138295,-1,-1,455.5624,1487697138031
8,9,2,0.3,1,1,3,457.2959,1487697139762,458.0626,1487697140529,457.0292,1487697139498
8,10,2,0.3,1,0,1,458.7628,1487697141229,-1,-1,458.4959,1487697140964
8,11,2,0.3,1,2,1,460.2294,1487697142695,-1,-1,459.9627,1487697142431
8,12,2,0.3,1,1,1,461.6961,1487697144162,462.3963,1487697144863,461.4294,1487697143898
8,13,2,0.3,1,0,7,463.163,1487697145629,-1,-1,462.8967,1487697145365
8,14,2,0.3,1,2,7,464.6296,1487697147095,-1,-1,464.3628,1487697146831
8,15,2,0.3,1,1,7,466.0973,1487697148563,466.6298,1487697149096,465.8297,1487697148299
8,16,2,0.3,1,2,1,467.5631,1487697150029,-1,-1,467.2965,1487697149765
8,17,2,0.3,1,0,6,469.03,1487697151496,-1,-1,468.7639,1487697151232
8,18,2,0.3,1,0,5,470.4966,1487697152962,-1,-1,470.23,1487697152698
8,19,2,0.3,0,1,6,471.9634,1487697154429,-1,-1,471.6967,1487697154165
8,20,2,0.3,1,2,1,473.4302,1487697155896,-1,-1,473.1635,1487697155635
8,21,2,0.3,0,2,1,474.8968,1487697157363,475.6309,1487697158097,474.6341,1487697157102
8,22,2,0.3,1,2,6,476.3636,1487697158829,-1,-1,476.097,1487697158565
8,1,2,0.3,1,3,6,478.5974,1487697161063,-1,-1,478.3304,1487697160797
8,2,2,0.3,1,3,7,480.0638,1487697162530,-1,-1,479.7971,1487697162266
8,3,2,0.3,1,0,0,481.5307,1487697163997,-1,-1,481.2644,1487697163733
8,4,2,0.3,1,2,0,482.9972,1487697165463,-1,-1,482.7306,1487697165199
8,5,2,0.3,1,2,7,484.4641,1487697166930,-1,-1,484.1974,1487697166666
8,6,2,0.3,0,1,0,485.9308,1487697168397,-1,-1,485.6641,1487697168133
8,7,2,0.3,1,0,1,487.3976,1487697169863,-1,-1,487.1318,1487697169601
8,8,2,0.3,1,0,2,488.8643,1487697171331,-1,-1,488.5975,1487697171067
8,9,2,0.3,1,1,1,490.3311,1487697172797,490.9979,1487697173464,490.0644,1487697172532
8,10,2,0.3,1,0,7,491.7979,1487697174264,-1,-1,491.5313,1487697174000
8,11,2,0.3,1,2,7,493.2646,1487697175730,-1,-1,492.9979,1487697175468
8,12,2,0.3,1,1,7,494.7313,1487697177197,495.2647,1487697177731,494.4645,1487697176933
8,13,2,0.3,1,2,1,496.1982,1487697178664,-1,-1,495.9315,1487697178400
8,14,2,0.3,1,0,4,497.6648,1487697180131,-1,-1,497.3981,1487697179867
8,15,2,0.3,1,2,4,499.1317,1487697181597,-1,-1,498.8649,1487697181333
8,16,2,0.3,1,0,3,500.5983,1487697183064,-1,-1,500.3317,1487697182802
8,17,2,0.3,1,1,4,502.0652,1487697184531,502.6987,1487697185165,501.7984,1487697184267
8,18,2,0.3,1,1,3,503.5318,1487697185998,504.3318,1487697186798,503.2651,1487697185733
8,19,2,0.3,1,1,4,504.9988,1487697187465,505.8318,1487697188298,504.7319,1487697187201
8,20,2,0.3,1,0,7,506.4653,1487697188931,-1,-1,506.1986,1487697188667
8,21,2,0.3,1,0,6,507.9321,1487697190398,-1,-1,507.6655,1487697190136
8,22,2,0.3,1,2,6,509.3989,1487697191865,-1,-1,509.1321,1487697191601
8,1,2,0.3,1,3,1,511.6323,1487697194098,-1,-1,511.3989,1487697193865
8,2,2,0.3,1,3,0,512.9658,1487697195432,-1,-1,512.7324,1487697195201
8,3,2,0.3,1,0,3,514.2991,1487697196765,-1,-1,514.0657,1487697196534
8,4,2,0.3,1,2,3,515.6326,1487697198098,-1,-1,515.3992,1487697197868
8,5,2,0.3,1,0,2,516.9659,1487697199432,-1,-1,516.7325,1487697199201
8,6,2,0.3,1,1,3,518.2993,1487697200765,518.9327,1487697201399,518.0659,1487697200534
8,7,2,0.3,1,1,2,519.6328,1487697202099,520.2994,1487697202765,519.3994,1487697201869
8,8,2,0.3,1,0,7,520.9661,1487697203432,-1,-1,520.7327,1487697203201
8,9,2,0.3,1,1,2,522.2996,1487697204765,522.9331,1487697205399,522.0663,1487697204536
8,10,2,0.3,1,1,7,523.6329,1487697206099,524.3665,1487697206833,523.3996,1487697205868
8,11,2,0.3,1,1,2,524.9665,1487697207432,525.6669,1487697208133,524.733,1487697207201
8,12,2,0.3,1,0,1,526.2997,1487697208766,-1,-1,526.0664,1487697208536
8,13,2,0.3,1,0,4,527.6332,1487697210099,-1,-1,527.3998,1487697209868
8,14,2,0.3,1,1,1,528.9665,1487697211432,529.767,1487697212231,528.7332,1487697211202
8,15,2,0.3,1,2,1,530.3,1487697212761,-1,-1,530.0667,1487697212532
8,16,2,0.3,1,0,2,531.6334,1487697214090,-1,-1,531.4001,1487697213860
8,17,2,0.3,1,2,4,532.9668,1487697215417,-1,-1,532.7335,1487697215188
8,18,2,0.3,1,2,4,534.3003,1487697216746,-1,-1,534.0669,1487697216516
8,19,2,0.3,1,2,1,535.6334,1487697218073,-1,-1,535.4003,1487697217844
8,20,2,0.3,1,0,5,536.9673,1487697219402,-1,-1,536.7338,1487697219173
8,21,2,0.3,1,0,7,538.3004,1487697220730,-1,-1,538.0671,1487697220501
8,22,2,0.3,1,2,4,539.6339,1487697222059,-1,-1,539.4006,1487697221828
8,1,2,0.3,1,3,7,542.2672,1487697224686,-1,-1,542.0341,1487697224453
8,2,2,0.3,1,3,4,543.5008,1487697225919,-1,-1,543.2674,1487697225688
8,3,2,0.3,1,0,1,544.7341,1487697227153,-1,-1,544.5009,1487697226923
8,4,2,0.3,1,0,6,545.9677,1487697228386,-1,-1,545.7342,1487697228155
8,5,2,0.3,1,0,7,547.201,1487697229619,-1,-1,546.9682,1487697229390
8,6,2,0.3,0,1,6,548.4177,1487697230836,-1,-1,548.1843,1487697230605
8,7,2,0.3,0,0,0,549.6512,1487697232070,549.7515,1487697232170,549.4177,1487697231839
8,8,2,0.3,1,2,7,550.8844,1487697233303,-1,-1,550.6511,1487697233072
8,9,2,0.3,1,1,0,552.1179,1487697234536,552.8185,1487697235237,551.8845,1487697234307
8,10,2,0.3,1,0,3,553.3513,1487697235770,-1,-1,553.1182,1487697235539
8,11,2,0.3,1,1,0,554.5848,1487697237003,555.2184,1487697237637,554.3521,1487697236773
8,12,2,0.3,1,2,7,555.8181,1487697238236,-1,-1,555.5848,1487697238007
8,13,2,0.3,1,2,7,557.0515,1487697239470,-1,-1,556.8182,1487697239239
8,14,2,0.3,1,2,3,558.2849,1487697240703,-1,-1,558.0519,1487697240473
8,15,2,0.3,1,0,6,559.5182,1487697241937,-1,-1,559.285,1487697241706
8,16,2,0.3,1,0,2,560.7518,1487697243170,-1,-1,560.5184,1487697242941
8,17,2,0.3,1,0,4,561.985,1487697244403,-1,-1,561.7525,1487697244173
8,18,2,0.3,1,2,4,563.2185,1487697245637,-1,-1,562.9852,1487697245407
8,19,2,0.3,1,2,6,564.4519,1487697246870,-1,-1,564.2186,1487697246640
8,20,2,0.3,0,1,4,565.6853,1487697248104,-1,-1,565.452,1487697247873
8,21,2,0.3,0,1,6,566.9187,1487697249337,-1,-1,566.6854,1487697249109
8,22,2,0.3,1,1,4,568.1522,1487697250571,569.1525,1487697251571,567.9188,1487697250340
8,1,2,0.3,1,3,5,570.2189,1487697252637,-1,-1,569.9855,1487697252405
8,2,2,0.3,1,3,0,571.4523,1487697253871,-1,-1,571.2189,1487697253640
8,3,2,0.3,0,1,5,572.6857,1487697255104,-1,-1,572.4523,1487697254873
8,4,2,0.3,0,2,5,573.9191,1487697256337,574.5193,1487697256938,573.6857,1487697256107
8,5,2,0.3,1,1,5,575.1525,1487697257571,575.686,1487697258105,574.9192,1487697257340
8,6,2,0.3,0,2,0,576.3859,1487697258804,576.986,1487697259405,576.1526,1487697258574
8,7,2,0.3,1,0,7,577.6193,1487697260038,-1,-1,577.386,1487697259807
8,8,2,0.3,0,2,5,578.8528,1487697261271,579.3527,1487697261771,578.6194,1487697261041
8,9,2,0.3,1,0,1,580.0861,1487697262504,-1,-1,579.8528,1487697262274
8,10,2,0.3,1,0,3,581.3195,1487697263738,-1,-1,581.0862,1487697263507
8,11,2,0.3,1,2,7,582.5529,1487697264971,-1,-1,582.3196,1487697264741
8,12,2,0.3,0,1,3,583.7863,1487697266205,-1,-1,583.5531,1487697265976
8,13,2,0.3,1,0,0,585.0197,1487697267438,-1,-1,584.7863,1487697267207
8,14,2,0.3,0,1,3,586.2531,1487697268671,-1,-1,586.0198,1487697268441
8,15,2,0.3,1,2,3,587.4866,1487697269905,-1,-1,587.2532,1487697269675
8,16,2,0.3,0,1,3,588.7201,1487697271139,-1,-1,588.4866,1487697270908
8,17,2,0.3,1,0,7,589.9534,1487697272372,-1,-1,589.7202,1487697272142
8,18,2,0.3,1,1,3,591.1866,1487697273605,591.5538,1487697273973,590.9534,1487697273374
8,19,2,0.3,0,2,3,592.4202,1487697274839,592.9535,1487697275372,592.1868,1487697274608
8,20,2,0.3,1,0,2,593.6537,1487697276072,-1,-1,593.4202,1487697275841
8,21,2,0.3,1,0,0,594.887,1487697277305,-1,-1,594.6536,1487697277074
8,22,2,0.3,1,0,4,596.1205,1487697278539,-1,-1,595.887,1487697278309
8,1,2,0.3,1,3,3,598.0872,1487697280506,-1,-1,597.8539,1487697280273
8,2,2,0.3,1,3,7,599.4207,1487697281839,-1,-1,599.1872,1487697281608
8,3,2,0.3,0,1,3,600.7539,1487697283172,-1,-1,600.5207,1487697282942
8,4,2,0.3,0,2,3,602.0873,1487697284506,602.6874,1487697285106,601.854,1487697284276
8,5,2,0.3,0,0,5,603.4208,1487697285839,603.989,1487697286408,603.1874,1487697285608
8,6,2,0.3,1,2,7,604.754,1487697287172,-1,-1,604.5208,1487697286942
8,7,2,0.3,1,1,5,606.0876,1487697288506,606.9882,1487697289407,605.8542,1487697288275
8,8,2,0.3,0,1,7,607.4212,1487697289840,-1,-1,607.1877,1487697289610
8,9,2,0.3,1,0,1,608.7544,1487697291173,-1,-1,608.5215,1487697290943
8,10,2,0.3,0,2,1,610.0884,1487697292507,610.6215,1487697293040,609.8545,1487697292276
8,11,2,0.3,1,1,1,611.4219,1487697293840,611.9879,1487697294406,611.1879,1487697293610
8,12,2,0.3,1,0,0,612.7546,1487697295173,-1,-1,612.5214,1487697294942
8,13,2,0.3,1,0,4,614.088,1487697296506,-1,-1,613.8547,1487697296277
8,14,2,0.3,1,2,4,615.4214,1487697297840,-1,-1,615.1881,1487697297609
8,15,2,0.3,1,0,3,616.7549,1487697299173,-1,-1,616.5215,1487697298943
8,16,2,0.3,1,0,5,618.0883,1487697300507,-1,-1,617.8549,1487697300276
8,17,2,0.3,0,2,4,619.4222,1487697301841,620.355,1487697302774,619.1884,1487697301609
8,18,2,0.3,1,0,6,620.7551,1487697303173,-1,-1,620.5217,1487697302943
8,19,2,0.3,1,1,4,622.0885,1487697304507,622.8221,1487697305241,621.8552,1487697304277
8,20,2,0.3,1,1,6,623.422,1487697305840,624.1224,1487697306541,623.1885,1487697305610
8,21,2,0.3,0,0,7,624.7552,1487697307174,625.3555,1487697307774,624.5219,1487697306943
8,22,2,0.3,1,2,7,626.0887,1487697308507,-1,-1,625.8553,1487697308276
8,1,2,0.3,1,3,3,628.1555,1487697310574,-1,-1,627.889,1487697310308
8,2,2,0.3,1,3,1,629.6223,1487697312041,-1,-1,629.3555,1487697311776
8,3,2,0.3,1,0,4,631.0892,1487697313508,-1,-1,630.8223,1487697313243
8,4,2,0.3,1,0,3,632.5557,1487697314974,-1,-1,632.2891,1487697314711
8,5,2,0.3,1,2,1,634.0231,1487697316442,-1,-1,633.7558,1487697316177
8,6,2,0.3,1,1,3,635.4893,1487697317908,636.2562,1487697318675,635.2226,1487697317644
8,7,2,0.3,1,0,7,636.956,1487697319374,-1,-1,636.6892,1487697319110
8,8,2,0.3,1,2,1,638.423,1487697320841,-1,-1,638.1561,1487697320577
8,9,2,0.3,1,1,7,639.8897,1487697322308,640.4565,1487697322875,639.6228,1487697322044
8,10,2,0.3,1,1,1,641.3563,1487697323775,642.0563,1487697324475,641.0895,1487697323511
8,11,2,0.3,1,0,5,642.823,1487697325241,-1,-1,642.5563,1487697324977
8,12,2,0.3,1,2,7,644.2898,1487697326708,-1,-1,644.023,1487697326444
8,13,2,0.3,1,2,1,645.7567,1487697328176,-1,-1,645.4898,1487697327911
8,14,2,0.3,0,2,5,647.2233,1487697329642,647.79,1487697330209,646.9565,1487697329378
8,15,2,0.3,1,0,0,648.6901,1487697331108,-1,-1,648.4233,1487697330844
8,16,2,0.3,1,2,1,650.1567,1487697332575,-1,-1,649.8906,1487697332311
8,17,2,0.3,0,1,0,651.6235,1487697334042,-1,-1,651.3569,1487697333779
8,18,2,0.3,1,0,6,653.0906,1487697335509,-1,-1,652.8235,1487697335245
8,19,2,0.3,1,0,5,654.5577,1487697336976,-1,-1,654.2904,1487697336711
8,20,2,0.3,0,1,6,656.0237,1487697338442,-1,-1,655.757,1487697338178
8,21,2,0.3,1,1,5,657.4905,1487697339909,658.291,1487697340710,657.2238,1487697339645
8,22,2,0.3,1,0,7,658.9572,1487697341376,-1,-1,658.6907,1487697341113
8,1,2,0.3,1,3,1,661.2406,1487697343659,-1,-1,660.9742,1487697343393
8,2,2,0.3,1,3,7,662.7075,1487697345126,-1,-1,662.4409,1487697344861
8,3,2,0.3,1,1,1,664.1742,1487697346593,664.9408,1487697347359,663.9075,1487697346328
8,4,2,0.3,1,1,7,665.6411,1487697348059,666.3077,1487697348726,665.3743,1487697347795
8,5,2,0.3,1,2,7,667.1077,1487697349527,-1,-1,666.8412,1487697349262
8,6,2,0.3,1,0,6,668.5745,1487697350993,-1,-1,668.3077,1487697350729
8,7,2,0.3,1,1,7,670.0414,1487697352460,670.8748,1487697353293,669.7746,1487697352196
8,8,2,0.3,1,0,0,671.5079,1487697353926,-1,-1,671.2413,1487697353662
8,9,2,0.3,1,2,0,672.9748,1487697355393,-1,-1,672.708,1487697355129
8,10,2,0.3,1,2,6,674.4415,1487697356860,-1,-1,674.1747,1487697356596
8,11,2,0.3,1,0,4,675.9082,1487697358327,-1,-1,675.6415,1487697358062
8,12,2,0.3,1,0,1,677.3749,1487697359793,-1,-1,677.1083,1487697359529
8,13,2,0.3,1,0,3,678.8417,1487697361260,-1,-1,678.575,1487697360997
8,14,2,0.3,1,1,1,680.3084,1487697362727,680.8754,1487697363294,680.0418,1487697362463
8,15,2,0.3,1,2,1,681.7755,1487697364194,-1,-1,681.5086,1487697363930
8,16,2,0.3,1,0,5,683.2419,1487697365660,-1,-1,682.9756,1487697365396
8,17,2,0.3,1,1,1,684.7087,1487697367127,685.2753,1487697367694,684.442,1487697366863
8,18,2,0.3,0,1,5,686.1754,1487697368594,-1,-1,685.9088,1487697368331
8,19,2,0.3,1,2,5,687.6422,1487697370061,-1,-1,687.3755,1487697369797
8,20,2,0.3,0,2,1,689.1089,1487697371527,689.9427,1487697372361,688.8426,1487697371264
8,21,2,0.3,1,0,6,690.5762,1487697372995,-1,-1,690.309,1487697372730
8,22,2,0.3,1,0,4,692.0424,1487697374461,-1,-1,691.7758,1487697374197
8,1,2,0.3,1,3,3,694.2092,1487697376628,-1,-1,693.976,1487697376395
8,2,2,0.3,1,3,5,695.5426,1487697377961,-1,-1,695.3094,1487697377731
8,3,2,0.3,1,0,6,696.876,1487697379294,-1,-1,696.6427,1487697379064
8,4,2,0.3,1,0,0,698.2094,1487697380628,-1,-1,697.9763,1487697380398
8,5,2,0.3,1,0,7,699.5428,1487697381961,-1,-1,699.3094,1487697381730
8,6,2,0.3,1,1,0,700.8763,1487697383295,701.8763,1487697384295,700.6428,1487697383064
8,7,2,0.3,1,0,4,702.2097,1487697384628,-1,-1,701.9763,1487697384398
8,8,2,0.3,0,2,7,703.5431,1487697385961,704.5103,1487697386929,703.31,1487697385731
8,9,2,0.3,1,0,2,704.8764,1487697387295,-1,-1,704.6432,1487697387065
8,10,2,0.3,1,1,7,706.2106,1487697388629,707.0433,1487697389462,705.9766,1487697388397
8,11,2,0.3,1,2,4,707.5433,1487697389962,-1,-1,707.3099,1487697389731
8,12,2,0.3,1,2,2,708.8767,1487697391295,-1,-1,708.6435,1487697391064
8,13,2,0.3,1,0,1,710.2106,1487697392629,-1,-1,709.9767,1487697392398
8,14,2,0.3,1,1,2,711.544,1487697393962,712.2105,1487697394629,711.3102,1487697393731
8,15,2,0.3,1,1,1,712.8769,1487697395295,713.5771,1487697395996,712.6436,1487697395065
8,16,2,0.3,1,2,1,714.2103,1487697396629,-1,-1,713.977,1487697396398
8,17,2,0.3,1,2,2,715.5438,1487697397962,-1,-1,715.3104,1487697397731
8,18,2,0.3,1,1,1,716.8777,1487697399296,717.6439,1487697400062,716.6438,1487697399065
8,19,2,0.3,1,1,2,718.2106,1487697400629,718.8439,1487697401263,717.9772,1487697400398
8,20,2,0.3,1,0,3,719.5439,1487697401962,-1,-1,719.3107,1487697401732
8,21,2,0.3,1,0,6,720.8774,1487697403296,-1,-1,720.644,1487697403065
8,22,2,0.3,1,2,6,722.2112,1487697404630,-1,-1,721.9773,1487697404399
8,1,2,0.3,1,3,6,724.2776,1487697406696,-1,-1,724.0454,1487697406464
8,2,2,0.3,1,3,5,725.511,1487697407929,-1,-1,725.2776,1487697407699
8,3,2,0.3,1,1,6,726.7445,1487697409163,727.3777,1487697409796,726.5111,1487697408932
8,4,2,0.3,1,2,6,727.9778,1487697410396,-1,-1,727.7444,1487697410165
8,5,2,0.3,1,1,6,729.2113,1487697411630,729.9449,1487697412363,728.9778,1487697411399
8,6,2,0.3,1,0,7,730.4446,1487697412864,-1,-1,730.2112,1487697412632
8,7,2,0.3,1,0,0,731.678,1487697414096,-1,-1,731.4446,1487697413865
8,8,2,0.3,1,0,4,732.9114,1487697415330,-1,-1,732.678,1487697415099
8,9,2,0.3,1,0,2,734.1448,1487697416563,-1,-1,733.9116,1487697416332
8,10,2,0.3,0,1,4,735.3782,1487697417797,-1,-1,735.145,1487697417567
8,11,2,0.3,1,2,0,736.6115,1487697419030,-1,-1,736.3783,1487697418799
8,12,2,0.3,1,1,4,737.845,1487697420263,738.6452,1487697421064,737.613,1487697420033
8,13,2,0.3,1,1,0,739.0784,1487697421497,739.8453,1487697422264,738.8453,1487697421267
8,14,2,0.3,1,0,2,740.3124,1487697422731,-1,-1,740.0784,1487697422499
8,15,2,0.3,1,0,5,741.5452,1487697423964,-1,-1,741.3119,1487697423733
8,16,2,0.3,1,2,5,742.7786,1487697425197,-1,-1,742.5453,1487697424966
8,17,2,0.3,0,2,0,744.012,1487697426430,744.7123,1487697427131,743.7789,1487697426200
8,18,2,0.3,1,0,7,745.2453,1487697427664,-1,-1,745.0121,1487697427435
8,19,2,0.3,1,2,5,746.4788,1487697428897,-1,-1,746.2455,1487697428666
8,20,2,0.3,1,0,4,747.7122,1487697430131,-1,-1,747.4789,1487697429902
8,21,2,0.3,1,1,5,748.9456,1487697431364,749.6125,1487697432031,748.7123,1487697431134
8,22,2,0.3,1,2,7,750.1797,1487697432598,-1,-1,749.9457,1487697432367
8,1,2,0.3,1,3,1,752.1458,1487697434564,-1,-1,751.9125,1487697434332
8,2,2,0.3,1,3,2,753.3792,1487697435798,-1,-1,753.1458,1487697435566
8,3,2,0.3,1,0,7,754.6125,1487697437031,-1,-1,754.3794,1487697436801
8,4,2,0.3,1,2,7,755.846,1487697438264,-1,-1,755.6127,1487697438035
8,5,2,0.3,1,0,4,757.0794,1487697439498,-1,-1,756.8466,1487697439268
8,6,2,0.3,0,1,7,758.3129,1487697440731,-1,-1,758.0795,1487697440502
8,7,2,0.3,0,2,7,759.5461,1487697441965,759.8466,1487697442265,759.3129,1487697441734
8,8,2,0.3,0,2,4,760.7797,1487697443198,761.5467,1487697443966,760.5463,1487697442967
8,9,2,0.3,1,0,0,762.0131,1487697444431,-1,-1,761.7803,1487697444202
8,10,2,0.3,1,0,3,763.2465,1487697445665,-1,-1,763.0131,1487697445434
8,11,2,0.3,1,1,0,764.4799,1487697446898,765.1805,1487697447599,764.2465,1487697446668
8,12,2,0.3,1,2,0,765.7133,1487697448132,-1,-1,765.4799,1487697447901
8,13,2,0.3,1,1,0,766.9465,1487697449365,767.7136,1487697450132,766.7133,1487697449134
8,14,2,0.3,1,0,4,768.1801,1487697450598,-1,-1,767.9467,1487697450368
8,15,2,0.3,0,2,4,769.4136,1487697451832,770.0468,1487697452465,769.1804,1487697451602
8,16,2,0.3,1,1,4,770.6469,1487697453065,771.2135,1487697453632,770.4135,1487697452834
8,17,2,0.3,1,0,3,771.8802,1487697454299,-1,-1,771.6469,1487697454068
8,18,2,0.3,1,2,3,773.097,1487697455515,-1,-1,772.8636,1487697455285
8,19,2,0.3,1,1,3,774.331,1487697456749,774.8307,1487697457249,774.097,1487697456518
8,20,2,0.3,1,0,5,775.5638,1487697457982,-1,-1,775.3309,1487697457751
8,21,2,0.3,1,1,3,776.7972,1487697459216,777.4305,1487697459849,776.5639,1487697458986
8,22,2,0.3,1,0,0,778.0306,1487697460449,-1,-1,777.7974,1487697460219
8,1,2,0.3,1,3,7,779.9973,1487697462416,-1,-1,779.7639,1487697462183
8,2,2,0.3,1,3,0,781.2309,1487697463649,-1,-1,780.9976,1487697463419
8,3,2,0.3,1,1,7,782.4643,1487697464883,782.9642,1487697465383,782.2309,1487697464652
8,4,2,0.3,1,0,3,783.6976,1487697466116,-1,-1,783.4642,1487697465885
8,5,2,0.3,1,1,7,784.931,1487697467349,785.8315,1487697468250,784.6976,1487697467118
8,6,2,0.3,1,0,4,786.1652,1487697468584,-1,-1,785.931,1487697468352
8,7,2,0.3,1,1,7,787.3978,1487697469816,787.9977,1487697470416,787.1646,1487697469586
8,8,2,0.3,1,2,7,788.6312,1487697471050,-1,-1,788.3984,1487697470819
8,9,2,0.3,1,0,2,789.8646,1487697472283,-1,-1,789.6313,1487697472052
8,10,2,0.3,1,0,5,791.098,1487697473516,-1,-1,790.8647,1487697473285
8,11,2,0.3,1,0,6,792.3313,1487697474750,-1,-1,792.0981,1487697474520
8,12,2,0.3,1,2,7,793.5648,1487697475983,-1,-1,793.3315,1487697475752
8,13,2,0.3,0,2,2,794.7985,1487697477217,795.765,1487697478184,794.5649,1487697476987
8,14,2,0.3,1,1,7,796.0317,1487697478450,796.8315,1487697479250,795.7985,1487697478219
8,15,2,0.3,1,2,7,797.265,1487697479683,-1,-1,797.0317,1487697479452
8,16,2,0.3,0,2,2,798.4989,1487697480917,799.1984,1487697481617,798.2651,1487697480687
8,17,2,0.3,1,1,7,799.7319,1487697482150,800.3321,1487697482751,799.4985,1487697481920
8,18,2,0.3,1,2,7,800.9652,1487697483384,-1,-1,800.7319,1487697483153
8,19,2,0.3,1,0,6,802.1986,1487697484617,-1,-1,801.9653,1487697484386
8,20,2,0.3,1,0,5,803.4321,1487697485850,-1,-1,803.1987,1487697485620
8,21,2,0.3,1,0,1,804.6659,1487697487084,-1,-1,804.4321,1487697486853
8,22,2,0.3,1,1,5,805.8988,1487697488317,806.4988,1487697488918,805.6655,1487697488087
8,1,2,0.3,1,3,3,810.9991,1487697493417,-1,-1,810.7659,1487697493185
8,2,2,0.3,1,3,2,812.1358,1487697494554,-1,-1,811.9038,1487697494325
8,3,2,0.3,1,1,3,813.2659,1487697495684,813.7659,1487697496184,813.0326,1487697495454
8,4,2,0.3,1,2,3,814.3994,1487697496818,-1,-1,814.166,1487697496588
8,5,2,0.3,1,0,6,815.5327,1487697497951,-1,-1,815.2994,1487697497721
8,6,2,0.3,1,0,5,816.6661,1487697499084,-1,-1,816.4329,1487697498854
8,7,2,0.3,0,0,2,817.7995,1487697500218,818.5663,1487697500985,817.5662,1487697499987
8,8,2,0.3,0,1,5,818.9329,1487697501351,-1,-1,818.6995,1487697501121
8,9,2,0.3,1,0,4,820.0663,1487697502485,-1,-1,819.8329,1487697502255
8,10,2,0.3,1,0,1,821.1997,1487697503618,-1,-1,820.9664,1487697503388
8,11,2,0.3,0,1,4,822.3332,1487697504752,-1,-1,822.1001,1487697504521
8,12,2,0.3,0,1,1,823.4664,1487697505885,-1,-1,823.2332,1487697505654
8,13,2,0.3,1,0,7,824.6,1487697507018,-1,-1,824.3665,1487697506787
8,14,2,0.3,1,2,7,825.7334,1487697508152,-1,-1,825.5001,1487697507922
8,15,2,0.3,1,2,4,826.8667,1487697509285,-1,-1,826.6334,1487697509054
8,16,2,0.3,1,1,7,828.0001,1487697510419,828.5671,1487697510986,827.7667,1487697510188
8,17,2,0.3,1,2,7,829.1334,1487697511552,-1,-1,828.9001,1487697511321
8,18,2,0.3,1,0,6,830.267,1487697512685,-1,-1,830.0335,1487697512454
8,19,2,0.3,1,2,6,831.4008,1487697513819,-1,-1,831.1669,1487697513588
8,20,2,0.3,1,0,2,832.5337,1487697514952,-1,-1,832.3004,1487697514721
8,21,2,0.3,1,2,2,833.6671,1487697516085,-1,-1,833.4337,1487697515855
8,22,2,0.3,1,1,2,834.8005,1487697517219,835.4008,1487697517819,834.5671,1487697516988
8,1,2,0.3,1,3,6,836.7339,1487697519152,-1,-1,836.5008,1487697518920
8,2,2,0.3,1,3,4,837.8673,1487697520286,-1,-1,837.634,1487697520055
8,3,2,0.3,1,0,1,839.0007,1487697521419,-1,-1,838.7672,1487697521188
8,4,2,0.3,1,2,1,840.1341,1487697522552,-1,-1,839.9008,1487697522322
8,5,2,0.3,1,2,4,841.2675,1487697523686,-1,-1,841.0341,1487697523457
8,6,2,0.3,1,0,6,842.4009,1487697524819,-1,-1,842.1675,1487697524589
8,7,2,0.3,1,0,3,843.5343,1487697525953,-1,-1,843.301,1487697525722
8,8,2,0.3,0,2,1,844.668,1487697527086,845.3679,1487697527786,844.4343,1487697526855
8,9,2,0.3,1,0,2,845.8012,1487697528220,-1,-1,845.5677,1487697527989
8,10,2,0.3,1,2,2,846.9345,1487697529353,-1,-1,846.7012,1487697529122
8,11,2,0.3,1,1,2,848.068,1487697530486,848.668,1487697531087,847.8345,1487697530256
8,12,2,0.3,1,2,1,849.2013,1487697531620,-1,-1,848.9678,1487697531388
8,13,2,0.3,1,0,7,850.3347,1487697532753,-1,-1,850.1013,1487697532522
8,14,2,0.3,1,1,1,851.4681,1487697533886,852.0682,1487697534487,851.2347,1487697533656
8,15,2,0.3,1,0,5,852.6015,1487697535020,-1,-1,852.3681,1487697534789
8,16,2,0.3,1,1,1,853.7348,1487697536153,854.3685,1487697536787,853.5015,1487697535922
8,17,2,0.3,0,1,5,854.8683,1487697537287,-1,-1,854.6353,1487697537056
8,18,2,0.3,1,0,3,856.0015,1487697538420,-1,-1,855.7683,1487697538191
8,19,2,0.3,1,1,5,857.1351,1487697539553,857.735,1487697540154,856.9018,1487697539323
8,20,2,0.3,1,0,6,858.2684,1487697540687,-1,-1,858.035,1487697540456
8,21,2,0.3,0,2,3,859.4019,1487697541820,860.1691,1487697542588,859.1685,1487697541590
8,22,2,0.3,0,1,6,860.5365,1487697542955,-1,-1,860.302,1487697542723
8,1,2,0.3,1,3,5,862.6021,1487697545020,-1,-1,862.3688,1487697544789
8,2,2,0.3,1,3,3,863.7363,1487697546155,-1,-1,863.502,1487697545922
8,3,2,0.3,1,0,7,864.869,1487697547287,-1,-1,864.6355,1487697547056
8,4,2,0.3,1,2,7,866.0023,1487697548421,-1,-1,865.7694,1487697548190
8,5,2,0.3,0,2,3,867.1355,1487697549554,867.8359,1487697550254,866.9023,1487697549324
8,6,2,0.3,1,1,7,868.269,1487697550687,868.9357,1487697551354,868.0357,1487697550457
8,7,2,0.3,1,0,2,869.4024,1487697551821,-1,-1,869.1691,1487697551590
8,8,2,0.3,1,0,0,870.5358,1487697552954,-1,-1,870.3023,1487697552723
8,9,2,0.3,1,2,0,871.6693,1487697554088,-1,-1,871.4358,1487697553858
8,10,2,0.3,1,0,1,872.8026,1487697555221,-1,-1,872.5692,1487697554990
8,11,2,0.3,1,0,6,873.936,1487697556354,-1,-1,873.7026,1487697556124
8,12,2,0.3,1,0,3,875.0693,1487697557488,-1,-1,874.8361,1487697557257
8,13,2,0.3,1,0,2,876.2029,1487697558621,-1,-1,875.9694,1487697558390
8,14,2,0.3,1,2,6,877.3362,1487697559755,-1,-1,877.1028,1487697559525
8,15,2,0.3,1,1,2,878.4697,1487697560888,879.003,1487697561422,878.2363,1487697560658
8,16,2,0.3,1,0,7,879.603,1487697562021,-1,-1,879.3696,1487697561790
8,17,2,0.3,1,2,6,880.7365,1487697563155,-1,-1,880.503,1487697562924
8,18,2,0.3,0,1,7,881.8698,1487697564288,-1,-1,881.6364,1487697564058
8,19,2,0.3,1,1,6,883.0032,1487697565422,883.8032,1487697566222,882.7698,1487697565192
8,20,2,0.3,1,1,7,884.1366,1487697566555,884.7706,1487697567189,883.9033,1487697566324
8,21,2,0.3,1,1,6,885.2701,1487697567688,885.8367,1487697568255,885.0366,1487697567457
8,22,2,0.3,1,2,6,886.4041,1487697568822,-1,-1,886.17,1487697568591
8,1,2,0.3,1,3,1,888.2035,1487697570622,-1,-1,888.0368,1487697570456
8,2,2,0.3,1,3,5,889.1702,1487697571589,-1,-1,889.0035,1487697571425
8,3,2,0.3,1,1,1,890.1369,1487697572555,890.8369,1487697573255,889.9703,1487697572392
8,4,2,0.3,0,1,5,891.1038,1487697573522,-1,-1,890.937,1487697573358
8,5,2,0.3,1,1,1,892.0704,1487697574489,892.2036,1487697574622,891.9037,1487697574326
8,6,2,0.3,1,0,4,893.037,1487697575455,-1,-1,892.8704,1487697575291
8,7,2,0.3,0,2,4,894.0038,1487697576422,894.7374,1487697577156,893.8371,1487697576259
8,8,2,0.3,0,1,4,894.9706,1487697577390,-1,-1,894.8038,1487697577225
8,9,2,0.3,0,1,4,895.9373,1487697578356,-1,-1,895.7706,1487697578192
8,10,2,0.3,1,0,6,896.904,1487697579322,-1,-1,896.7373,1487697579161
8,11,2,0.3,0,0,1,897.8707,1487697580289,898.6046,1487697581023,897.704,1487697580125
8,12,2,0.3,0,0,2,898.838,1487697581256,899.371,1487697581790,898.6707,1487697581092
8,13,2,0.3,1,0,3,899.8041,1487697582222,-1,-1,899.6375,1487697582058
8,14,2,0.3,1,2,3,900.7708,1487697583189,-1,-1,900.6042,1487697583025
8,15,2,0.3,1,0,4,901.7377,1487697584156,-1,-1,901.571,1487697583992
8,16,2,0.3,0,0,7,902.7043,1487697585123,903.271,1487697585690,902.5376,1487697584959
8,17,2,0.3,0,1,4,903.6711,1487697586089,-1,-1,903.5043,1487697585925
8,18,2,0.3,0,2,4,904.6378,1487697587056,905.438,1487697587857,904.4711,1487697586893
8,19,2,0.3,1,2,7,905.6045,1487697588023,-1,-1,905.438,1487697587859
8,20,2,0.3,0,0,5,906.5712,1487697588990,907.1714,1487697589590,906.4045,1487697588825
8,21,2,0.3,1,2,4,907.5379,1487697589956,-1,-1,907.3712,1487697589792
8,22,2,0.3,1,2,7,908.5046,1487697590923,-1,-1,908.338,1487697590759
8,1,2,0.3,1,3,0,910.8715,1487697593290,-1,-1,910.6384,1487697593057
8,2,2,0.3,1,3,6,912.0048,1487697594423,-1,-1,911.7715,1487697594193
8,3,2,0.3,1,2,6,913.1382,1487697595557,-1,-1,912.9048,1487697595326
8,4,2,0.3,1,2,7,914.2717,1487697596690,-1,-1,914.0383,1487697596460
8,5,2,0.3,1,1,6,915.4054,1487697597824,916.3054,1487697598724,915.1718,1487697597593
8,6,2,0.3,0,1,7,916.5384,1487697598957,-1,-1,916.3054,1487697598727
8,7,2,0.3,1,0,4,917.6719,1487697600090,-1,-1,917.4385,1487697599860
8,8,2,0.3,1,2,6,918.8052,1487697601224,-1,-1,918.572,1487697600993
8,9,2,0.3,1,1,4,919.9388,1487697602357,920.0056,1487697602424,919.7054,1487697602126
8,10,2,0.3,1,0,5,921.072,1487697603490,-1,-1,920.8387,1487697603260
8,11,2,0.3,0,2,6,922.2054,1487697604624,922.8721,1487697605291,921.972,1487697604393
8,12,2,0.3,1,2,6,923.3387,1487697605757,-1,-1,923.1054,1487697605526
8,13,2,0.3,1,0,1,924.4722,1487697606891,-1,-1,924.2388,1487697606660
8,14,2,0.3,1,0,0,925.6056,1487697608024,-1,-1,925.3723,1487697607794
8,15,2,0.3,0,0,7,926.739,1487697609157,927.3058,1487697609725,926.5056,1487697608927
8,16,2,0.3,1,0,4,927.8724,1487697610291,-1,-1,927.639,1487697610060
8,17,2,0.3,0,1,7,929.0063,1487697611425,-1,-1,928.7725,1487697611194
8,18,2,0.3,1,0,1,930.1392,1487697612558,-1,-1,929.9058,1487697612327
8,19,2,0.3,1,0,2,931.2725,1487697613691,-1,-1,931.0392,1487697613461
8,20,2,0.3,1,2,4,932.4059,1487697614824,-1,-1,932.1726,1487697614595
8,21,2,0.3,1,1,2,933.5394,1487697615958,934.2403,1487697616659,933.306,1487697615727
8,22,2,0.3,0,1,4,934.6727,1487697617091,-1,-1,934.4401,1487697616861
8,1,2,0.3,1,3,0,937.5402,1487697619959,-1,-1,937.3066,1487697619726
8,2,2,0.3,1,3,6,938.673,1487697621092,-1,-1,938.4396,1487697620861
8,3,2,0.3,1,0,5,939.8064,1487697622225,-1,-1,939.5731,1487697621994
8,4,2,0.3,1,1,6,940.9396,1487697623358,941.5732,1487697623992,940.7076,1487697623129
8,5,2,0.3,1,0,4,942.0731,1487697624491,-1,-1,941.8403,1487697624261
8,6,2,0.3,1,1,6,943.2065,1487697625625,943.8404,1487697626259,942.9733,1487697625394
8,7,2,0.3,1,0,7,944.3401,1487697626758,-1,-1,944.1066,1487697626528
8,8,2,0.3,1,0,3,945.4734,1487697627892,-1,-1,945.2401,1487697627661
8,9,2,0.3,1,0,0,946.6068,1487697629025,-1,-1,946.3734,1487697628794
8,10,2,0.3,1,2,0,947.7402,1487697630159,-1,-1,947.5068,1487697629929
8,11,2,0.3,1,1,0,948.8735,1487697631292,949.5406,1487697631959,948.6403,1487697631061
8,12,2,0.3,1,2,3,950.0076,1487697632426,-1,-1,949.7736,1487697632194
8,13,2,0.3,1,2,3,951.1403,1487697633559,-1,-1,950.9076,1487697633328
8,14,2,0.3,0,2,0,952.2739,1487697634692,953.0738,1487697635492,952.0405,1487697634461
8,15,2,0.3,0,2,0,953.4071,1487697635825,953.9405,1487697636359,953.1738,1487697635596
8,16,2,0.3,1,0,1,954.5406,1487697636959,-1,-1,954.3072,1487697636728
8,17,2,0.3,1,1,0,955.6739,1487697638092,956.2742,1487697638693,955.4406,1487697637861
8,18,2,0.3,1,2,0,956.8073,1487697639226,-1,-1,956.574,1487697638996
8,19,2,0.3,1,1,0,957.9408,1487697640359,958.5077,1487697640926,957.7074,1487697640128
8,20,2,0.3,1,0,7,959.0742,1487697641492,-1,-1,958.8409,1487697641263
8,21,2,0.3,1,1,0,960.2075,1487697642626,960.7752,1487697643194,959.9742,1487697642395
8,22,2,0.3,1,0,4,961.341,1487697643759,-1,-1,961.1076,1487697643528
8,1,2,0.3,1,3,7,963.1744,1487697645593,-1,-1,963.0081,1487697645427
8,2,2,0.3,1,3,0,964.1412,1487697646560,-1,-1,963.9744,1487697646395
8,3,2,0.3,1,1,7,965.1078,1487697647526,965.608,1487697648027,964.942,1487697647363
8,4,2,0.3,1,0,3,966.0745,1487697648493,-1,-1,965.9084,1487697648329
8,5,2,0.3,1,2,3,967.0412,1487697649460,-1,-1,966.8746,1487697649296
8,6,2,0.3,1,0,1,968.0079,1487697650426,-1,-1,967.8413,1487697650264
8,7,2,0.3,1,1,3,968.9747,1487697651393,969.6083,1487697652027,968.808,1487697651229
8,8,2,0.3,1,2,3,969.9414,1487697652360,-1,-1,969.7747,1487697652196
8,9,2,0.3,0,2,1,970.9081,1487697653326,971.6749,1487697654093,970.7417,1487697653164
8,10,2,0.3,0,2,1,971.8748,1487697654293,972.4748,1487697654893,971.7082,1487697654129
8,11,2,0.3,0,1,1,972.8417,1487697655260,-1,-1,972.6749,1487697655096
8,12,2,0.3,1,0,2,973.8083,1487697656227,-1,-1,973.6416,1487697656064
8,13,2,0.3,1,1,1,974.775,1487697657193,975.3088,1487697657728,974.6083,1487697657029
8,14,2,0.3,1,0,3,975.7418,1487697658160,-1,-1,975.5751,1487697657996
8,15,2,0.3,1,1,1,976.7085,1487697659127,977.3087,1487697659727,976.542,1487697658963
8,16,2,0.3,1,2,1,977.6752,1487697660094,-1,-1,977.5093,1487697659931
8,17,2,0.3,1,0,5,978.6425,1487697661061,-1,-1,978.4752,1487697660896
8,18,2,0.3,1,0,6,979.6086,1487697662027,-1,-1,979.442,1487697661863
8,19,2,0.3,0,1,5,980.5753,1487697662994,-1,-1,980.4087,1487697662831
8,20,2,0.3,1,0,4,981.5422,1487697663961,-1,-1,981.3754,1487697663796
8,21,2,0.3,1,0,2,982.5088,1487697664927,-1,-1,982.342,1487697664763
8,22,2,0.3,1,2,2,983.4755,1487697665894,-1,-1,983.3088,1487697665730
8,1,2,0.3,1,3,7,985.1755,1487697667594,-1,-1,985.0089,1487697667428
8,2,2,0.3,1,3,5,986.1424,1487697668561,-1,-1,985.9759,1487697668398
8,3,2,0.3,1,2,5,987.109,1487697669527,-1,-1,986.9424,1487697669364
8,4,2,0.3,0,1,5,988.0758,1487697670494,-1,-1,987.9091,1487697670330
8,5,2,0.3,0,1,5,989.0425,1487697671461,-1,-1,988.8773,1487697671300
8,6,2,0.3,1,0,2,990.0092,1487697672428,-1,-1,989.8425,1487697672264
8,7,2,0.3,1,1,5,990.976,1487697673394,991.5762,1487697673995,990.8092,1487697673231
8,8,2,0.3,0,2,5,991.9426,1487697674361,992.7427,1487697675161,991.776,1487697674197
8,9,2,0.3,0,1,5,992.9094,1487697675328,-1,-1,992.7427,1487697675164
8,10,2,0.3,0,2,2,993.8761,1487697676294,994.4763,1487697676895,993.7094,1487697676130
8,11,2,0.3,0,0,3,994.8428,1487697677261,995.2761,1487697677695,994.6761,1487697677097
8,12,2,0.3,1,1,2,995.8109,1487697678229,995.8765,1487697678295,995.6428,1487697678064
8,13,2,0.3,0,2,2,996.7762,1487697679195,997.3096,1487697679728,996.6095,1487697679030
8,14,2,0.3,1,0,7,997.7429,1487697680161,-1,-1,997.5763,1487697679997
8,15,2,0.3,1,0,5,998.7097,1487697681128,-1,-1,998.5431,1487697680965
8,16,2,0.3,1,0,0,999.6764,1487697682095,-1,-1,999.5098,1487697681931
8,17,2,0.3,1,2,7,1000.643,1487697683062,-1,-1,1000.476,1487697682898
8,18,2,0.3,1,0,6,1001.61,1487697684028,-1,-1,1001.443,1487697683865
8,19,2,0.3,1,0,1,1002.577,1487697684995,-1,-1,1002.41,1487697684831
8,20,2,0.3,1,0,4,1003.543,1487697685962,-1,-1,1003.377,1487697685799
8,21,2,0.3,1,2,6,1004.51,1487697686928,-1,-1,1004.343,1487697686764
8,22,2,0.3,1,1,4,1005.477,1487697687895,1005.977,1487697688396,1005.31,1487697687732
8,1,2,0.3,1,3,0,1007.277,1487697689696,-1,-1,1007.044,1487697689463
8,2,2,0.3,1,3,3,1008.41,1487697690829,-1,-1,1008.177,1487697690598
8,3,2,0.3,1,1,0,1009.544,1487697691962,1010.111,1487697692529,1009.31,1487697691731
8,4,2,0.3,1,2,0,1010.677,1487697693095,-1,-1,1010.444,1487697692865
8,5,2,0.3,1,2,3,1011.811,1487697694229,-1,-1,1011.577,1487697693999
8,6,2,0.3,1,1,0,1012.944,1487697695362,1013.344,1487697695763,1012.71,1487697695132
8,7,2,0.3,1,1,3,1014.077,1487697696496,1014.844,1487697697263,1013.844,1487697696265
8,8,2,0.3,1,2,3,1015.211,1487697697629,-1,-1,1014.977,1487697697398
8,9,2,0.3,1,0,4,1016.346,1487697698764,-1,-1,1016.111,1487697698532
8,10,2,0.3,1,0,7,1017.477,1487697699896,-1,-1,1017.244,1487697699666
8,11,2,0.3,0,2,3,1018.611,1487697701029,1019.411,1487697701830,1018.377,1487697700799
8,12,2,0.3,1,0,1,1019.744,1487697702163,-1,-1,1019.511,1487697701932
8,13,2,0.3,1,0,6,1020.878,1487697703296,-1,-1,1020.644,1487697703065
8,14,2,0.3,1,2,6,1022.011,1487697704429,-1,-1,1021.778,1487697704199
8,15,2,0.3,1,0,2,1023.144,1487697705563,-1,-1,1022.911,1487697705332
8,16,2,0.3,1,1,6,1024.278,1487697706697,1024.945,1487697707363,1024.044,1487697706466
8,17,2,0.3,1,1,2,1025.411,1487697707830,1026.045,1487697708463,1025.178,1487697707599
8,18,2,0.3,1,0,7,1026.545,1487697708963,-1,-1,1026.311,1487697708733
8,19,2,0.3,1,0,1,1027.678,1487697710096,-1,-1,1027.445,1487697709867
8,20,2,0.3,1,0,3,1028.811,1487697711230,-1,-1,1028.578,1487697710999
8,21,2,0.3,0,2,3,1029.945,1487697712363,1030.445,1487697712863,1029.711,1487697712133
8,22,2,0.3,1,1,3,1031.078,1487697713497,1031.645,1487697714064,1030.845,1487697713267
8,1,2,0.3,1,3,6,1032.845,1487697715263,-1,-1,1032.678,1487697715097
8,2,2,0.3,1,3,7,1033.812,1487697716230,-1,-1,1033.645,1487697716066
8,3,2,0.3,1,2,7,1034.779,1487697717197,-1,-1,1034.612,1487697717033
8,4,2,0.3,1,1,7,1035.745,1487697718164,1036.512,1487697718930,1035.578,1487697718000
8,5,2,0.3,1,0,0,1036.712,1487697719130,-1,-1,1036.545,1487697718964
8,6,2,0.3,1,0,6,1037.679,1487697720098,-1,-1,1037.512,1487697719934
8,7,2,0.3,1,2,6,1038.645,1487697721064,-1,-1,1038.479,1487697720901
8,8,2,0.3,1,2,0,1039.612,1487697722031,-1,-1,1039.445,1487697721867
8,9,2,0.3,1,0,5,1040.579,1487697722998,-1,-1,1040.412,1487697722833
8,10,2,0.3,1,0,3,1041.545,1487697723964,-1,-1,1041.379,1487697723800
8,11,2,0.3,0,1,5,1042.512,1487697724931,-1,-1,1042.345,1487697724766
8,12,2,0.3,1,0,4,1043.479,1487697725898,-1,-1,1043.313,1487697725735
8,13,2,0.3,1,0,7,1044.446,1487697726864,-1,-1,1044.279,1487697726700
8,14,2,0.3,0,1,4,1045.412,1487697727831,-1,-1,1045.246,1487697727667
8,15,2,0.3,0,0,0,1046.38,1487697728798,1047.113,1487697729531,1046.212,1487697728634
8,16,2,0.3,1,1,4,1047.346,1487697729764,1047.779,1487697730198,1047.179,1487697729601
8,17,2,0.3,0,1,0,1048.312,1487697730731,-1,-1,1048.146,1487697730571
8,18,2,0.3,0,2,0,1049.28,1487697731698,1049.779,1487697732198,1049.113,1487697731534
8,19,2,0.3,1,2,4,1050.246,1487697732664,-1,-1,1050.08,1487697732501
8,20,2,0.3,1,0,7,1051.213,1487697733631,-1,-1,1051.046,1487697733467
8,21,2,0.3,0,2,0,1052.18,1487697734598,1052.946,1487697735365,1052.013,1487697734434
8,22,2,0.3,0,1,7,1053.146,1487697735564,-1,-1,1052.979,1487697735400
8,1,2,0.3,1,3,6,1054.913,1487697737331,-1,-1,1054.68,1487697737099
8,2,2,0.3,1,3,3,1056.046,1487697738465,-1,-1,1055.813,1487697738234
8,3,2,0.3,1,1,6,1057.18,1487697739598,1057.713,1487697740132,1056.946,1487697739368
8,4,2,0.3,1,0,1,1058.313,1487697740732,-1,-1,1058.08,1487697740501
8,5,2,0.3,1,0,0,1059.446,1487697741865,-1,-1,1059.213,1487697741634
8,6,2,0.3,1,2,0,1060.58,1487697742998,-1,-1,1060.347,1487697742767
8,7,2,0.3,1,1,0,1061.713,1487697744132,1062.347,1487697744765,1061.48,1487697743901
8,8,2,0.3,1,0,3,1062.847,1487697745265,-1,-1,1062.614,1487697745035
8,9,2,0.3,1,0,7,1063.98,1487697746398,-1,-1,1063.747,1487697746168
8,10,2,0.3,1,0,2,1065.113,1487697747532,-1,-1,1064.88,1487697747301
8,11,2,0.3,0,1,7,1066.247,1487697748665,-1,-1,1066.013,1487697748434
8,12,2,0.3,1,2,3,1067.38,1487697749799,-1,-1,1067.147,1487697749568
8,13,2,0.3,1,2,3,1068.514,1487697750932,-1,-1,1068.28,1487697750701
8,14,2,0.3,1,0,1,1069.647,1487697752065,-1,-1,1069.413,1487697751834
8,15,2,0.3,0,2,1,1070.781,1487697753199,1071.547,1487697753966,1070.547,1487697752968
8,16,2,0.3,1,0,5,1071.914,1487697754332,-1,-1,1071.681,1487697754102
8,17,2,0.3,1,1,1,1073.047,1487697755466,1073.547,1487697755966,1072.814,1487697755235
8,18,2,0.3,1,0,7,1074.181,1487697756599,-1,-1,1073.947,1487697756368
8,19,2,0.3,1,1,1,1075.314,1487697757732,1075.881,1487697758299,1075.081,1487697757502
8,20,2,0.3,1,2,5,1076.447,1487697758866,-1,-1,1076.214,1487697758636
8,21,2,0.3,0,2,5,1077.581,1487697760000,1078.048,1487697760466,1077.348,1487697759772
8,22,2,0.3,1,1,5,1078.714,1487697761133,1079.248,1487697761666,1078.481,1487697760902
8,1,2,0.3,0,3,5,1080.581,1487697762999,1080.814,1487697763233,1080.348,1487697762767
8,2,2,0.3,1,3,6,1081.715,1487697764133,-1,-1,1081.481,1487697763901
8,3,2,0.3,1,0,4,1082.848,1487697765266,-1,-1,1082.615,1487697765037
8,4,2,0.3,1,2,4,1083.982,1487697766400,-1,-1,1083.748,1487697766169
8,5,2,0.3,0,0,5,1085.115,1487697767533,1085.648,1487697768067,1084.881,1487697767302
8,6,2,0.3,1,1,4,1086.248,1487697768667,1086.948,1487697769367,1086.015,1487697768435
8,7,2,0.3,1,1,5,1087.381,1487697769800,1088.082,1487697770501,1087.148,1487697769570
8,8,2,0.3,1,2,5,1088.515,1487697770933,-1,-1,1088.281,1487697770703
8,9,2,0.3,0,2,4,1089.649,1487697772067,1090.315,1487697772734,1089.415,1487697771835
8,10,2,0.3,1,1,5,1090.781,1487697773200,1091.482,1487697773900,1090.548,1487697772969
8,11,2,0.3,1,2,5,1091.915,1487697774333,-1,-1,1091.682,1487697774103
8,12,2,0.3,1,0,7,1093.048,1487697775467,-1,-1,1092.815,1487697775237
8,13,2,0.3,1,1,5,1094.182,1487697776601,1094.715,1487697777134,1093.948,1487697776369
8,14,2,0.3,1,0,1,1095.315,1487697777733,-1,-1,1095.082,1487697777503
8,15,2,0.3,1,2,7,1096.448,1487697778867,-1,-1,1096.215,1487697778636
8,16,2,0.3,1,1,1,1097.582,1487697780000,1098.282,1487697780701,1097.349,1487697779771
8,17,2,0.3,1,0,2,1098.715,1487697781134,-1,-1,1098.482,1487697780904
8,18,2,0.3,1,0,3,1099.849,1487697782267,-1,-1,1099.615,1487697782036
8,19,2,0.3,1,0,5,1100.982,1487697783400,-1,-1,1100.749,1487697783170
8,20,2,0.3,1,0,6,1102.116,1487697784534,-1,-1,1101.882,1487697784303
8,21,2,0.3,0,2,2,1103.249,1487697785667,1103.882,1487697786301,1103.016,1487697785437
8,22,2,0.3,1,1,6,1104.382,1487697786801,1105.116,1487697787534,1104.15,1487697786571
8,1,2,0.3,1,3,5,1106.682,1487697789101,-1,-1,1106.449,1487697788868
8,2,2,0.3,1,3,4,1107.816,1487697790234,-1,-1,1107.583,1487697790004
8,3,2,0.3,1,0,1,1108.949,1487697791368,-1,-1,1108.716,1487697791138
8,4,2,0.3,1,2,1,1110.083,1487697792501,-1,-1,1109.85,1487697792270
8,5,2,0.3,1,0,7,1111.216,1487697793634,-1,-1,1110.983,1487697793404
8,6,2,0.3,1,2,4,1112.349,1487697794768,-1,-1,1112.116,1487697794537
8,7,2,0.3,0,2,1,1113.483,1487697795901,1114.183,1487697796602,1113.25,1487697795671
8,8,2,0.3,1,0,0,1114.617,1487697797035,-1,-1,1114.383,1487697796805
8,9,2,0.3,1,0,2,1115.75,1487697798168,-1,-1,1115.516,1487697797937
8,10,2,0.3,1,0,6,1116.883,1487697799301,-1,-1,1116.65,1487697799071
8,11,2,0.3,1,2,6,1118.016,1487697800435,-1,-1,1117.783,1487697800204
8,12,2,0.3,1,1,6,1119.15,1487697801568,1119.783,1487697802202,1118.916,1487697801338
8,13,2,0.3,0,1,6,1120.283,1487697802702,-1,-1,1120.05,1487697802473
8,14,2,0.3,0,2,7,1121.419,1487697803838,1121.45,1487697803869,1121.183,1487697803604
8,15,2,0.3,1,2,7,1122.55,1487697804968,-1,-1,1122.317,1487697804738
8,16,2,0.3,1,0,4,1123.683,1487697806102,-1,-1,1123.45,1487697805871
8,17,2,0.3,0,1,7,1124.817,1487697807236,-1,-1,1124.584,1487697807005
8,18,2,0.3,1,1,4,1125.95,1487697808369,1126.583,1487697809002,1125.717,1487697808138
8,19,2,0.3,1,1,7,1127.084,1487697809502,1127.55,1487697809969,1126.85,1487697809271
8,20,2,0.3,1,0,1,1128.217,1487697810635,-1,-1,1127.984,1487697810405
8,21,2,0.3,1,0,0,1129.35,1487697811769,-1,-1,1129.117,1487697811538
8,22,2,0.3,1,1,1,1130.484,1487697812902,1131.017,1487697813436,1130.25,1487697812671
8,1,2,0.3,1,3,1,1132.417,1487697814836,-1,-1,1132.184,1487697814603
8,2,2,0.3,1,3,5,1133.551,1487697815969,-1,-1,1133.318,1487697815739
8,3,2,0.3,1,2,5,1134.684,1487697817103,-1,-1,1134.451,1487697816871
8,4,2,0.3,1,0,4,1135.817,1487697818236,-1,-1,1135.584,1487697818006
8,5,2,0.3,1,2,4,1136.951,1487697819369,-1,-1,1136.718,1487697819139
8,6,2,0.3,1,2,5,1138.084,1487697820503,-1,-1,1137.851,1487697820272
8,7,2,0.3,0,0,1,1139.218,1487697821636,1139.852,1487697822270,1138.984,1487697821405
8,8,2,0.3,1,0,6,1140.351,1487697822769,-1,-1,1140.118,1487697822539
8,9,2,0.3,1,0,7,1141.484,1487697823903,-1,-1,1141.251,1487697823673
8,10,2,0.3,1,0,4,1142.618,1487697825036,-1,-1,1142.384,1487697824805
8,11,2,0.3,1,2,6,1143.751,1487697826170,-1,-1,1143.518,1487697825939
8,12,2,0.3,1,0,1,1144.885,1487697827303,-1,-1,1144.651,1487697827074
8,13,2,0.3,0,1,6,1146.018,1487697828436,-1,-1,1145.785,1487697828206
8,14,2,0.3,0,1,1,1147.151,1487697829570,-1,-1,1146.918,1487697829339
8,15,2,0.3,0,2,1,1148.285,1487697830703,1148.918,1487697831337,1148.051,1487697830472
8,16,2,0.3,1,1,1,1149.418,1487697831837,1150.085,1487697832504,1149.185,1487697831606
8,17,2,0.3,0,2,6,1150.552,1487697832970,1151.118,1487697833537,1150.318,1487697832740
8,18,2,0.3,1,0,0,1151.685,1487697834103,-1,-1,1151.452,1487697833872
8,19,2,0.3,1,1,6,1152.818,1487697835237,1153.352,1487697835770,1152.585,1487697835006
8,20,2,0.3,1,1,0,1153.952,1487697836370,1154.652,1487697837071,1153.718,1487697836139
8,21,2,0.3,1,0,4,1155.085,1487697837504,-1,-1,1154.852,1487697837273
8,22,2,0.3,0,1,0,1156.219,1487697838637,-1,-1,1155.985,1487697838407
8,1,2,0.3,1,3,1,1158.319,1487697840737,-1,-1,1158.086,1487697840505
8,2,2,0.3,1,3,2,1159.552,1487697841970,-1,-1,1159.319,1487697841740
8,3,2,0.3,1,0,3,1160.786,1487697843204,-1,-1,1160.552,1487697842973
8,4,2,0.3,1,2,3,1162.019,1487697844437,-1,-1,1161.786,1487697844207
8,5,2,0.3,0,2,2,1163.252,1487697845671,1163.92,1487697846338,1163.019,1487697845441
8,6,2,0.3,0,2,2,1164.486,1487697846904,1165.052,1487697847471,1164.252,1487697846674
8,7,2,0.3,1,1,2,1165.719,1487697848137,1166.286,1487697848705,1165.486,1487697847907
8,8,2,0.3,1,1,2,1166.952,1487697849371,1167.953,1487697850371,1166.719,1487697849142
8,9,2,0.3,1,0,6,1168.186,1487697850604,-1,-1,1167.953,1487697850375
8,10,2,0.3,1,0,0,1169.419,1487697851838,-1,-1,1169.186,1487697851607
8,11,2,0.3,1,0,3,1170.653,1487697853071,-1,-1,1170.419,1487697852840
8,12,2,0.3,1,1,0,1171.886,1487697854304,1172.52,1487697854938,1171.653,1487697854074
8,13,2,0.3,1,1,3,1173.12,1487697855539,1173.82,1487697856238,1172.886,1487697855308
8,14,2,0.3,1,2,3,1174.353,1487697856771,-1,-1,1174.12,1487697856540
8,15,2,0.3,0,2,0,1175.587,1487697858005,1176.02,1487697858439,1175.353,1487697857774
8,16,2,0.3,1,1,3,1176.82,1487697859238,1177.387,1487697859806,1176.586,1487697859007
8,17,2,0.3,0,2,3,1178.056,1487697860475,1178.153,1487697860572,1177.82,1487697860240
8,18,2,0.3,1,0,1,1179.286,1487697861705,-1,-1,1179.053,1487697861474
8,19,2,0.3,1,0,4,1180.52,1487697862938,-1,-1,1180.287,1487697862707
8,20,2,0.3,1,0,2,1181.753,1487697864172,-1,-1,1181.52,1487697863942
8,21,2,0.3,1,0,7,1182.987,1487697865406,-1,-1,1182.753,1487697865175
8,22,2,0.3,0,1,2,1184.22,1487697866639,-1,-1,1183.987,1487697866408
8,1,2,0.3,1,3,1,1187.754,1487697870172,-1,-1,1187.521,1487697869940
8,2,2,0.3,1,3,6,1189.087,1487697871505,-1,-1,1188.854,1487697871276
8,3,2,0.3,1,1,1,1190.421,1487697872839,1191.021,1487697873439,1190.187,1487697872607
8,4,2,0.3,0,1,6,1191.754,1487697874172,-1,-1,1191.521,1487697873943
8,5,2,0.3,1,2,6,1193.087,1487697875506,-1,-1,1192.854,1487697875274
8,6,2,0.3,1,0,4,1194.421,1487697876839,-1,-1,1194.187,1487697876609
8,7,2,0.3,0,2,1,1195.754,1487697878173,1196.388,1487697878806,1195.521,1487697877942
8,8,2,0.3,0,2,6,1197.088,1487697879506,1197.788,1487697880207,1196.854,1487697879275
8,9,2,0.3,1,0,3,1198.421,1487697880839,-1,-1,1198.188,1487697880609
8,10,2,0.3,1,0,5,1199.754,1487697882173,-1,-1,1199.521,1487697881942
8,11,2,0.3,1,0,7,1201.088,1487697883506,-1,-1,1200.854,1487697883276
8,12,2,0.3,1,2,6,1202.421,1487697884840,-1,-1,1202.188,1487697884609
8,13,2,0.3,1,1,7,1203.755,1487697886173,1204.588,1487697887007,1203.521,1487697885942
8,14,2,0.3,1,0,1,1205.088,1487697887507,-1,-1,1204.855,1487697887277
8,15,2,0.3,1,1,7,1206.422,1487697888840,1207.122,1487697889541,1206.188,1487697888609
8,16,2,0.3,1,0,2,1207.755,1487697890173,-1,-1,1207.521,1487697889942
8,17,2,0.3,1,0,0,1209.088,1487697891507,-1,-1,1208.855,1487697891277
8,18,2,0.3,1,0,6,1210.422,1487697892840,-1,-1,1210.188,1487697892610
8,19,2,0.3,1,1,0,1211.755,1487697894173,1212.555,1487697894974,1211.522,1487697893943
8,20,2,0.3,1,2,2,1213.092,1487697895511,-1,-1,1212.855,1487697895276
8,21,2,0.3,1,2,6,1214.422,1487697896840,-1,-1,1214.188,1487697896609
8,22,2,0.3,1,1,2,1215.755,1487697898174,1216.455,1487697898874,1215.526,1487697897949
