%Recollect Version 2.0. Scene/Level: span1_intro, Game Number: 018
%Note: All true/false values are represented as "1" and "0" respectively.
%Damage:1,Player X Position,Player Y Position,Hearts Left,Time (Relative),Time (Absolute)
%SpanCollectionOrder:6,Time (R),Time (A),Is Reversed. (Arrangement order is from bottom left to top right)
%SpanArrangementOrder:7,[Array of Span Types] (Order is from bottom left to top right). 
%SpanPlayerInput:8,beginTime,endTime,[Array of Positions in Arrangment Pressed, followed by time]
6,0.00000,1477697112041.57,0,5,1,4
7,4,1,5,3,7
6,13.18073,1477697125182.04,0,5,1,4
7,1,4,3,5,7
8,5.68073,13.18073,2,8.26709,1,8.53430,0,8.76709
6,25.32074,1477697137315.96,0,0,4,2
7,4,2,6,0,5
8,17.84076,25.32074,3,20.60175,0,20.86829,1,21.10126
6,37.90076,1477697149883.7,1,5,4,0,3
7,5,0,1,7,4,3
8,30.40076,37.90076,3,33.13519,0,33.56842,1,33.76868
6,49.78070,1477697161784.18,1,5,1,0,2
7,7,5,0,2,1,3
8,42.28070,49.78070,0,43.73578,4,44.13580,1,44.86914,5,45.20251
6,62.04071,1477697174051.49,1,3,1,0,2
7,0,1,3,6,2,4
8,54.56073,62.04071,1,56.70386,4,57.43695,2,58.86993,3,59.13666
6,74.48071,1477697186485.47,0,0,3,5,4
7,5,3,6,4,0,2
8,66.98071,74.48071,2,69.67053,1,70.03723,5,70.70386,4,71.10443,0,71.87085,4,72.60406
1,351.17300,0.36165,2,86.24072,1477697198252.6
6,86.60071,1477697198586.31,0,0,3,1,4
7,3,0,2,4,1,6
8,79.10071,86.60071,4,80.83783,1,81.10498,0,82.70465,3,83.37140
