%Recollect Version 2.0. Scene/Level: span1_intro, Game Number: 017
%Note: All true/false values are represented as "1" and "0" respectively.
%Damage:1,Player X Position,Player Y Position,Hearts Left,Time (Relative),Time (Absolute)
%SpanCollectionOrder:6,Time (R),Time (A),Is Reversed. (Arrangement order is from bottom left to top right)
%SpanArrangementOrder:7,[Array of Span Types] (Order is from bottom left to top right). 
%SpanPlayerInput:8,beginTime,endTime,[Array of Positions in Arrangment Pressed, followed by time]
6,0.00000,1477608632647.47,0,3,0,4
7,6,4,0,1,3
6,13.18579,1477608645787.79,0,1,2,3
7,3,6,2,5,1
8,5.68576,13.18579,2,9.73361,1,10.20023,4,10.53363,2,10.76697
6,25.32574,1477608657921.97,0,0,3,1
7,7,4,1,0,3
8,17.84576,25.32574,4,19.63409,2,20.26746,0,20.76807
6,37.90576,1477608670522.64,1,3,5,4
7,6,1,3,5,4
8,30.40576,37.90576,3,33.26831,4,33.76819,2,34.06836
6,49.78577,1477608682389.87,1,1,4,2,0
7,4,3,2,6,0,1
8,42.28577,49.78577,2,44.80225,3,45.36902,4,45.90228
6,62.04578,1477608694657.25,1,3,4,2,1
7,1,3,2,0,4,7
8,54.56580,62.04578,5,57.33636,0,57.73639,2,58.13629,4,58.50299
6,74.48578,1477608707091.31,0,1,5,4,3
7,5,6,2,4,1,3
8,66.98578,74.48578,1,68.70374,4,69.10370,2,69.93707,3,70.23761,0,71.57037
6,86.60577,1477608719225.23,0,0,3,4,2
7,4,0,2,6,3,5
8,79.10577,86.60577,4,81.47095,0,82.07147,3,82.53784,5,82.80432
6,98.76575,1477608731359.56,0,5,3,2,1
7,1,5,0,3,7,2
8,91.26575,98.76575,1,93.70502,4,94.17181,0,94.60553,2,94.87177
6,111.34580,1477608743960.31,1,0,2,5,1,4
7,5,4,1,2,0,3,6
8,103.84580,111.34580,1,106.00620,3,106.60640,5,107.17240,0,107.57250
6,123.20570,1477608755794.64,1,5,0,1,4,3
7,5,1,4,2,3,7,0
8,115.72580,123.20570,4,117.24030,3,118.50650,0,119.13980,2,120.00650,1,120.40720
6,135.48580,1477608768094.81,1,4,5,1,3,0
7,1,4,2,0,5,6,3
8,128.00580,135.48580,0,128.87420,6,130.70720,1,131.24050,2,131.57390,4,131.80700
8,140.42580,147.90580,1,143.07450,4,143.34130,0,144.07450,6,144.57480,3,144.77460
