%Recollect Version 2.0. Scene/Level: span2_intro, Game Number: 042
%Note: All true/false values are represented as "1" and "0" respectively.
%Damage:1,Player X Position,Player Y Position,Hearts Left,Time (Relative),Time (Absolute)
%SpanCollectionOrder:6,Time (R),Time (A),Is Reversed. (Arrangement order is from bottom left to top right)
%SpanArrangementOrder:7,[Array of Span Types] (Order is from bottom left to top right). 
%SpanPlayerInput:8,beginTime,endTime,[Array of Positions in Arrangment Pressed, followed by time]
6,0.00000,1479858632688.01,1,6,5,0,3
7,3,2,6,7,5,0
6,13.16779,1479858645832.04,1,3,1,2,7
7,2,6,4,1,7,3
8,5.66779,13.16779,2,8.23456,4,8.63385,0,10.36725,0,10.70062,1,10.93451
6,25.30774,1479858657966,0,1,5,6,0
7,1,6,5,6,0,3
8,17.82776,25.30774,5,20.30127,3,20.56793,0,21.23474,4,21.73517
6,37.88776,1479858670533.4,1,3,2,1,6
7,1,4,6,2,7,3
8,30.38776,37.88776,0,32.23511,2,32.50195,1,32.80188,4,33.10187
6,49.76776,1479858682401.15,0,4,3,6,2,1
7,1,3,7,4,2,7,6
8,42.26776,49.76776,5,45.50269,3,45.80261,0,46.17004,2,46.43597
6,62.02777,1479858694669,0,7,4,1,2,3
7,3,4,1,2,7,7,5
8,54.54779,62.02777,3,57.73657,1,58.13666,6,58.67029,4,59.27008,0,59.47021
6,74.46777,1479858707102.62,0,6,3,1,0,5
7,0,3,7,1,6,5,4
8,66.96777,74.46777,4,69.97076,1,70.23730,2,70.50409,3,70.87079,0,71.10400
6,86.58777,1479858719236.17,1,3,6,4,7,0,5
7,4,2,7,7,5,6,3,0
8,79.08777,86.58777,4,82.37140,1,82.63824,3,82.93811,0,83.87146,5,84.73877
6,98.74774,1479858731403.84,1,2,4,0,7,6,3
7,4,2,7,7,5,6,0,3
8,91.24774,98.74774,6,94.00537,5,94.27209,0,94.43964,2,95.30548,7,95.70544,4,96.33911
1,412.03320,0.89351,2,101.48780,1479858734136.46
6,111.32780,1479858743971.35,1,0,6,7,5,2,3
7,1,6,0,5,2,7,7,3
8,103.82780,111.32780,1,108.00620,0,108.53960,6,108.80620,2,109.37300,5,109.60620,7,109.87300
6,123.18770,1479858755838.29,1,1,4,2,6,3,5
7,2,6,0,3,5,6,1,4
8,115.70780,123.18770,1,118.30670,2,119.77340,1,120.04070,3,120.87420,6,121.40690
6,135.46780,1479858768106.14,1,1,2,5,0,7
7,1,6,0,5,7,4,2
8,127.98780,135.46780,6,132.27470,0,132.97420
1,573.51640,0.71705,1,142.40780,1479858775040.12
8,140.40780,147.88780,0,140.94140,1,141.64140,1,141.80810,1,142.04140,2,142.24150,2,142.40880,2,142.64140,3,142.80860
1,615.48300,0.79347,0,152.32780,1479858784973.1
