%Recollect Version 2.0. Scene/Level: span1_inter, Game Number: 032
%Note: All true/false values are represented as "1" and "0" respectively.
%Damage:1,Player X Position,Player Y Position,Hearts Left,Time (Relative),Time (Absolute)
%SpanCollectionOrder:6,Time (R),Time (A),Is Reversed. (Arrangement order is from bottom left to top right)
%SpanArrangementOrder:7,[Array of Span Types] (Order is from bottom left to top right). 
%SpanPlayerInput:8,beginTime,endTime,[Array of Positions in Arrangment Pressed, followed by time]
6,0.00000,1478213188140.82,0,5,4,2,1
7,2,6,5,4,0,1
1,54.70554,4.56852,2,12.16565,1478213200249.96
6,13.18561,1478213201282.24,0,3,5,2,1
7,3,2,1,5,4,6
8,5.68561,13.18561,2,8.16705,3,8.66711,0,9.40149,5,9.76715
6,25.32562,1478213213417.27,0,1,4,2,5
7,4,1,5,2,0,6
8,17.84564,25.32562,0,19.80109,3,20.90112,1,21.30115,2,21.73462
6,37.90564,1478213226017.07,1,2,5,4,3,1
7,1,5,6,2,0,4,3
8,30.40564,37.90564,1,32.16846,0,32.46844,3,33.10181,2,33.33521
6,49.78564,1478213237884.41,1,5,1,2,3,4
7,1,0,2,4,6,3,5
8,42.28564,49.78564,3,45.26904,1,45.56921,5,45.80328,6,46.56915,0,46.80280
6,62.04565,1478213250151.62,1,1,3,0,4,5
7,4,6,5,0,2,1,3
8,54.56561,62.04565,6,57.40314,0,57.80310,2,58.10321,5,59.23663,3,59.77002
6,74.48560,1478213262585.91,0,0,2,4,5,3,1
7,5,4,2,4,7,1,0,3
8,66.98560,74.48560,5,70.50391,6,70.83716,3,71.07086,0,71.67065,2,72.00397
6,86.60565,1478213274720.08,0,2,0,1,4,5,3
7,5,4,0,2,1,3,5,6
8,79.10565,86.60565,6,82.20465,2,82.57129,1,82.80475,0,83.83801,7,84.53809,5,84.77142
6,98.76563,1478213286854.56,0,3,0,4,2,1,5
7,2,3,4,5,3,6,1,0
8,91.26563,98.76563,3,94.67200,2,94.87195,4,95.10529,1,95.93860,5,96.80542,6,97.23877
6,111.34560,1478213299454.57,1,3,4,1,5,2,0
7,5,6,1,5,2,4,3,0
8,103.84560,111.34560,1,106.64010,7,107.00590,2,107.70600,0,108.23960,6,109.23940,3,109.74000
6,123.20560,1478213311289.4,1,0,5,2,3,1,4
7,2,0,1,5,3,4,0,7
8,115.72560,123.20560,6,118.93990,5,119.17330,2,119.47330,0,120.00660,7,120.70720,4,120.90670,7,122.07340
6,135.48560,1478213323589.21,1,1,2,3,0,5,4
7,4,7,0,3,3,1,5,2
8,128.00560,135.48560,1,130.14060,3,130.87400,0,131.24060,4,132.04070,2,132.64070,5,132.90770
8,140.42560,147.90560,5,144.40800,7,144.97470,4,145.44150,2,145.97520
