%Recollect Version 2.0. Scene/Level: multi1_intro, Game Number: 019
%Note: All true/false values are represented as "1" and "0" respectively.
%Damage:1,Player X Position,Player Y Position,Hearts Left,Time (Relative),Time (Absolute)
%MultiObjectBugListChanged:5,[Array of Bug Types]
%BugPositions:3,Time (Relative),Time (Absolute),(For Each Bug:)Bug Color,Bug Position X,Bug Position Y
%MultiObjectTask:4,Matched Correctly,Was Collected,Flower Type,Reveal Time (R),Reveal Time (A),Pollenation Time (R) (-1.0 = unpollenated),Pollenation Time (A) (-1.0 = unpollenated),Death Time (R),Death Time (A)
%Possible values for "Flower Types":Red=0,Green=1,Blue=2,Yellow=3,White=4,Magenta=5,
5,3,5,0
3,0,1477932373837.18,3,0.1166666,0.7666667,5,0.35,0.7,0,0.6833333,0.5666667
3,1,1477932374769.27,3,0.1007505,0.6656908,5,0.2268383,0.7878595,0,0.7692112,0.7024986
3,2.000122,1477932375769.59,3,0.1244838,0.7752624,5,0.4518217,0.6370044,0,0.7736406,0.7192974
3,3.033447,1477932376802.23,3,0.1086558,0.6520412,5,0.4113251,0.6315703,0,0.6606901,0.5827073
3,4.033447,1477932377802.25,3,0.1351558,0.5765169,5,0.1998737,0.7564666,0,0.6720842,0.4690122
3,5.033569,1477932378802.69,3,0.07547545,0.6084892,5,0.1377435,0.7900327,0,0.4926496,0.419711
5,3,5
4,0,1,5,2.09699,3.71704,1477932377501.74,5.49701,1477932379279.14
3,6.033752,1477932379802.58,3,0.102065,0.5640786,5,0.1064054,0.7636197
3,7.033752,1477932380802.8,3,0.2003491,0.6463723,5,0.07073617,0.7465159
3,8.033875,1477932381802.62,3,0.1261405,0.5875537,5,0.04934704,0.7589479
3,9.067139,1477932382836.34,3,0.07958293,0.5718516,5,0.04260015,0.7658873
3,10.10046,1477932383870.28,3,0.1058815,0.6051953,5,0.6301024,0.4802663
3,11.10071,1477932384869.72,3,0.209336,0.7303968,5,0.4763377,0.4336973
4,0,1,3,8.09699,10.03699,1477932383835.2,11.47699,1477932385268.94
3,12.13397,1477932385902.74,3,0.1244946,0.7175954,5,0.2583933,0.4327283
3,13.16736,1477932386936.48,3,0.1113281,0.5873235,5,0.2593825,0.5576044
3,14.16742,1477932387936.88,3,0.1692801,0.6653206,5,0.3462942,0.6753643
3,15.16748,1477932388936.62,3,0.1814511,0.7495618,5,0.3643649,0.7751092
3,16.16754,1477932389936.57,3,0.1205685,0.7367974,5,0.5889895,0.4035063
3,17.1676,1477932390936.65,3,0.1644039,0.6502578,5,0.4598496,0.3640371
4,1,1,5,14.07703,15.83704,1477932389635.41,17.43701,1477932391235.86
3,18.16766,1477932391937.1,3,0.1760955,0.6855981,5,0.2481067,0.3005327
3,19.16772,1477932392936.8,3,0.1042602,0.7682278,5,0.2482076,0.4036474
3,20.16779,1477932393937.03,3,0.08604479,0.707679,5,0.2482076,0.5012788
3,21.16785,1477932394936.96,3,0.1928105,0.7417348,5,0.309495,0.5918704
3,22.16791,1477932395936.99,3,0.5810714,0.4108059,5,0.4029455,0.6094759
3,23.16791,1477932396936.87,3,0.463841,0.3524636,5,0.5095854,0.6196944
4,1,1,3,20.11700,21.93701,1477932395736.12,23.47699,1477932397269.51
3,24.16803,1477932397937.12,3,0.2215738,0.2839936,5,0.6162252,0.657236
3,25.16803,1477932398937.44,3,0.2216763,0.4159294,5,0.7228651,0.5926989
3,26.16803,1477932399936.94,3,0.2216768,0.5229473,5,0.8540316,0.7535563
3,27.16827,1477932400937.59,3,0.2216768,0.6521207,5,0.8699598,0.6885824
3,28.16882,1477932401938.35,3,0.2216768,0.7821829,5,0.6755381,0.3792511
3,29.2016,1477932402970.51,3,0.2216768,0.6884229,5,0.4587841,0.3892991
4,1,1,5,26.09698,27.37701,1477932401169.46,29.59698,1477932403370.37
5,3,5,1
3,30.2016,1477932403971.74,3,0.1704593,0.6161897,5,0.4187303,0.4840618,1,0.02999544,0.5461966
3,31.20172,1477932404971.09,3,0.294445,0.6826575,5,0.405467,0.5483465,1,0.1470914,0.6469904
3,32.20178,1477932405970.88,3,0.1819024,0.5887728,5,0.4752798,0.6222396,1,0.1205621,0.7893544
3,33.23517,1477932407003.77,3,0.09537411,0.6052657,5,0.5481648,0.7404609,1,0.2312369,0.7714138
3,34.26855,1477932408037.65,3,0.1258416,0.7727016,5,0.4373736,0.7439734,1,0.5734835,0.4198128
3,35.26862,1477932409037.88,3,0.05297613,0.6532946,5,0.3399081,0.6074899,1,0.4455628,0.3895747
4,1,1,1,32.11700,33.91699,1477932407703.39,35.47699,1477932409270.19
3,36.26886,1477932410038.15,3,0.07560825,0.6239411,5,0.3124728,0.6572539,1,0.2052665,0.2885968
3,37.30206,1477932411071.78,3,0.0852356,0.7518808,5,0.2436929,0.7439917,1,0.1393437,0.4207425
3,38.30212,1477932412071.39,3,0.07774115,0.679209,5,0.3672123,0.7183291,1,0.1178288,0.4830248
3,39.33545,1477932413104.43,3,0.07583666,0.7811705,5,0.4106808,0.6042966,1,0.09497118,0.5729875
3,40.33557,1477932414104.09,3,0.07166767,0.7896268,5,0.6098528,0.4006176,1,0.05603504,0.5875303
3,41.33563,1477932415104.31,3,0.09416771,0.7848196,5,0.4300957,0.3887279,1,0.08322144,0.5857139
3,42.33575,1477932416104.27,3,0.07221508,0.7827392,5,0.3744688,0.4957364,1,0.05391598,0.5801606
3,43.33575,1477932417104.31,3,0.06861401,0.7503238,5,0.3744936,0.6457168,1,0.06839657,0.5506653
3,44.33582,1477932418104.39,3,0.09350204,0.7744238,5,0.3744936,0.7783908,1,0.07768154,0.5652962
3,45.33588,1477932419104.54,3,0.09381771,0.7879064,5,0.3744936,0.5958973,1,0.1306505,0.5943245
3,46.33588,1477932420104.6,3,0.6345158,0.469872,5,0.3523293,0.5999013,1,0.05615997,0.6102015
3,47.33594,1477932421104.52,3,0.4351339,0.4881954,5,0.4385796,0.7178962,1,0.1273041,0.6984406
4,1,1,3,44.11700,46.13702,1477932419937.03,47.45703,1477932421238.04
3,48.336,1477932422104.71,3,0.1639862,0.4230584,5,0.5248299,0.7320709,1,0.1926575,0.6346107
3,49.33606,1477932423104.5,3,0.1105509,0.5257917,5,0.6534805,0.5946262,1,0.2631531,0.7180222
3,50.33612,1477932424104.66,3,0.05693722,0.591804,5,0.8603897,0.6868218,1,0.3336487,0.6913306
3,51.36951,1477932425138.58,3,0.1758394,0.6572053,5,0.6856346,0.756593,1,0.4069633,0.6379472
3,52.36963,1477932426138.41,3,0.3162966,0.6091579,5,0.6192503,0.4187466,1,0.4821854,0.7678062
3,53.40295,1477932427171.91,3,0.4028606,0.6398411,5,0.4136353,0.4246466,1,0.5439243,0.707285
4,1,1,5,50.07703,51.57703,1477932425370.68,53.71704,1477932427504.57
5,3,5,1,2
3,54.40308,1477932428172.18,3,0.3299274,0.6799469,5,0.4442968,0.4939919,1,0.6341076,0.6907824,2,0.05178547,0.4383403
3,55.40314,1477932429172.18,3,0.1915264,0.7600028,5,0.3193769,0.5926086,1,0.8651257,0.5694242,2,0.06075764,0.545095
3,56.43646,1477932430205.05,3,0.1980095,0.7100281,5,0.4746284,0.7000005,1,0.6387291,0.6814909,2,0.06554604,0.616931
3,57.43652,1477932431205,3,0.1283455,0.7822189,5,0.4301863,0.7669073,1,0.5866547,0.7605731,2,0.08177853,0.572718
3,58.43658,1477932432205.11,3,0.07593918,0.779591,5,0.3295927,0.6030694,1,0.5079689,0.6961653,2,0.5157108,0.3278162
4,1,1,2,56.07703,57.99701,1477932431771.49,59.41699,1477932433204.68
3,59.43665,1477932433213.03,3,0.07653522,0.6490315,5,0.3141041,0.6842663,1,0.5973854,0.5758751,2,0.4083176,0.3463076
3,60.43671,1477932434205.33,3,0.186904,0.6196364,5,0.4592915,0.5881104,1,0.6816597,0.6526638,2,0.1951599,0.2882089
3,61.43677,1477932435205.42,3,0.08635616,0.7676561,5,0.6044893,0.6458039,1,0.7822542,0.7362438,2,0.2582598,0.420232
3,62.43683,1477932436205.38,3,0.07578754,0.6500289,5,0.703804,0.7166148,1,0.8577347,0.7016082,2,0.3268051,0.5511669
3,63.43689,1477932437205.54,3,0.1529894,0.6070758,5,0.4969711,0.568166,1,0.7177353,0.7681038,2,0.3953171,0.7272317
3,64.43695,1477932438205.49,3,0.5355272,0.3834023,5,0.4224873,0.607248,1,0.5777359,0.7809151,2,0.360075,0.7888146
4,1,1,3,62.09698,63.89703,1477932437671.84,65.41699,1477932439205.17
3,65.43695,1477932439212.3,3,0.4028502,0.3764714,5,0.4134321,0.5693669,1,0.4729214,0.7809439,2,0.301074,0.7230475
3,66.43707,1477932440206.02,3,0.2823105,0.3395262,5,0.250927,0.6282927,1,0.5511303,0.6323701,2,0.0713129,0.7393448
3,67.43707,1477932441206.1,3,0.2810593,0.4202817,5,0.2806835,0.620322,1,0.6278057,0.626178,2,0.1326866,0.6461693
3,68.43713,1477932442206.17,3,0.1563625,0.4971681,5,0.1802912,0.726141,1,0.7044811,0.735836,2,0.03741837,0.6180981
3,69.43713,1477932443206.55,3,0.1812162,0.5128399,5,0.2070627,0.7138457,1,0.7811565,0.6166425,2,0.06473637,0.651752
3,70.43726,1477932444206.35,3,0.2990599,0.5687279,5,0.3035078,0.7849899,1,0.6076107,0.4708074,2,0.1298838,0.769939
4,1,1,1,68.09698,69.53699,1477932443305.63,71.41699,1477932445205.5
5,3,5,1,2,0
3,71.43732,1477932445221.04,3,0.3293686,0.5806026,5,0.3407774,0.7827031,1,0.4222374,0.4358598,2,0.1377544,0.6505173,0,-0.02899933,0.3666666
3,72.43738,1477932446206.53,3,0.3166847,0.5756076,5,0.2779083,0.7788756,1,0.4879484,0.4703872,2,0.09390354,0.6230319,0,0.0421524,0.4353376
3,73.4375,1477932447206.7,3,0.2917824,0.5530446,5,0.2315912,0.7360378,1,0.711566,0.6146253,2,0.07640076,0.7407084,0,0.05039787,0.5440528
3,74.4375,1477932448206.68,3,0.2623024,0.5644833,5,0.2458124,0.7741886,1,0.9351835,0.6552883,2,0.0777998,0.7239296,0,0.07137394,0.5229084
3,75.47083,1477932449239.88,3,0.2080259,0.5781418,5,0.330966,0.7403579,1,0.8218641,0.6526027,2,0.1291838,0.7835351,0,0.05834675,0.5867639
3,76.47095,1477932450239.83,3,0.3074026,0.6953462,5,0.5028563,0.5985434,1,0.7088661,0.5843928,2,0.08028126,0.7757828,0,0.07003212,0.5701673
