%Recollect Version 2.0. Scene/Level: multi1_intro, Game Number: 033
%Note: All true/false values are represented as "1" and "0" respectively.
%Damage:1,Player X Position,Player Y Position,Hearts Left,Time (Relative),Time (Absolute)
%MultiObjectBugListChanged:5,[Array of Bug Types]
%BugPositions:3,Time (Relative),Time (Absolute),(For Each Bug:)Bug Color,Bug Position X,Bug Position Y
%MultiObjectTask:4,Matched Correctly,Was Collected,Flower Type,Reveal Time (R),Reveal Time (A),Pollenation Time (R) (-1.0 = unpollenated),Pollenation Time (A) (-1.0 = unpollenated),Death Time (R),Death Time (A)
%Possible values for "Flower Types":Red=0,Green=1,Blue=2,Yellow=3,White=4,Magenta=5,
5,2,0,1,4
3,0,1478213356813.49,2,0.175,0.7,0,0.425,0.5,1,0.475,0.7666667,4,0.825,0.5666667
3,1.033813,1478213357775.04,2,0.3182345,0.7646455,0,0.5166417,0.5948865,1,0.4674498,0.7833769,4,0.70749,0.6644877
3,2.066528,1478213358808.69,2,0.2232363,0.6301829,0,0.5031438,0.5730336,1,0.4647954,0.7660174,4,0.6344243,0.7153705
3,3.06665,1478213359808.8,2,0.2105173,0.6346073,0,0.5054218,0.5660635,1,0.448211,0.7591828,4,0.6024997,0.7180484
3,4.099976,1478213360841.98,2,0.2653584,0.6050288,0,0.4212264,0.5771787,1,0.4144294,0.7766129,4,0.6257955,0.7799376
3,5.100098,1478213361841.67,2,0.4853468,0.372501,0,0.4777322,0.5701733,1,0.4841216,0.7901893,4,0.845134,0.6167839
4,1,1,2,2.09479,4.41480,1478213361173.65,5.49481,1478213362241.13
3,6.133423,1478213362874.53,2,0.1928103,0.3296309,0,0.4778299,0.56458,1,0.4547539,0.7618196,4,0.9099146,0.7597673
3,7.133484,1478213363874.78,2,0.3016112,0.5041355,0,0.5349499,0.6142894,1,0.3887236,0.7511187,4,0.8278891,0.7788829
3,8.133545,1478213364874.75,2,0.3756227,0.5876895,0,0.6094301,0.7102938,1,0.2684309,0.7500167,4,0.7590148,0.6960561
3,9.133667,1478213365874.74,2,0.4382167,0.6315579,0,0.5528803,0.7600209,1,0.2090337,0.634104,4,0.8922057,0.7238522
3,10.13373,1478213366875.06,2,0.4040787,0.5904444,0,0.4940214,0.7756541,1,0.5967989,0.357581,4,0.9215977,0.5918176
3,11.13373,1478213367874.46,2,0.1666424,0.7058322,0,0.5963507,0.6395394,1,0.4665208,0.4250979,4,0.8399441,0.7601826
4,1,1,1,8.09479,10.07477,1478213366840.68,11.47479,1478213368240.87
3,12.13379,1478213368874.79,2,0.1951294,0.692641,0,0.5840657,0.6053222,1,0.1803291,0.3401504,4,0.9061122,0.7654011
3,13.13385,1478213369874.86,2,0.3904099,0.5818716,0,0.5189562,0.6895699,1,0.1806202,0.4428002,4,0.9346485,0.7101704
3,14.13391,1478213370874.59,2,0.5226412,0.6968191,0,0.7459297,0.7441897,1,0.1258984,0.5744632,4,0.8850174,0.6192439
3,15.13397,1478213371875.12,2,0.6012301,0.7742259,0,0.7673175,0.7710988,1,0.05652809,0.6315211,4,0.9397471,0.6096857
3,16.13409,1478213372875.31,2,0.6873832,0.7362917,0,0.83162,0.7552555,1,0.1623526,0.6030446,4,0.9449413,0.5688354
3,17.16736,1478213373909.85,2,0.5591254,0.7420363,0,0.4649463,0.3525831,1,0.2926581,0.5798786,4,0.8620143,0.6539832
5,2,1,4
4,0,1,4,14.07477,16.37476,1478213373141.16,17.81476,1478213374581.33
3,18.16742,1478213374909.17,2,0.4706964,0.633849,1,0.2743645,0.6048729,4,0.8380122,0.7687992
3,19.16754,1478213375909.37,2,0.391427,0.6022392,1,0.06079364,0.6311784,4,0.9236903,0.6411432
3,20.16754,1478213376908.88,2,0.3575487,0.6076534,1,0.2071524,0.5788461,4,0.8619857,0.6436284
3,21.16766,1478213377909.21,2,0.3177972,0.6626382,1,0.1379042,0.6414193,4,0.7964525,0.7742019
3,22.16772,1478213378909.29,2,0.2125306,0.747013,1,0.5433755,0.3492978,4,0.7656813,0.6972172
3,23.16779,1478213379909.1,2,0.3093576,0.7435601,1,0.4619198,0.3493315,4,0.8248281,0.5977458
3,24.20111,1478213380942.69,2,0.3135576,0.6682016,1,0.3084664,0.3727069,4,0.7940569,0.6307039
3,25.20117,1478213381942.85,2,0.2735043,0.6165304,1,0.334116,0.433798,4,0.7270947,0.6231974
3,26.20123,1478213382942.72,2,0.3144426,0.6981346,1,0.426455,0.5020831,4,0.6502094,0.6368233
3,27.23456,1478213383975.89,2,0.3853564,0.7730245,1,0.5528932,0.5651528,4,0.7334447,0.6941805
3,28.23468,1478213384976.2,2,0.4548793,0.6689308,1,0.6768517,0.6709757,4,0.6483631,0.4043117
3,29.23474,1478213385975.92,2,0.5304446,0.7537724,1,0.8007956,0.6244137,4,0.4547367,0.3893754
3,30.26813,1478213387009.72,2,0.574132,0.6785839,1,0.9185715,0.6355831,4,0.5004802,0.5010275
3,31.26825,1478213388009.55,2,0.6846466,0.7300339,1,0.8351579,0.709442,4,0.3166933,0.6185787
3,32.26825,1478213389009.37,2,0.4434991,0.6137588,1,0.697638,0.742847,4,0.3245773,0.7351036
3,33.26831,1478213390009.2,2,0.5302172,0.5766289,1,0.6575646,0.7582439,4,0.4120517,0.7646698
3,34.26837,1478213391009.2,2,0.6345353,0.3785605,1,0.7758584,0.6996654,4,0.5155444,0.7265626
3,35.26843,1478213392009.34,2,0.4476218,0.3885859,1,0.8941522,0.779948,4,0.6190372,0.7578643
4,1,1,2,32.11481,33.61481,1478213390375.19,35.47479,1478213392242.09
3,36.30176,1478213393043.06,2,0.3643622,0.4677173,1,0.9111137,0.763824,4,0.732831,0.755661
3,37.30188,1478213394043.21,2,0.3038812,0.5884266,1,0.9264936,0.7134274,4,0.6553097,0.6072507
3,38.30194,1478213395043.36,2,0.2242303,0.6431754,1,0.8611269,0.619206,4,0.5249233,0.6051258
3,39.30206,1478213396043.62,2,0.1445789,0.6090717,1,0.7952404,0.4469586,4,0.394537,0.6431094
3,40.33539,1478213397077.06,2,0.07404709,0.5933586,1,0.6228161,0.3937337,4,0.258935,0.6004122
3,41.33545,1478213398076.89,2,0.08409405,0.5837116,1,0.4422197,0.399868,4,0.2739992,0.5757884
3,42.33545,1478213399077,2,0.1718836,0.7262077,1,0.4241657,0.4528961,4,0.3559885,0.6308895
3,43.33582,1478213400077.05,2,0.2283859,0.7640066,1,0.4771357,0.4900018,4,0.3536882,0.6157801
3,44.36896,1478213401110.17,2,0.1266451,0.6959544,1,0.561142,0.6148561,4,0.2806416,0.6206349
3,45.36896,1478213402109.75,2,0.06179523,0.7336068,1,0.6435013,0.5795533,4,0.37784,0.7147753
3,46.36908,1478213403110.49,2,0.08857441,0.577503,1,0.5981102,0.5122868,4,0.3661547,0.7470691
3,47.36926,1478213404110.14,2,0.1264839,0.5596188,1,0.4270773,0.4894083,4,0.2780752,0.6285076
5,2,4
4,0,1,4,44.11481,45.53479,1478213402276.33,47.45477,1478213404214
3,48.40247,1478213405143.9,2,0.09604549,0.6580335,4,0.4246273,0.7409272
3,49.40253,1478213406143.66,2,0.2030382,0.6445715,4,0.5655422,0.7194834
3,50.40271,1478213407144.07,2,0.310339,0.5776314,4,0.7064571,0.6007626
3,51.43591,1478213408177.15,2,0.4219389,0.6754182,4,0.8174953,0.5637115
3,52.43634,1478213409177.43,2,0.5561628,0.7789013,4,0.6064196,0.4347566
3,53.46948,1478213410210.4,2,0.5979681,0.6498811,4,0.4016447,0.4246846
3,54.46985,1478213411210.49,2,0.4586172,0.6074381,4,0.2922792,0.5202167
3,55.50281,1478213412244.72,2,0.5645237,0.7164524,4,0.170187,0.6181344
3,56.50293,1478213413243.97,2,0.5601339,0.743086,4,0.09318542,0.7532384
3,57.50299,1478213414244.03,2,0.6491013,0.3732508,4,0.05328846,0.6770942
3,58.50305,1478213415244.54,2,0.5795012,0.3493464,4,0.1876049,0.6008924
4,0,1,4,56.07477,57.45477,1478213414209.84,59.41479,1478213416177
3,59.50311,1478213416244.56,2,0.4021311,0.3533345,4,0.09043694,0.7164702
3,60.50317,1478213417244.97,2,0.4024792,0.5054415,4,0.2196789,0.6190715
3,61.50323,1478213418244.09,2,0.4024906,0.6483363,4,0.1576452,0.6121043
3,62.5033,1478213419244.21,2,0.4025078,0.7618433,4,0.09047699,0.7112959
3,63.5033,1478213420244.68,2,0.5585346,0.4808564,4,0.2534637,0.6340789
3,64.50342,1478213421244.31,2,0.5771551,0.4128684,4,0.4018478,0.6301719
4,1,1,2,62.09479,63.57477,1478213420343.49,65.41479,1478213422177.01
3,65.50342,1478213422244.27,2,0.3939705,0.409885,4,0.2164536,0.7336552
3,66.50348,1478213423244.47,2,0.4290733,0.5087917,4,0.2535782,0.7024238
3,67.5036,1478213424244.44,2,0.5396318,0.6275,4,0.1886978,0.5923575
3,68.53687,1478213425278.17,2,0.6906385,0.7283815,4,0.06642532,0.7273642
3,69.53699,1478213426278.24,2,0.8358259,0.6137434,4,0.3380842,0.5033706
3,70.53699,1478213427278.1,2,0.6008692,0.4892083,4,0.8086166,0.2996859
4,0,1,4,68.09479,69.61481,1478213426377.23,71.41479,1478213428177.41
3,71.53711,1478213428278.08,2,0.3863554,0.4653256,4,0.759161,0.414671
3,72.53723,1478213429278.14,2,0.456645,0.5616001,4,0.9461832,0.5611787
3,73.53723,1478213430278.63,2,0.4149942,0.6709504,4,0.927165,0.7146856
3,74.5376,1478213431278.56,2,0.2915506,0.7768331,4,0.8541164,0.7317026
3,75.57068,1478213432312.29,2,0.1656389,0.6475225,4,0.945116,0.6298981
3,76.57074,1478213433311.48,2,0.08464336,0.5665632,4,0.7908001,0.7117264
