%Recollect Version 2.0. Scene/Level: multi1_intro, Game Number: 006
%Note: All true/false values are represented as "1" and "0" respectively.
%Damage:1,Player X Position,Player Y Position,Hearts Left,Time (Relative),Time (Absolute)
%MultiObjectBugListChanged:5,[Array of Bug Types]
%BugPositions:3,Time (Relative),Time (Absolute),(For Each Bug:)Bug Color,Bug Position X,Bug Position Y
%MultiObjectTask:4,Matched Correctly,Was Collected,Flower Type,Reveal Time (R),Reveal Time (A),Pollenation Time (R) (-1.0 = unpollenated),Pollenation Time (A) (-1.0 = unpollenated),Death Time (R),Death Time (A)
%Possible values for "Flower Types":Red=0,Green=1,Blue=2,Yellow=3,White=4,Magenta=5,
5,1,5,2
3,0,1477517636121.46,1,0.1666666,0.7,5,0.45,0.4333333,2,0.7833333,0.5666667
3,1.000061,1477517637051.81,1,0.06093571,0.780953,5,0.4236403,0.5272625,2,0.8954747,0.6595374
3,2.000122,1477517638052.27,1,0.06109351,0.6949442,5,0.4231895,0.6316132,2,0.8905526,0.7604839
3,3.033508,1477517639084.82,1,0.2123364,0.6072154,5,0.4346728,0.736777,2,0.7012171,0.6926906
3,4.033569,1477517640084.89,1,0.07775623,0.6182819,5,0.4188505,0.5984072,2,0.8690929,0.5846351
3,5.03363,1477517641084.93,1,0.1577648,0.741023,5,0.4142122,0.7064001,2,0.531741,0.4350707
5,1,5
4,0,1,1,2.09436,4.37433,1477517640450.88,5.49432,1477517641560.21
3,6.033752,1477517642084.88,1,0.2377707,0.7275977,5,0.4307759,0.7337
3,7.067139,1477517643118.93,1,0.3204424,0.6361352,5,0.5329016,0.6434817
3,8.067139,1477517644118.89,1,0.391577,0.7505538,5,0.6497266,0.6202217
3,9.067444,1477517645119.2,1,0.3830354,0.683513,5,0.7665517,0.7032931
3,10.10059,1477517646152.54,1,0.6496391,0.3709247,5,0.8786886,0.7706959
3,11.10065,1477517647152.28,1,0.4777904,0.4314906,5,0.9454656,0.6898971
4,0,1,5,8.09436,9.63434,1477517645717.87,11.47437,1477517647551.53
3,12.10095,1477517648153.08,1,0.4126685,0.479932,5,0.8690026,0.5851772
3,13.13409,1477517649185.16,1,0.5264385,0.5846735,5,0.8845205,0.6687467
3,14.13409,1477517650185.05,1,0.6378665,0.7002328,5,0.9338417,0.7824699
3,15.13422,1477517651185.36,1,0.7502871,0.5777332,5,0.8877964,0.6996942
3,16.13422,1477517652185.52,1,0.6731472,0.3346365,5,0.7423275,0.5908663
3,17.13428,1477517653185.37,1,0.4703269,0.3625,5,0.5628269,0.5785293
4,1,1,1,14.07434,15.41437,1477517651484.79,17.43433,1477517653518.68
3,18.1344,1477517654186.36,1,0.4335923,0.4437959,5,0.3891215,0.6458076
3,19.1344,1477517655186.04,1,0.5308776,0.5563577,5,0.247787,0.7672103
3,20.13446,1477517656186.45,1,0.4919677,0.6544745,5,0.3043208,0.6886298
3,21.16785,1477517657219.46,1,0.4124422,0.594813,5,0.2325163,0.5526332
3,22.16791,1477517658219.48,1,0.4568334,0.6780169,5,0.6863966,0.3251007
3,23.16797,1477517659219.27,1,0.5505986,0.7555429,5,0.4695907,0.3486991
4,1,1,5,20.11432,21.65436,1477517657718.44,23.47437,1477517659552.21
3,24.16797,1477517660219.17,1,0.6443639,0.6115603,5,0.3550673,0.4059998
3,25.16833,1477517661220.12,1,0.7381291,0.6749127,5,0.3551078,0.5538427
3,26.20148,1477517662253.47,1,0.8343477,0.7720261,5,0.4243937,0.6481007
3,27.2348,1477517663286.35,1,0.9305148,0.7667716,5,0.2742519,0.7448397
3,28.23492,1477517664286.43,1,0.6727223,0.3821172,5,0.360857,0.7096053
3,29.23499,1477517665286.79,1,0.4454503,0.3716024,5,0.4728179,0.5933152
4,1,1,1,26.09436,27.67432,1477517663752.23,29.45435,1477517665519.08
5,1,5,4
3,30.23505,1477517666286.74,1,0.2679286,0.5342848,5,0.6241512,0.7338359,4,0.05929375,0.6672907
3,31.23511,1477517667286.82,1,0.2787523,0.6743083,5,0.5999165,0.6773149,4,0.1060305,0.7741597
3,32.23517,1477517668287.02,1,0.3357258,0.7516862,5,0.472765,0.593934,4,0.1121845,0.6746278
3,33.26855,1477517669320.1,1,0.2923923,0.610413,5,0.688343,0.6373656,4,0.06113434,0.5731054
3,34.26862,1477517670319.91,1,0.3861194,0.6466915,5,0.6468978,0.3877877,4,0.1110277,0.6908088
3,35.26886,1477517671320.17,1,0.4798465,0.6055396,5,0.4477248,0.3886642,4,0.1875887,0.7017171
4,1,1,5,32.11432,33.37433,1477517669452.42,35.45435,1477517671519.47
3,36.30206,1477517672353.8,1,0.6116261,0.6930385,5,0.3288641,0.4871913,4,0.2225676,0.6283025
3,37.30212,1477517673354.26,1,0.6885519,0.7192785,5,0.2654533,0.5475385,4,0.1365037,0.6766562
3,38.30212,1477517674353.99,1,0.5406179,0.5787565,5,0.1858025,0.6586591,4,0.05904245,0.7688474
3,39.30225,1477517675354.06,1,0.5941744,0.7309973,5,0.3562479,0.5865932,4,0.1699877,0.6728227
3,40.33545,1477517676387.73,1,0.6875238,0.6838033,5,0.4335642,0.6788118,4,0.2896643,0.4506047
3,41.33563,1477517677387.14,1,0.7772837,0.7851117,5,0.2187967,0.7577321,4,0.4115849,0.3589369
4,1,1,4,38.07434,40.57434,1477517676652.7,41.67432,1477517677752.99
3,42.336,1477517678387.69,1,0.8452692,0.7481505,5,0.3648386,0.6102113,4,0.1792679,0.272727
3,43.36914,1477517679420.26,1,0.7503939,0.7056081,5,0.5886793,0.7007135,4,0.1694479,0.4523422
3,44.36914,1477517680420.6,1,0.9507036,0.6828091,5,0.6803846,0.6040236,4,0.101985,0.5851105
3,45.3692,1477517681420.88,1,0.8799849,0.5797582,5,0.734025,0.5688549,4,0.1640692,0.7276849
3,46.36926,1477517682420.7,1,0.6442833,0.4479476,5,0.6607742,0.6492761,4,0.1747847,0.7711578
3,47.36932,1477517683420.83,1,0.5670614,0.4322841,5,0.6767187,0.7597442,4,0.1199675,0.6389054
4,1,1,1,44.11432,44.93433,1477517680987.83,47.43433,1477517683487.28
5,1,5,4,0
3,48.36938,1477517684421.03,1,0.6792297,0.5044549,5,0.7948685,0.6312866,4,0.1310949,0.6216782,0,0.05325699,0.4472606
3,49.36945,1477517685420.69,1,0.5676374,0.5880932,5,0.8286009,0.5815455,4,0.06348991,0.7479796,0,0.05713558,0.5404395
3,50.36945,1477517686421.46,1,0.4277525,0.6604014,5,0.8969603,0.6007264,4,0.0599184,0.7598084,0,0.1029034,0.5649471
3,51.36957,1477517687420.97,1,0.2878675,0.596541,5,0.818469,0.4918385,4,0.07733917,0.7809518,0,0.0514698,0.5844544
3,52.36969,1477517688421.01,1,0.2105885,0.6515433,5,0.6216145,0.425386,4,0.07155895,0.7759974,0,0.07111263,0.5765578
5,1,4,0
3,53.40302,1477517689454.67,1,0.4204693,0.6508799,4,0.0964756,0.7803373,0,0.07464027,0.5823451
3,54.40302,1477517690454.6,1,0.645956,0.5700832,4,0.1182404,0.778495,0,0.08717155,0.5729808
3,55.40314,1477517691454.67,1,0.8714428,0.7170041,4,0.1268415,0.7908503,0,0.1459723,0.5924713
3,56.40332,1477517692454.9,1,0.8345432,0.7448823,4,0.1163111,0.7684378,0,0.1224451,0.5632252
3,57.43658,1477517693488.27,1,0.6219368,0.59518,4,0.1069355,0.7811797,0,0.1707458,0.5967265
3,58.43677,1477517694488.18,1,0.4175072,0.7391245,4,0.1199522,0.689481,0,0.574337,0.3223659
4,1,1,0,56.07434,57.91437,1477517693987.01,59.39435,1477517695454.49
3,59.47003,1477517695521.25,1,0.214139,0.7398088,4,0.049963,0.5905687,0,0.3992701,0.3435696
3,60.47003,1477517696521.17,1,0.1989079,0.7794094,4,0.1104727,0.590317,0,0.2056665,0.301091
3,61.47009,1477517697521.08,1,0.3112307,0.6960156,4,0.04825497,0.5946338,0,0.2057152,0.4209889
3,62.47015,1477517698521.25,1,0.3861437,0.6027749,4,0.1233759,0.6627629,0,0.2301579,0.5225308
3,63.50348,1477517699555.11,1,0.4029465,0.6003174,4,0.07159805,0.6208451,0,0.2137976,0.5918724
3,64.50385,1477517700555.48,1,0.4058886,0.5356798,4,0.5908804,0.3767091,0,0.2582235,0.5718712
4,1,1,4,62.09436,64.05432,1477517700120.63,65.41437,1477517701487.66
3,65.53705,1477517701589.03,1,0.5129089,0.6787718,4,0.3820248,0.3825553,0,0.1127815,0.762152
3,66.57037,1477517702621.36,1,0.6432571,0.7291722,4,0.1478415,0.3565376,0,0.1343021,0.6460232
3,67.57043,1477517703621.49,1,0.5155411,0.5876247,4,0.09253407,0.479083,0,0.2942982,0.644785
3,68.5705,1477517704621.55,1,0.5155792,0.6786386,4,0.07813454,0.5671071,0,0.1239347,0.7774515
3,69.60382,1477517705655.6,1,0.4716024,0.7543308,4,0.09786701,0.5759604,0,0.171979,0.7763949
3,70.604,1477517706655.44,1,0.5727148,0.7240262,4,0.1085482,0.667227,0,0.5212421,0.4468369
4,1,1,0,68.09436,69.95435,1477517706021.04,71.41437,1477517707487.96
5,1,4,0,2
3,71.604,1477517707655.89,1,0.6228323,0.5958079,4,0.2837954,0.6599257,0,0.358469,0.4353229,2,-0.008552551,0.521562
3,72.60425,1477517708655.99,1,0.538866,0.664171,4,0.3938828,0.5996094,0,0.2075367,0.427062,2,0.1531296,0.6675732
3,73.63745,1477517709689.37,1,0.5303736,0.6004565,4,0.3771696,0.5740117,0,0.2228451,0.5116313,2,0.1689863,0.7312821
3,74.63757,1477517710689.18,1,0.6462641,0.6408026,4,0.4519072,0.6867734,0,0.2307949,0.6265827,2,0.05683422,0.7208045
3,75.63763,1477517711690.12,1,0.6806803,0.770835,4,0.4384336,0.6970451,0,0.1933851,0.724503,2,0.0447216,0.7490434
3,76.6377,1477517712696.38,1,0.7622385,0.6776932,4,0.411108,0.6907458,0,0.2604218,0.7540242,2,0.05954266,0.7204496
