%Recollect Version 2.0. Scene/Level: span2_intro, Game Number: 043
%Note: All true/false values are represented as "1" and "0" respectively.
%Damage:1,Player X Position,Player Y Position,Hearts Left,Time (Relative),Time (Absolute)
%SpanCollectionOrder:6,Time (R),Time (A),Is Reversed. (Arrangement order is from bottom left to top right)
%SpanArrangementOrder:7,[Array of Span Types] (Order is from bottom left to top right). 
%SpanPlayerInput:8,beginTime,endTime,[Array of Positions in Arrangment Pressed, followed by time]
6,0.00000,1479939975661.15,0,2,6,7,1
7,2,7,5,6,1,6
6,13.18329,1479939988802.17,1,4,3,6,0
7,3,7,6,4,0,6
8,5.68329,13.18329,4,8.80048,1,10.06738,3,10.86737,1,11.63409
6,25.32330,1479940000935.55,0,1,5,4,7
7,7,1,6,0,5,4
8,17.84326,25.32330,3,20.83447,0,21.23438,2,21.60175,4,21.93445
6,37.90326,1479940013535.62,0,2,3,0,7
7,0,7,3,6,4,2
8,30.40326,37.90326,1,32.76868,4,33.13617,5,33.86853,0,34.16846
6,49.78326,1479940025402.95,1,0,1,7,2,3
7,7,3,1,7,0,4,2
8,42.28326,49.78326,5,44.76929,2,45.00250,0,45.60254,1,45.80255
6,62.04327,1479940037670.3,0,2,3,0,4,1
7,1,0,7,4,2,3,7
8,54.56329,62.04327,4,58.60321,2,58.96997,0,59.30334,5,60.23663,1,60.43719
6,74.48328,1479940050104.41,1,4,6,1,2,5
7,5,1,4,2,7,6,7
8,66.98328,74.48328,4,68.90399,5,69.10437,1,69.33716,3,69.57050,0,69.77045
6,86.60327,1479940062205.41,0,1,6,0,4,2
7,7,1,6,2,4,7,0
8,79.10327,86.60327,2,82.00513,5,82.23785,1,82.47131,3,82.67120,0,82.87122
6,98.76331,1479940074372.76,0,7,0,2,5,4,6
7,7,6,1,4,2,5,7,0
8,91.26331,98.76331,1,94.13904,2,94.37195,6,94.57196,4,94.80542,3,95.00549
6,111.34330,1479940086973.33,1,7,5,3,1,2,6
7,4,7,2,5,3,1,6,6
8,103.84330,111.34330,0,106.10590,3,106.50620,7,107.00590,4,107.23930,6,108.33940,5,108.50590,2,108.87270
6,123.20330,1479940098807.61,0,3,5,6,4,7,2
7,5,2,4,0,6,7,3,6
8,115.72330,123.20330,1,119.60670,3,119.94060,4,120.27340,5,121.00680,2,121.47410,6,121.70680
6,135.48330,1479940111107.89,0,7,0,3,5,2,6
7,2,1,5,7,7,6,0,3
8,128.00330,135.48330,6,130.77400,0,130.94070,4,131.14070,2,131.87410,5,132.24070,1,133.00740
8,140.42330,147.90330,4,142.04120,6,142.90860,7,143.44140,2,145.30860
1,616.67510,0.75452,2,152.62330,1479940128241.65
