%Recollect Version 2.3. Scene/Level: , Session: 10, GameNumber: 0
%Note: All true/false values are represented as "1" and "0" respectively.
%Damage:1,Player X Position,Player Y Position,Hearts Left,Time (Relative),Time (Absolute)
%LameBackObject:Algorithm Condition,Trial Number,Current N Level,Lure Rate,Is Correct,Stimulus Type,Stimulus Color,Presentation Time (R),Presentation Time (A),Response Time (R),Response Time (A),Expire Time (R),Expire Time (A)
%Possible values for "Color":Red=0,Blue=1,Green=2,Yellow=3,Purple=4,LightBlue=5,Brown=6,White=7,
%Possible values for "Type":NonTarget=0,Target=1,Lure=2,lessThanN=3,
2,1,3,0.3,1,3,5,15.52104,1487027808427,-1,-1,15.02101,1487027807927
2,2,3,0.3,1,3,1,18.52124,1487027811427,-1,-1,18.02118,1487027810930
2,3,3,0.3,1,3,4,21.52138,1487027814427,-1,-1,21.02135,1487027813930
2,4,3,0.3,1,1,5,24.52156,1487027817427,25.25512,1487027818161,24.02152,1487027816930
2,5,3,0.3,1,0,2,27.52172,1487027820428,-1,-1,27.02169,1487027819930
2,6,3,0.3,1,2,2,30.55522,1487027823461,-1,-1,30.02185,1487027822931
2,7,3,0.3,1,2,2,33.55539,1487027826461,-1,-1,33.05535,1487027825964
2,8,3,0.3,1,1,2,36.55556,1487027829462,37.28903,1487027830195,36.05552,1487027828964
2,9,3,0.3,1,1,2,39.58915,1487027832495,41.3894,1487027834295,39.05579,1487027831964
2,10,3,0.3,1,2,4,42.62256,1487027835528,-1,-1,42.08929,1487027834998
2,11,3,0.3,1,1,2,45.65623,1487027838562,46.42279,1487027839329,45.1227,1487027838032
2,12,3,0.3,1,1,2,48.68956,1487027841595,49.25621,1487027842162,48.18946,1487027841098
2,13,3,0.3,1,1,4,51.75649,1487027844662,52.3565,1487027845263,51.18973,1487027844099
2,14,3,0.3,1,0,7,54.78991,1487027847696,-1,-1,54.25655,1487027847165
2,15,3,0.3,1,0,1,57.79007,1487027850696,-1,-1,57.28999,1487027850199
2,16,3,0.3,1,0,0,60.79026,1487027853696,-1,-1,60.29022,1487027853199
2,17,3,0.3,1,2,4,63.79042,1487027856696,-1,-1,63.29039,1487027856199
2,18,3,0.3,1,0,5,66.7906,1487027859697,-1,-1,66.29057,1487027859199
2,19,3,0.3,1,0,2,69.8241,1487027862730,-1,-1,69.2908,1487027862200
2,20,3,0.3,1,0,6,72.82471,1487027865731,-1,-1,72.32423,1487027865234
2,21,3,0.3,1,2,6,75.85786,1487027868764,-1,-1,75.35774,1487027868266
2,22,3,0.3,1,0,3,78.85802,1487027871764,-1,-1,78.35791,1487027871267
2,23,3,0.3,1,2,5,81.89146,1487027874797,-1,-1,81.35817,1487027874267
2,1,4,0.3,1,3,2,100.2259,1487027893132,-1,-1,99.69244,1487027892599
2,2,4,0.3,1,3,0,103.2593,1487027896165,-1,-1,102.726,1487027895634
2,3,4,0.3,1,3,1,106.2928,1487027899199,-1,-1,105.7594,1487027898668
2,4,4,0.3,1,3,3,109.3263,1487027902232,-1,-1,108.793,1487027901702
2,5,4,0.3,1,2,0,112.3932,1487027905299,-1,-1,111.8274,1487027904735
2,6,4,0.3,1,2,3,115.3942,1487027908301,-1,-1,114.8933,1487027907802
2,7,4,0.3,1,2,0,118.4269,1487027911333,-1,-1,117.9268,1487027910835
2,8,4,0.3,0,1,3,121.4271,1487027914333,-1,-1,120.9271,1487027913835
2,9,4,0.3,1,0,5,124.4605,1487027917366,-1,-1,123.9272,1487027916836
2,10,4,0.3,1,0,4,127.494,1487027920400,-1,-1,126.9606,1487027919869
2,11,4,0.3,1,1,0,130.5275,1487027923433,131.6612,1487027924567,129.9942,1487027922903
2,12,4,0.3,1,1,3,133.5277,1487027926434,134.928,1487027927834,133.0277,1487027925936
2,13,4,0.3,0,1,5,136.5612,1487027929467,-1,-1,136.0282,1487027928937
2,14,4,0.3,1,1,4,139.5947,1487027932501,141.395,1487027934301,139.0613,1487027931970
2,15,4,0.3,1,2,5,142.5949,1487027935501,-1,-1,142.0948,1487027935005
2,16,4,0.3,0,1,3,145.6288,1487027938535,-1,-1,145.095,1487027938003
2,17,4,0.3,1,0,6,148.6619,1487027941568,-1,-1,148.129,1487027941038
2,18,4,0.3,0,2,5,151.6625,1487027944568,152.4954,1487027945402,151.162,1487027944070
2,19,4,0.3,1,0,0,154.7291,1487027947635,-1,-1,154.1955,1487027947104
2,20,4,0.3,0,2,4,157.8291,1487027950732,159.0628,1487027951960,157.2629,1487027950170
2,21,4,0.3,1,0,1,160.8626,1487027953753,-1,-1,160.3292,1487027953224
2,22,4,0.3,1,0,7,163.9294,1487027956807,-1,-1,163.3631,1487027956246
2,23,4,0.3,1,0,3,166.963,1487027959829,-1,-1,166.4296,1487027959301
2,24,4,0.3,1,0,2,169.9631,1487027962822,-1,-1,169.463,1487027962324
2,1,3,0.3,1,3,2,188.2641,1487027981122,-1,-1,187.7641,1487027980623
2,2,3,0.3,1,3,1,191.2643,1487027984123,-1,-1,190.7642,1487027983625
2,3,3,0.3,1,3,0,194.2644,1487027987123,-1,-1,193.7644,1487027986625
2,4,3,0.3,1,2,1,197.298,1487027990156,-1,-1,196.7646,1487027989626
2,5,3,0.3,1,1,1,200.3314,1487027993190,201.9318,1487027994790,199.7982,1487027992660
2,6,3,0.3,1,0,2,203.3321,1487027996190,-1,-1,202.8316,1487027995695
2,7,3,0.3,1,0,4,206.3651,1487027999223,-1,-1,205.8651,1487027998727
2,8,3,0.3,1,1,1,209.3986,1487028002257,210.599,1487028003458,208.8653,1487028001726
2,9,3,0.3,1,0,6,212.3993,1487028005258,-1,-1,211.8988,1487028004760
2,10,3,0.3,1,0,7,215.4657,1487028008324,-1,-1,214.9323,1487028007793
2,11,3,0.3,1,1,1,218.4992,1487028011358,219.6327,1487028012491,217.9658,1487028010827
2,12,3,0.3,1,2,4,221.5326,1487028014391,-1,-1,220.9993,1487028013860
2,13,3,0.3,1,2,6,224.5994,1487028017458,-1,-1,224.0328,1487028016894
2,14,3,0.3,1,2,6,227.633,1487028020491,-1,-1,227.0996,1487028019961
2,15,3,0.3,1,1,4,230.6998,1487028023558,231.5333,1487028024392,230.1331,1487028022994
2,16,3,0.3,1,0,5,233.7667,1487028026625,-1,-1,233.2,1487028026061
2,17,3,0.3,1,0,2,236.7669,1487028029625,-1,-1,236.2668,1487028029128
2,18,3,0.3,1,1,4,239.8003,1487028032659,241.1003,1487028033959,239.2671,1487028032128
2,19,3,0.3,1,1,5,242.8008,1487028035659,243.6347,1487028036493,242.3004,1487028035163
2,20,3,0.3,1,2,5,245.8673,1487028038726,-1,-1,245.3345,1487028038195
2,21,3,0.3,1,2,5,248.8676,1487028041726,-1,-1,248.3675,1487028041228
2,22,3,0.3,1,0,3,251.901,1487028044759,-1,-1,251.3677,1487028044229
2,23,3,0.3,1,0,0,254.9345,1487028047793,-1,-1,254.4011,1487028047262
2,1,4,0.3,1,3,5,273.2689,1487028066127,-1,-1,272.7355,1487028065594
2,2,4,0.3,1,3,7,276.3358,1487028069194,-1,-1,275.769,1487028068630
2,3,4,0.3,1,3,1,279.4027,1487028072261,-1,-1,278.8693,1487028071730
2,4,4,0.3,1,3,2,282.4028,1487028075261,-1,-1,281.9027,1487028074765
2,5,4,0.3,1,0,2,285.4031,1487028078261,-1,-1,284.9029,1487028077765
2,6,4,0.3,1,0,0,288.4365,1487028081295,-1,-1,287.9363,1487028080797
2,7,4,0.3,1,1,1,291.4699,1487028084328,292.8702,1487028085729,290.9366,1487028083799
2,8,4,0.3,1,1,2,294.5034,1487028087363,296.9702,1487028089829,293.9701,1487028086831
2,9,4,0.3,1,2,1,297.5036,1487028090362,-1,-1,297.0035,1487028089865
2,10,4,0.3,1,0,4,300.5038,1487028093362,-1,-1,300.0037,1487028092865
2,11,4,0.3,1,0,3,303.5378,1487028096396,-1,-1,303.0039,1487028095865
2,12,4,0.3,1,1,2,306.6374,1487028099496,307.3708,1487028100229,306.0711,1487028098932
2,13,4,0.3,1,0,0,309.6377,1487028102496,-1,-1,309.1376,1487028101998
2,14,4,0.3,1,2,2,312.6382,1487028105497,-1,-1,312.1378,1487028105000
2,15,4,0.3,0,2,4,315.7046,1487028108563,317.138,1487028109997,315.1712,1487028108032
2,16,4,0.3,0,2,0,318.7381,1487028111596,320.7048,1487028113563,318.2047,1487028111066
2,17,4,0.3,0,0,1,321.7716,1487028114630,323.7053,1487028116564,321.2383,1487028114100
2,18,4,0.3,1,0,6,324.8385,1487028117697,-1,-1,324.2718,1487028117133
2,19,4,0.3,1,2,0,327.9053,1487028120764,-1,-1,327.3388,1487028120202
2,20,4,0.3,1,1,0,330.9388,1487028123797,331.6722,1487028124531,330.4055,1487028123266
2,21,4,0.3,1,0,5,333.9723,1487028126831,-1,-1,333.4389,1487028126300
2,22,4,0.3,0,2,0,337.0058,1487028129865,338.7726,1487028131631,336.4724,1487028129333
2,23,4,0.3,1,1,0,340.0394,1487028132898,340.7728,1487028133631,339.506,1487028132367
2,24,4,0.3,1,1,0,343.0728,1487028135931,344.0396,1487028136898,342.5395,1487028135402
2,1,3,0.3,1,3,3,361.4073,1487028154266,-1,-1,360.8738,1487028153732
2,2,3,0.3,1,3,2,364.4076,1487028157266,-1,-1,363.9074,1487028156768
2,3,3,0.3,1,3,6,367.4741,1487028160332,-1,-1,366.9408,1487028159804
2,4,3,0.3,1,0,0,370.541,1487028163399,-1,-1,369.9743,1487028162835
2,5,3,0.3,1,2,6,373.5745,1487028166433,-1,-1,373.0412,1487028165902
2,6,3,0.3,1,2,2,376.608,1487028169466,-1,-1,376.0747,1487028168936
2,7,3,0.3,1,1,0,379.6749,1487028172533,380.6416,1487028173500,379.1082,1487028171969
2,8,3,0.3,1,0,5,382.7086,1487028175567,-1,-1,382.175,1487028175038
2,9,3,0.3,1,1,2,385.7751,1487028178634,387.0753,1487028179934,385.2419,1487028178103
2,10,3,0.3,1,2,5,388.8087,1487028181667,-1,-1,388.2754,1487028181136
2,11,3,0.3,1,2,2,391.8422,1487028184701,-1,-1,391.3089,1487028184170
2,12,3,0.3,1,1,2,394.9091,1487028187768,395.7427,1487028188601,394.3423,1487028187203
2,13,3,0.3,1,0,3,397.9426,1487028190801,-1,-1,397.4093,1487028190272
2,14,3,0.3,1,0,7,400.9762,1487028193835,-1,-1,400.4427,1487028193304
2,15,3,0.3,1,0,1,404.0096,1487028196868,-1,-1,403.4763,1487028196337
2,16,3,0.3,1,2,7,407.0432,1487028199902,-1,-1,406.5102,1487028199372
2,17,3,0.3,1,1,7,410.0767,1487028202935,410.8769,1487028203735,409.5432,1487028202404
2,18,3,0.3,1,0,0,413.1101,1487028205969,-1,-1,412.5768,1487028205440
2,19,3,0.3,1,0,6,416.1113,1487028208970,-1,-1,415.6102,1487028208471
2,20,3,0.3,1,2,1,419.1771,1487028212035,-1,-1,418.6437,1487028211505
2,21,3,0.3,1,1,0,422.2109,1487028215069,423.2775,1487028216136,421.6772,1487028214538
2,22,3,0.3,1,0,2,425.2774,1487028218136,-1,-1,424.7112,1487028217572
2,23,3,0.3,1,1,1,428.3109,1487028221169,429.311,1487028222170,427.7775,1487028220640
2,1,4,0.3,1,3,4,446.712,1487028239570,-1,-1,446.1453,1487028239004
2,2,4,0.3,1,3,6,449.7788,1487028242637,-1,-1,449.2121,1487028242073
2,3,4,0.3,1,3,1,452.8123,1487028245671,-1,-1,452.279,1487028245141
2,4,4,0.3,1,3,5,455.8792,1487028248738,-1,-1,455.3125,1487028248174
2,5,4,0.3,1,0,5,458.8795,1487028251738,-1,-1,458.3793,1487028251240
2,6,4,0.3,1,0,7,461.9468,1487028254805,-1,-1,461.3802,1487028254241
2,7,4,0.3,1,1,1,465.013,1487028257871,466.0133,1487028258872,464.4796,1487028257341
2,8,4,0.3,1,2,6,468.0466,1487028260905,-1,-1,467.5132,1487028260375
2,9,4,0.3,1,2,7,471.0473,1487028263906,-1,-1,470.5467,1487028263408
2,10,4,0.3,1,0,0,474.1474,1487028267006,-1,-1,473.5802,1487028266441
2,11,4,0.3,1,0,0,477.2137,1487028270072,-1,-1,476.6803,1487028269541
2,12,4,0.3,1,1,6,480.2805,1487028273139,481.414,1487028274273,479.7138,1487028272575
2,13,4,0.3,1,1,7,483.3141,1487028276172,484.281,1487028277140,482.7807,1487028275643
2,14,4,0.3,1,0,5,486.3476,1487028279206,-1,-1,485.8142,1487028278676
2,15,4,0.3,1,0,5,489.4144,1487028282273,-1,-1,488.8477,1487028281709
2,16,4,0.3,1,2,5,492.4812,1487028285340,-1,-1,491.9146,1487028284776
2,17,4,0.3,0,1,7,495.5481,1487028288407,-1,-1,494.982,1487028287843
2,18,4,0.3,1,2,6,498.5821,1487028291440,-1,-1,498.0487,1487028290911
2,19,4,0.3,1,2,7,501.6162,1487028294475,-1,-1,501.0823,1487028293944
2,20,4,0.3,1,0,3,504.7153,1487028297574,-1,-1,504.1485,1487028297009
2,21,4,0.3,1,0,3,507.716,1487028300574,-1,-1,507.2154,1487028300075
2,22,4,0.3,1,1,6,510.7823,1487028303641,512.0493,1487028304908,510.2489,1487028303110
2,23,4,0.3,1,2,3,513.8157,1487028306674,-1,-1,513.2823,1487028306144
2,24,4,0.3,1,1,3,516.8825,1487028309741,517.9827,1487028310841,516.316,1487028309177
2,1,4,0.3,1,3,4,535.2176,1487028328076,-1,-1,534.6838,1487028327542
2,2,4,0.3,1,3,2,538.3172,1487028331176,-1,-1,537.7504,1487028330614
2,3,4,0.3,1,3,1,541.3174,1487028334176,-1,-1,540.8173,1487028333678
2,4,4,0.3,1,3,7,544.4175,1487028337276,-1,-1,543.8513,1487028336712
2,5,4,0.3,1,0,0,547.4509,1487028340309,-1,-1,546.9176,1487028339779
2,6,4,0.3,1,2,7,550.5179,1487028343376,-1,-1,549.9511,1487028342812
2,7,4,0.3,1,0,5,553.5512,1487028346410,-1,-1,553.0179,1487028345881
2,8,4,0.3,1,1,7,556.6182,1487028349477,558.4518,1487028351310,556.0515,1487028348913
2,9,4,0.3,1,2,5,559.6849,1487028352543,-1,-1,559.1183,1487028351979
2,10,4,0.3,1,2,0,562.7188,1487028355577,-1,-1,562.1866,1487028355048
2,11,4,0.3,1,2,7,565.7856,1487028358644,-1,-1,565.252,1487028358113
2,12,4,0.3,1,1,7,568.8522,1487028361711,569.819,1487028362678,568.3189,1487028361181
2,13,4,0.3,1,1,5,571.919,1487028364777,573.1531,1487028366012,571.3526,1487028364213
2,14,4,0.3,1,0,1,574.9193,1487028367778,-1,-1,574.4191,1487028367280
2,15,4,0.3,1,0,4,577.9528,1487028370811,-1,-1,577.4193,1487028370280
2,16,4,0.3,1,2,0,581.0195,1487028373878,-1,-1,580.4861,1487028373347
2,17,4,0.3,1,0,6,584.0864,1487028376945,-1,-1,583.5203,1487028376382
2,18,4,0.3,1,1,1,587.1198,1487028379978,587.8534,1487028380712,586.5866,1487028379448
2,19,4,0.3,1,0,7,590.1868,1487028383045,-1,-1,589.62,1487028382481
2,20,4,0.3,1,0,5,593.2205,1487028386079,-1,-1,592.6868,1487028385548
2,21,4,0.3,1,1,6,596.3204,1487028389179,597.3875,1487028390247,595.7537,1487028388615
2,22,4,0.3,1,0,2,599.3539,1487028392212,-1,-1,598.8205,1487028391682
2,23,4,0.3,1,1,7,602.3874,1487028395246,603.2876,1487028396146,601.854,1487028394716
2,24,4,0.3,1,2,1,605.4542,1487028398313,-1,-1,604.8876,1487028397748
2,1,5,0.3,1,3,5,623.8557,1487028416714,-1,-1,623.2886,1487028416147
2,2,5,0.3,1,3,1,626.8889,1487028419747,-1,-1,626.3887,1487028419251
2,3,5,0.3,1,3,3,629.9562,1487028422815,-1,-1,629.3889,1487028422250
2,4,5,0.3,1,3,7,633.0557,1487028425914,-1,-1,632.4891,1487028425351
2,5,5,0.3,1,3,6,636.1226,1487028428981,-1,-1,635.556,1487028428417
2,6,5,0.3,1,2,1,639.1895,1487028432048,-1,-1,638.6235,1487028431484
2,7,5,0.3,1,1,1,642.2565,1487028435115,643.6566,1487028436515,641.6897,1487028434552
2,8,5,0.3,1,0,5,645.2898,1487028438148,-1,-1,644.7565,1487028437618
2,9,5,0.3,1,2,6,648.29,1487028441148,-1,-1,647.7899,1487028440650
2,10,5,0.3,1,1,6,651.3235,1487028444182,652.6572,1487028445516,650.7901,1487028443652
2,11,5,0.3,1,0,4,654.357,1487028447215,-1,-1,653.8236,1487028446685
2,12,5,0.3,1,0,2,657.4238,1487028450282,-1,-1,656.8573,1487028449720
2,13,5,0.3,1,2,6,660.4572,1487028453316,-1,-1,659.924,1487028452785
2,14,5,0.3,1,1,6,663.491,1487028456349,664.3245,1487028457183,662.9576,1487028455819
2,15,5,0.3,1,0,3,666.5244,1487028459383,-1,-1,666.0243,1487028458885
2,16,5,0.3,1,0,7,669.6245,1487028462483,-1,-1,669.0578,1487028461919
2,17,5,0.3,1,2,6,672.6583,1487028465517,-1,-1,672.1247,1487028464987
2,18,5,0.3,1,0,1,675.7582,1487028468617,-1,-1,675.1917,1487028468053
2,19,5,0.3,1,1,6,678.7922,1487028471651,679.9254,1487028472784,678.2583,1487028471120
2,20,5,0.3,1,0,4,681.8586,1487028474717,-1,-1,681.3251,1487028474188
2,21,5,0.3,0,1,7,684.8593,1487028477718,-1,-1,684.3587,1487028477219
2,22,5,0.3,1,0,2,687.9255,1487028480784,-1,-1,687.3922,1487028480254
2,23,5,0.3,0,2,6,690.9924,1487028483850,692.3594,1487028485212,690.4258,1487028483287
2,24,5,0.3,1,2,1,694.026,1487028486872,-1,-1,693.4925,1487028486343
2,25,5,0.3,1,1,4,697.0927,1487028489938,698.493,1487028491339,696.5262,1487028489374
2,1,5,0.3,1,3,5,715.4277,1487028508273,-1,-1,714.894,1487028507740
2,2,5,0.3,1,3,3,718.494,1487028511339,-1,-1,717.9606,1487028510808
2,3,5,0.3,1,3,6,721.5612,1487028514406,-1,-1,720.9941,1487028513842
2,4,5,0.3,1,3,7,724.6609,1487028517506,-1,-1,724.0942,1487028516942
2,5,5,0.3,1,3,1,727.7278,1487028520573,-1,-1,727.1611,1487028520010
2,6,5,0.3,1,0,2,730.7947,1487028523640,-1,-1,730.2279,1487028523076
2,7,5,0.3,1,2,6,733.8615,1487028526707,-1,-1,733.2952,1487028526143
2,8,5,0.3,1,1,6,736.9288,1487028529774,738.0289,1487028530875,736.3617,1487028529209
2,9,5,0.3,1,1,7,740.0283,1487028532874,741.1953,1487028534041,739.4618,1487028532309
2,10,5,0.3,1,2,6,743.0953,1487028535940,-1,-1,742.5286,1487028535378
2,11,5,0.3,0,0,5,746.1294,1487028538975,748.0289,1487028540874,745.5961,1487028538444
2,12,5,0.3,1,0,0,749.229,1487028542074,-1,-1,748.6623,1487028541510
2,13,5,0.3,1,1,6,752.2958,1487028545141,753.5626,1487028546409,751.7291,1487028544577
2,14,5,0.3,1,0,1,755.3627,1487028548208,-1,-1,754.7961,1487028547644
2,15,5,0.3,0,0,3,758.4295,1487028551275,760.7965,1487028553642,757.8629,1487028550711
2,16,5,0.3,0,1,5,761.463,1487028554308,-1,-1,760.9296,1487028553777
2,17,5,0.3,1,2,1,764.4965,1487028557342,-1,-1,763.9631,1487028556811
2,18,5,0.3,1,1,6,767.5634,1487028560409,768.7968,1487028561642,766.9968,1487028559844
2,19,5,0.3,1,2,3,770.5969,1487028563442,-1,-1,770.0635,1487028562911
2,20,5,0.3,1,0,7,773.6304,1487028566476,-1,-1,773.0971,1487028565948
2,21,5,0.3,1,0,0,776.6639,1487028569509,-1,-1,776.1305,1487028568979
2,22,5,0.3,1,2,3,779.6973,1487028572542,-1,-1,779.164,1487028572013
2,23,5,0.3,1,1,6,782.7647,1487028575610,783.9976,1487028576843,782.1975,1487028575045
2,24,5,0.3,1,0,5,785.8311,1487028578676,-1,-1,785.2648,1487028578113
2,25,5,0.3,0,2,3,788.8979,1487028581743,790.7314,1487028583577,788.3318,1487028581181
2,1,4,0.3,1,3,2,807.2656,1487028600111,-1,-1,806.6989,1487028599544
2,2,4,0.3,1,3,7,810.2992,1487028603144,-1,-1,809.7658,1487028602614
2,3,4,0.3,1,3,1,813.3325,1487028606178,-1,-1,812.7993,1487028605648
2,4,4,0.3,1,3,4,816.3665,1487028609212,-1,-1,815.8326,1487028608682
2,5,4,0.3,1,0,5,819.4662,1487028612311,-1,-1,818.8997,1487028611747
2,6,4,0.3,1,2,1,822.5004,1487028615346,-1,-1,821.9665,1487028614814
2,7,4,0.3,1,0,0,825.6,1487028618445,-1,-1,825.0333,1487028617881
2,8,4,0.3,1,1,4,828.6668,1487028621512,829.6671,1487028622512,828.1001,1487028620949
2,9,4,0.3,1,2,4,831.7336,1487028624579,-1,-1,831.1669,1487028624015
2,10,4,0.3,1,0,2,834.7672,1487028627612,-1,-1,834.2338,1487028627081
2,11,4,0.3,1,0,2,837.834,1487028630679,-1,-1,837.2675,1487028630115
2,12,4,0.3,1,2,1,840.8675,1487028633713,-1,-1,840.334,1487028633182
2,13,4,0.3,1,0,5,843.9011,1487028636746,-1,-1,843.3677,1487028636217
2,14,4,0.3,1,0,3,846.9345,1487028639780,-1,-1,846.4011,1487028639250
2,15,4,0.3,1,1,2,849.968,1487028642813,850.9014,1487028643747,849.4346,1487028642282
2,16,4,0.3,1,2,2,853.0015,1487028645847,-1,-1,852.4681,1487028645316
2,17,4,0.3,1,1,5,856.0684,1487028648913,858.5686,1487028651414,855.5016,1487028648350
2,18,4,0.3,1,1,3,859.1352,1487028651980,860.4021,1487028653247,858.5686,1487028651418
2,19,4,0.3,0,1,2,862.202,1487028655047,-1,-1,861.6359,1487028654484
2,20,4,0.3,1,0,1,865.2355,1487028658081,-1,-1,864.7021,1487028657550
2,21,4,0.3,1,1,5,868.3025,1487028661148,869.7026,1487028662548,867.7358,1487028660585
2,22,4,0.3,1,2,1,871.4025,1487028664248,-1,-1,870.8361,1487028663684
2,23,4,0.3,1,0,4,874.436,1487028667281,-1,-1,873.9026,1487028666752
2,24,4,0.3,1,2,5,877.5029,1487028670348,-1,-1,876.9362,1487028669784
2,1,4,0.3,1,3,3,895.9373,1487028688782,-1,-1,895.3705,1487028688216
2,2,4,0.3,1,3,2,899.0041,1487028691849,-1,-1,898.4374,1487028691286
2,3,4,0.3,1,3,6,902.0043,1487028694850,-1,-1,901.5042,1487028694352
2,4,4,0.3,1,3,7,905.0378,1487028697883,-1,-1,904.5044,1487028697352
2,5,4,0.3,1,0,0,908.1379,1487028700983,-1,-1,907.5712,1487028700419
2,6,4,0.3,1,0,3,911.1382,1487028703983,-1,-1,910.6381,1487028703486
2,7,4,0.3,1,1,6,914.1721,1487028707017,915.2386,1487028708084,913.6382,1487028706487
2,8,4,0.3,1,0,5,917.2385,1487028710084,-1,-1,916.7051,1487028709553
2,9,4,0.3,1,2,7,920.3052,1487028713150,-1,-1,919.7391,1487028712587
2,10,4,0.3,0,2,7,923.3388,1487028716184,924.3391,1487028717184,922.8054,1487028715654
2,11,4,0.3,1,1,6,926.3723,1487028719217,928.3392,1487028721185,925.8389,1487028718687
2,12,4,0.3,1,0,4,929.4059,1487028722251,-1,-1,928.8729,1487028721721
2,13,4,0.3,1,1,7,932.4393,1487028725285,933.6395,1487028726485,931.906,1487028724756
2,14,4,0.3,1,2,5,935.5061,1487028728351,-1,-1,934.9395,1487028727787
2,15,4,0.3,1,0,5,938.5396,1487028731385,-1,-1,938.0063,1487028730855
2,16,4,0.3,1,1,4,941.6066,1487028734452,942.6401,1487028735485,941.0398,1487028733888
2,17,4,0.3,1,0,3,944.6733,1487028737518,-1,-1,944.1067,1487028736956
2,18,4,0.3,1,1,5,947.7402,1487028740585,948.7738,1487028741619,947.1735,1487028740021
2,19,4,0.3,1,0,0,950.7404,1487028743586,-1,-1,950.2403,1487028743088
2,20,4,0.3,1,2,3,953.7738,1487028746619,-1,-1,953.2405,1487028746089
2,21,4,0.3,1,0,6,956.8407,1487028749686,-1,-1,956.274,1487028749122
2,22,4,0.3,1,2,3,959.8741,1487028752719,-1,-1,959.3411,1487028752190
2,23,4,0.3,1,1,0,962.908,1487028755753,964.1744,1487028757020,962.3743,1487028755222
2,24,4,0.3,1,2,5,966.0079,1487028758853,-1,-1,965.4412,1487028758289
2,1,4,0.3,1,3,2,984.3423,1487028777187,-1,-1,983.8089,1487028776654
2,2,4,0.3,1,3,0,987.409,1487028780254,-1,-1,986.8758,1487028779726
2,3,4,0.3,1,3,4,990.4426,1487028783288,-1,-1,989.9092,1487028782757
2,4,4,0.3,1,3,3,993.4764,1487028786322,-1,-1,992.9427,1487028785791
2,5,4,0.3,1,0,5,996.5762,1487028789421,-1,-1,996.0095,1487028788857
2,6,4,0.3,1,0,1,999.6097,1487028792455,-1,-1,999.0765,1487028791925
2,7,4,0.3,1,0,6,1002.677,1487028795522,-1,-1,1002.11,1487028794959
2,8,4,0.3,1,0,6,1005.71,1487028798555,-1,-1,1005.177,1487028798025
2,9,4,0.3,0,1,5,1008.744,1487028801589,-1,-1,1008.21,1487028801058
2,10,4,0.3,1,2,3,1011.81,1487028804656,-1,-1,1011.244,1487028804092
2,11,4,0.3,1,2,1,1014.877,1487028807722,-1,-1,1014.311,1487028807158
2,12,4,0.3,1,2,3,1017.911,1487028810756,-1,-1,1017.378,1487028810227
2,13,4,0.3,1,0,7,1020.978,1487028813823,-1,-1,1020.411,1487028813259
2,14,4,0.3,0,2,5,1024.045,1487028816890,1025.145,1487028817990,1023.478,1487028816326
2,15,4,0.3,0,1,1,1027.145,1487028819990,-1,-1,1026.578,1487028819426
2,16,4,0.3,1,2,5,1030.178,1487028823023,-1,-1,1029.645,1487028822493
2,17,4,0.3,1,1,7,1033.245,1487028826090,1034.313,1487028827158,1032.678,1487028825527
2,18,4,0.3,1,0,0,1036.279,1487028829124,-1,-1,1035.746,1487028828593
2,19,4,0.3,1,1,1,1039.345,1487028832190,1040.712,1487028833557,1038.779,1487028831626
2,20,4,0.3,1,0,3,1042.379,1487028835224,-1,-1,1041.846,1487028834694
2,21,4,0.3,1,2,1,1045.446,1487028838291,-1,-1,1044.879,1487028837727
2,22,4,0.3,1,0,2,1048.479,1487028841324,-1,-1,1047.946,1487028840795
2,23,4,0.3,1,1,1,1051.546,1487028844391,1052.546,1487028845391,1050.979,1487028843827
2,24,4,0.3,1,1,3,1054.546,1487028847391,1055.414,1487028848259,1054.046,1487028846894
2,1,4,0.3,1,3,4,1072.914,1487028865759,-1,-1,1072.381,1487028865226
2,2,4,0.3,1,3,7,1076.014,1487028868859,-1,-1,1075.448,1487028868298
2,3,4,0.3,1,3,1,1079.048,1487028871893,-1,-1,1078.514,1487028871362
2,4,4,0.3,1,3,0,1082.115,1487028874960,-1,-1,1081.581,1487028874429
2,5,4,0.3,1,0,5,1085.148,1487028877993,-1,-1,1084.615,1487028877462
2,6,4,0.3,1,2,1,1088.215,1487028881060,-1,-1,1087.648,1487028880496
2,7,4,0.3,1,2,0,1091.282,1487028884127,-1,-1,1090.715,1487028883564
2,8,4,0.3,1,2,1,1094.316,1487028887161,-1,-1,1093.782,1487028886630
2,9,4,0.3,0,1,5,1097.382,1487028890227,-1,-1,1096.849,1487028889697
2,10,4,0.3,1,2,0,1100.449,1487028893294,-1,-1,1099.882,1487028892734
2,11,4,0.3,1,1,0,1103.516,1487028896361,1104.682,1487028897528,1102.982,1487028895831
2,12,4,0.3,1,0,2,1106.549,1487028899394,-1,-1,1106.016,1487028898864
2,13,4,0.3,1,0,2,1109.616,1487028902461,-1,-1,1109.05,1487028901898
2,14,4,0.3,1,0,3,1112.716,1487028905561,-1,-1,1112.15,1487028904997
2,15,4,0.3,1,1,0,1115.783,1487028908628,1116.917,1487028909762,1115.216,1487028908064
2,16,4,0.3,1,1,2,1118.85,1487028911695,1120.083,1487028912928,1118.283,1487028911131
2,17,4,0.3,1,0,4,1121.917,1487028914762,-1,-1,1121.35,1487028914199
2,18,4,0.3,1,0,6,1124.95,1487028917795,-1,-1,1124.417,1487028917265
2,19,4,0.3,1,0,5,1127.984,1487028920829,-1,-1,1127.45,1487028920298
2,20,4,0.3,1,1,2,1131.084,1487028923929,1132.117,1487028924963,1130.517,1487028923365
2,21,4,0.3,1,1,4,1134.117,1487028926963,1135.218,1487028928063,1133.584,1487028926432
2,22,4,0.3,1,2,4,1137.151,1487028929996,-1,-1,1136.618,1487028929466
2,23,4,0.3,1,2,2,1140.218,1487028933063,-1,-1,1139.651,1487028932499
2,24,4,0.3,1,0,3,1143.285,1487028936130,-1,-1,1142.718,1487028935566
2,1,4,0.3,1,3,4,1161.686,1487028954531,-1,-1,1161.119,1487028953964
2,2,4,0.3,1,3,7,1164.72,1487028957565,-1,-1,1164.186,1487028957034
2,3,4,0.3,1,3,0,1167.786,1487028960631,-1,-1,1167.253,1487028960099
2,4,4,0.3,1,3,3,1170.819,1487028963665,-1,-1,1170.287,1487028963135
2,5,4,0.3,1,1,4,1173.92,1487028966765,1175.32,1487028968166,1173.353,1487028966200
2,6,4,0.3,1,0,4,1176.953,1487028969798,-1,-1,1176.42,1487028969267
2,7,4,0.3,1,0,2,1180.02,1487028972865,-1,-1,1179.487,1487028972336
2,8,4,0.3,1,0,2,1183.087,1487028975932,-1,-1,1182.52,1487028975368
2,9,4,0.3,1,2,0,1186.12,1487028978965,-1,-1,1185.587,1487028978435
2,10,4,0.3,1,2,2,1189.154,1487028981999,-1,-1,1188.62,1487028981468
2,11,4,0.3,1,0,3,1192.221,1487028985066,-1,-1,1191.654,1487028984502
2,12,4,0.3,1,0,1,1195.287,1487028988133,-1,-1,1194.721,1487028987569
2,13,4,0.3,1,2,2,1198.321,1487028991166,-1,-1,1197.788,1487028990636
2,14,4,0.3,1,1,2,1201.388,1487028994233,1202.988,1487028995833,1200.821,1487028993669
2,15,4,0.3,1,2,2,1204.421,1487028997266,-1,-1,1203.888,1487028996736
2,16,4,0.3,1,0,6,1207.455,1487029000300,-1,-1,1206.922,1487028999769
2,17,4,0.3,1,0,4,1210.522,1487029003367,-1,-1,1209.955,1487029002804
2,18,4,0.3,1,2,6,1213.555,1487029006400,-1,-1,1213.022,1487029005869
2,19,4,0.3,1,2,4,1216.589,1487029009434,-1,-1,1216.055,1487029008904
2,20,4,0.3,1,1,6,1219.622,1487029012467,1220.389,1487029013234,1219.089,1487029011937
2,21,4,0.3,1,1,4,1222.689,1487029015534,1223.956,1487029016801,1222.122,1487029014971
2,22,4,0.3,1,1,6,1225.756,1487029018601,1226.689,1487029019535,1225.189,1487029018038
2,23,4,0.3,1,0,5,1228.823,1487029021668,-1,-1,1228.256,1487029021104
2,24,4,0.3,1,1,6,1231.856,1487029024701,1232.69,1487029025535,1231.323,1487029024170
