%Recollect Version 2.0. Scene/Level: multi0_intro, Game Number: 007
%Note: All true/false values are represented as "1" and "0" respectively.
%Damage:1,Player X Position,Player Y Position,Hearts Left,Time (Relative),Time (Absolute)
%MultiObjectBugListChanged:5,[Array of Bug Types]
%BugPositions:3,Time (Relative),Time (Absolute),(For Each Bug:)Bug Color,Bug Position X,Bug Position Y
%MultiObjectTask:4,Matched Correctly,Was Collected,Flower Type,Reveal Time (R),Reveal Time (A),Pollenation Time (R) (-1.0 = unpollenated),Pollenation Time (A) (-1.0 = unpollenated),Death Time (R),Death Time (A)
%Possible values for "Flower Types":Red=0,Green=1,Blue=2,Yellow=3,White=4,Magenta=5,
5,5,3
3,0,1477514250869.1,5,0.15,0.5666667,3,0.6,0.7
3,1.016052,1477514251841.42,5,0.1778975,0.6464019,3,0.5014987,0.7612112
3,2.0495,1477514252874.92,5,0.1795611,0.7370875,3,0.4077894,0.7550251
3,3.049744,1477514253875.53,5,0.1031891,0.6195876,3,0.3709074,0.8600245
3,4.082642,1477514254908.98,5,0.05090386,0.5300213,3,0.4440624,0.7121837
3,5.082703,1477514255909.24,5,0.1186382,0.6493515,3,0.4205441,0.8058563
3,6.082825,1477514256909.07,5,0.6873814,0.2641873,3,0.4852206,0.7533719
3,7.082825,1477514257908.68,5,0.5475979,0.3331822,3,0.6172974,0.6929491
4,1,1,5,4.42584,5.96588,1477514256808.25,7.82587,1477514258675.9
3,8.083008,1477514258909.35,5,0.3462337,0.3287652,3,0.7458646,0.5695867
3,9.083069,1477514259908.95,5,0.2398283,0.4354602,3,0.4736328,0.8350533
3,10.08344,1477514260910.11,5,0.1195309,0.3826014,3,0.4566047,0.7289918
3,11.1167,1477514261943.18,5,0.05876398,0.4686303,3,0.354187,0.8931832
3,12.14978,1477514262976.06,5,0.1259849,0.5847822,3,0.6989856,0.3094105
3,13.1499,1477514263976.25,5,0.2990065,0.7049573,3,0.5335321,0.3396212
4,1,1,3,10.42584,11.58588,1477514262441.96,13.82587,1477514264675.47
3,14.18329,1477514265009.09,5,0.4510098,0.5963821,3,0.4429357,0.397009
3,15.18335,1477514266009.13,5,0.385432,0.7356412,3,0.6613107,0.8026373
3,16.18335,1477514267009.33,5,0.04498911,0.5326682,3,0.6592648,0.7541805
3,17.18347,1477514268009.44,5,0.05615783,0.5354097,3,0.6225443,0.6785522
3,18.18353,1477514269009.26,5,0.1731946,0.6336468,3,0.6869092,0.8384714
3,19.18353,1477514270009.26,5,0.436954,0.3932004,3,0.7571807,0.7787897
4,1,1,5,16.40588,18.68585,1477514269542.14,19.80585,1477514270642.95
5,5,3,1
3,20.18372,1477514271009.56,5,0.2598667,0.2538428,3,0.7138553,0.683347,1,0.01376152,0.4861461
3,21.21698,1477514272043.76,5,0.1592565,0.376927,3,0.6624379,0.8865421,1,0.1094527,0.651612
3,22.2171,1477514273043.53,5,0.2487741,0.2898239,3,0.7331681,0.8369751,1,0.1668301,0.5765771
3,23.2171,1477514274043.4,5,0.3308372,0.3904605,3,0.7301345,0.8694862,1,0.1544948,0.6420581
3,24.21716,1477514275043.63,5,0.2854323,0.2605302,3,0.7015343,0.7800751,1,0.09417915,0.6317274
3,25.21729,1477514276043.49,5,0.3770227,0.3772365,3,0.5543528,0.4167171,1,0.1768055,0.6451587
4,1,1,3,22.44586,24.96588,1477514275809.84,25.82587,1477514276676.27
3,26.21735,1477514277043.57,5,0.2804933,0.4519456,3,0.3385773,0.2655377,1,0.2880135,0.6843773
3,27.21735,1477514278043.5,5,0.2016263,0.5709108,3,0.5150447,0.3570586,1,0.2308221,0.7756254
3,28.21735,1477514279043.75,5,0.5399694,0.7580588,3,0.7338624,0.5260248,1,0.1419678,0.7128312
3,29.21741,1477514280043.57,5,0.6266627,0.6542322,3,0.8022389,0.5709714,1,0.0504837,0.535391
3,30.21753,1477514281043.71,5,0.5133505,0.7723673,3,0.9087577,0.6659039,1,0.2021894,0.6371467
3,31.25104,1477514282077.3,5,0.609827,0.7326902,3,0.7966347,0.6076064,1,0.4809513,0.3031749
4,1,1,1,28.42584,30.76587,1477514281609.6,31.82587,1477514282676.47
3,32.2851,1477514283110.86,5,0.7160373,0.7836132,3,0.8317776,0.6417817,1,0.2332392,0.2218137
3,33.31793,1477514284144.4,5,0.6478362,0.669558,3,0.9317083,0.5822788,1,0.1655235,0.4039923
3,34.35107,1477514285177.26,5,0.6215782,0.5788043,3,0.9458351,0.7079723,1,0.09701443,0.5887344
3,35.35114,1477514286177.68,5,0.6836119,0.6525012,3,0.9180107,0.8832664,1,0.07943106,0.7158658
3,36.3512,1477514287177.67,5,0.4566603,0.7476889,3,0.8804622,0.7318608,1,0.07943106,0.7424219
3,37.35187,1477514288177.91,5,0.3341384,0.6845253,3,0.4997616,0.3460682,1,0.1504149,0.6454991
4,1,1,3,34.44586,36.56586,1477514287410.08,37.82587,1477514288677
5,5,3,1,4
3,38.38464,1477514289210.68,5,0.3131862,0.5882966,3,0.1951728,0.2180169,1,0.09627867,0.5743777,4,-0.02125359,0.4222296
3,39.41803,1477514290244.43,5,0.4293051,0.7453513,3,0.440568,0.3099639,1,0.2812681,0.7029462,4,0.0758419,0.5685103
3,40.41809,1477514291245.16,5,0.7169838,0.9277053,3,0.5881042,0.4675214,1,0.392848,0.7339895,4,0.07549953,0.6901291
3,41.41809,1477514292244.37,5,0.9008093,0.8892135,3,0.6889992,0.5862711,1,0.4345236,0.8597036,4,0.1877413,0.7594753
3,42.41821,1477514293244.77,5,0.8836908,0.8067029,3,0.7688475,0.6785992,1,0.3975067,0.7874036,4,0.5708351,0.3171183
3,43.41827,1477514294245.16,5,0.9295692,0.7111142,3,0.6466198,0.6031736,1,0.5006905,0.6487027,4,0.4762821,0.3273746
4,1,1,4,40.40588,42.38586,1477514293243.53,43.80585,1477514294644.18
3,44.42249,1477514295250.08,5,0.9033384,0.6659919,3,0.7049046,0.6436893,1,0.4478979,0.5862898,4,0.1774693,0.2281045
3,45.42725,1477514296254.1,5,0.8797503,0.7789459,3,0.7766962,0.4930136,1,0.430377,0.69475,4,0.1776381,0.3385011
3,46.4519,1477514297278.75,5,0.8462076,0.8660939,3,0.8303881,0.6115187,1,0.4909992,0.7690353,4,0.1901779,0.4600507
3,47.48511,1477514298310.85,5,0.7752123,0.7708388,3,0.7786226,0.5686439,1,0.3596029,0.8302608,4,0.3180742,0.6052508
3,48.48572,1477514299311.69,5,0.919652,0.758138,3,0.6309881,0.6618273,1,0.3422089,0.7994725,4,0.3218756,0.6019766
3,49.51855,1477514300344.88,5,0.6582727,0.2874174,3,0.6193199,0.7061927,1,0.287466,0.753607,4,0.3116055,0.556585
5,5,1,4
4,0,1,5,46.44580,47.96582,1477514298810.42,49.82581,1477514300681.33
3,50.55188,1477514301378.02,5,0.8374834,0.3717346,1,0.174509,0.7253366,4,0.3747559,0.6671769
3,51.552,1477514302379.79,5,0.9093056,0.4759795,1,0.1616564,0.6437371,4,0.3833017,0.7798212
3,52.552,1477514303381.18,5,0.7938576,0.5949041,1,0.2274628,0.5752812,4,0.3260574,0.7404945
3,53.55225,1477514304381.1,5,0.7905216,0.7180405,1,0.1116877,0.5323159,4,0.1915321,0.7538752
3,54.5531,1477514305381.69,5,0.9137363,0.7353749,1,0.09203339,0.4841128,4,0.4425831,0.4401836
3,55.58557,1477514306413.62,5,0.9063063,0.5981767,1,0.1032171,0.5916638,4,0.4391499,0.3368074
5,5,1
4,0,1,1,52.40588,54.62585,1477514305480.2,55.78589,1477514306649.74
3,56.58582,1477514307414.62,5,0.8106718,0.6385919,1,0.3153744,0.206793
3,57.61951,1477514308448.01,5,0.6139812,0.7671523,1,0.4228287,0.3525692
3,58.65247,1477514309480.76,5,0.769434,0.8124725,1,0.5483856,0.4653474
3,59.65259,1477514310480.98,5,0.9418297,0.7028964,1,0.4682693,0.4394173
3,60.65332,1477514311482.19,5,0.6537066,0.3625949,1,0.3503933,0.5706501
3,61.68591,1477514312514.2,5,0.4227428,0.3466915,1,0.508893,0.6758695
4,1,1,5,58.40588,60.52588,1477514311381.99,61.80591,1477514312647.57
3,62.68591,1477514313514.27,5,0.1540518,0.3106642,1,0.5699892,0.7688065
3,63.68616,1477514314514.49,5,0.2436848,0.3646103,1,0.4172487,0.6564095
3,64.71936,1477514315547.52,5,0.3327875,0.4045731,1,0.5353165,0.7732006
3,65.71985,1477514316547.8,5,0.4791718,0.5339069,1,0.6555004,0.5551064
3,66.75305,1477514317581.67,5,0.6285839,0.622721,1,0.600111,0.2912716
3,67.78625,1477514318615.07,5,0.7765827,0.709865,1,0.4039326,0.3132865
4,1,1,1,64.42590,65.86584,1477514316713.89,67.80591,1477514318647.32
3,68.78625,1477514319614.66,5,0.9035358,0.7386811,1,0.4583311,0.3341293
3,69.78748,1477514320615.81,5,0.4969254,0.776195,1,0.4071226,0.3916158
3,70.81995,1477514321648.04,5,0.3291636,0.7021404,1,0.4172716,0.308351
3,71.85352,1477514322681.79,5,0.5511503,0.4645934,1,0.2181263,0.3847125
3,72.88672,1477514323714.96,5,0.5593433,0.3192605,1,0.1216507,0.5004572
4,1,1,5,70.42590,71.96582,1477514322813.96,73.80591,1477514324647.53
5,5,1,3
3,73.92017,1477514324748.1,5,0.3724794,0.3324733,1,0.09302521,0.6009793,3,-0.05340576,0.5591204
3,74.92041,1477514325748.64,5,0.361969,0.4347478,1,0.2191572,0.660638,3,0.0435257,0.645508
3,75.92114,1477514326749.28,5,0.4675446,0.3556539,1,0.3458052,0.6712816,3,0.0532198,0.7365584
3,76.95398,1477514327782.36,5,0.4111118,0.3549163,1,0.5117245,0.6110877,3,0.2169495,0.7380261
3,77.98706,1477514328815.44,5,0.7139034,0.2604137,1,0.5870037,0.7524294,3,0.05515766,0.6388109
3,79.02026,1477514329848.27,5,0.5090065,0.3663131,1,0.5156822,0.6602914,3,0.1834288,0.6063589
5,1,3
4,0,1,1,76.44580,77.86584,1477514328714.45,79.82581,1477514330684.04
3,80.02136,1477514330849.26,1,0.4561806,0.6769958,3,0.3070259,0.6589165
3,81.05359,1477514331881.93,1,0.5482445,0.750587,3,0.3768902,0.5696041
