%Recollect Version 2.3. Scene/Level: , Session: 0, GameNumber: 8
%Note: All true/false values are represented as "1" and "0" respectively.
%Damage:1,Player X Position,Player Y Position,Hearts Left,Time (Relative),Time (Absolute)
%LameBackObject:AlgorithmCondition,BlockNumber,Trial,CurrentNLevel,LureRate,IsCorrect,StimulusType,StimulusColor,PresentationTime(R),PresentationTime(A),ResponseTime(R),ResponseTime(A),ExpireTime(R),ExpireTime(A)
%Possible values for "Color":Red=0,Blue=1,Green=2,Yellow=3,Purple=4,LightBlue=5,Brown=6,White=7,Gray=8,
%Possible values for "Type":NonTarget=0,Target=1,Lure=2,LessThanN=3,
3,0,0,1,0.3,1,3,4,48.78235,1488304091716,-1,-1,48.24905,1488304091188
3,0,1,1,0.3,1,1,4,51.84912,1488304094782,52.88232,1488304095816,51.28238,1488304094220
3,0,2,1,0.3,1,0,6,54.88266,1488304097816,-1,-1,54.3493,1488304097287
3,0,3,1,0.3,1,1,6,57.91617,1488304100849,58.7829,1488304101716,57.38275,1488304100322
3,0,4,1,0.3,1,0,0,60.94965,1488304103883,-1,-1,60.41632,1488304103355
3,0,5,1,0.3,1,0,3,63.98331,1488304106916,-1,-1,63.44968,1488304106388
3,0,6,1,0.3,1,1,3,67.01685,1488304109950,67.75006,1488304110684,66.48352,1488304109421
3,0,7,1,0.3,1,0,7,70.11682,1488304113050,-1,-1,69.55026,1488304112490
3,0,8,1,0.3,1,1,7,73.1171,1488304116050,73.85046,1488304116784,72.61697,1488304115555
3,0,9,1,0.3,1,0,2,76.15057,1488304119084,-1,-1,75.61716,1488304118555
3,0,10,1,0.3,1,0,5,79.15082,1488304122084,-1,-1,78.65067,1488304121589
3,0,11,1,0.3,1,0,1,82.25089,1488304125184,-1,-1,81.68436,1488304124623
3,0,12,1,0.3,1,0,3,85.2511,1488304128184,-1,-1,84.75101,1488304127690
3,0,13,1,0.3,1,2,1,88.25125,1488304131184,-1,-1,87.75116,1488304130690
3,0,14,1,0.3,1,1,1,91.31796,1488304134251,92.18494,1488304135119,90.75134,1488304133690
3,0,15,1,0.3,1,1,1,94.35156,1488304137285,95.31824,1488304138252,93.81815,1488304136757
3,0,16,1,0.3,1,0,2,97.38501,1488304140318,-1,-1,96.85184,1488304139790
3,0,17,1,0.3,1,0,3,100.4185,1488304143352,-1,-1,99.88519,1488304142824
3,0,18,1,0.3,1,0,6,103.4521,1488304146385,-1,-1,102.9186,1488304145857
3,0,19,1,0.3,1,1,6,106.519,1488304149452,107.3189,1488304150252,105.9523,1488304148891
3,0,20,1,0.3,1,1,6,109.5858,1488304152519,110.4858,1488304153419,109.0524,1488304151990
3,0,21,1,0.3,1,0,0,112.6191,1488304155552,-1,-1,112.0858,1488304155024
3,0,22,1,0.3,1,1,0,115.6527,1488304158586,116.3861,1488304159320,115.1194,1488304158058
3,0,23,1,0.3,1,1,0,118.7197,1488304161653,119.6197,1488304162553,118.1861,1488304161124
3,0,24,1,0.3,1,0,2,121.7531,1488304164686,-1,-1,121.2198,1488304164159
3,0,25,1,0.3,1,0,3,124.7534,1488304167687,-1,-1,124.2532,1488304167192
3,0,26,1,0.3,1,2,2,127.8201,1488304170753,-1,-1,127.2867,1488304170225
3,0,27,1,0.3,1,1,2,130.8536,1488304173787,131.787,1488304174721,130.3203,1488304173259
3,0,28,1,0.3,1,2,3,133.8872,1488304176820,-1,-1,133.3539,1488304176292
3,0,29,1,0.3,1,0,1,136.9539,1488304179887,-1,-1,136.4206,1488304179359
3,0,30,1,0.3,1,0,0,140.0208,1488304182954,-1,-1,139.4542,1488304182392
3,0,31,1,0.3,1,2,3,143.0884,1488304186022,-1,-1,142.5546,1488304185493
3,0,32,1,0.3,1,0,6,146.1878,1488304189121,-1,-1,145.6211,1488304188560
3,0,33,1,0.3,1,2,3,149.2546,1488304192188,-1,-1,148.6881,1488304191626
3,0,34,1,0.3,1,2,6,152.2881,1488304195221,-1,-1,151.7548,1488304194692
3,0,35,1,0.3,1,2,3,155.3216,1488304198255,-1,-1,154.7883,1488304197726
3,0,36,1,0.3,1,0,1,158.3219,1488304201255,-1,-1,157.8217,1488304200760
3,0,37,1,0.3,1,2,3,161.3221,1488304204255,-1,-1,160.822,1488304203760
3,0,38,1,0.3,1,2,1,164.389,1488304207322,-1,-1,163.8553,1488304206792
3,0,39,1,0.3,1,2,3,167.489,1488304210422,-1,-1,166.9223,1488304209861
3,0,40,1,0.3,1,1,3,170.5225,1488304213456,171.6225,1488304214556,169.9891,1488304212928
3,1,0,2,0.3,1,3,0,177.3441,1488304220289,-1,-1,176.8107,1488304219764
3,1,1,2,0.3,1,3,5,180.3444,1488304223290,-1,-1,179.8442,1488304222796
3,1,2,2,0.3,1,0,6,183.3781,1488304226323,-1,-1,182.8445,1488304225795
3,1,3,2,0.3,1,1,5,186.4781,1488304229423,187.4113,1488304230357,185.9114,1488304228862
3,1,4,2,0.3,1,2,5,189.5449,1488304232490,-1,-1,188.9783,1488304231928
3,1,5,2,0.3,1,2,6,192.6118,1488304235557,-1,-1,192.0451,1488304234995
3,1,6,2,0.3,1,1,5,195.6454,1488304238591,196.3787,1488304239324,195.1118,1488304238062
3,1,7,2,0.3,1,1,6,198.6789,1488304241624,199.7119,1488304242657,198.1455,1488304241096
3,1,8,2,0.3,1,0,0,201.7122,1488304244658,-1,-1,201.1789,1488304244129
3,1,9,2,0.3,1,2,0,204.7791,1488304247724,-1,-1,204.2458,1488304247196
3,1,10,2,0.3,1,1,0,207.8459,1488304250791,208.5458,1488304251491,207.2793,1488304250230
3,1,11,2,0.3,1,2,6,210.8794,1488304253825,-1,-1,210.3461,1488304253296
3,1,12,2,0.3,1,0,3,213.9463,1488304256891,-1,-1,213.3795,1488304256329
3,1,13,2,0.3,1,2,0,217.0132,1488304259958,-1,-1,216.4796,1488304259429
3,1,14,2,0.3,1,1,3,220.0467,1488304262992,220.8133,1488304263759,219.5133,1488304262463
3,1,15,2,0.3,1,0,1,223.0801,1488304266025,-1,-1,222.5467,1488304265498
3,1,16,2,0.3,1,2,0,226.0804,1488304269026,-1,-1,225.5802,1488304268531
3,1,17,2,0.3,1,0,4,229.0806,1488304272026,-1,-1,228.5805,1488304271532
3,1,18,2,0.3,1,1,0,232.1474,1488304275093,233.1807,1488304276126,231.614,1488304274563
3,1,19,2,0.3,1,1,4,235.1809,1488304278126,236.0142,1488304278960,234.6807,1488304277631
3,1,20,2,0.3,1,1,0,238.2474,1488304281192,239.4808,1488304282426,237.714,1488304280663
3,1,21,2,0.3,1,2,0,241.2479,1488304284193,-1,-1,240.7477,1488304283698
3,1,22,2,0.3,1,0,6,244.3147,1488304287260,-1,-1,243.7815,1488304286732
3,1,23,2,0.3,1,2,6,247.3149,1488304290260,-1,-1,246.8148,1488304289766
3,1,24,2,0.3,1,0,2,250.3817,1488304293327,-1,-1,249.815,1488304292765
3,1,25,2,0.3,1,0,1,253.4154,1488304296360,-1,-1,252.882,1488304295832
3,1,26,2,0.3,1,2,1,256.482,1488304299427,-1,-1,255.9486,1488304298899
3,1,27,2,0.3,1,0,3,259.5155,1488304302461,-1,-1,258.9821,1488304301933
3,1,28,2,0.3,1,0,7,262.5824,1488304305527,-1,-1,262.0158,1488304304965
3,1,29,2,0.3,1,1,3,265.6492,1488304308594,266.416,1488304309362,265.0826,1488304308032
3,1,30,2,0.3,1,0,2,268.7161,1488304311661,-1,-1,268.1493,1488304311100
3,1,31,2,0.3,1,1,3,271.7833,1488304314728,272.5163,1488304315462,271.2162,1488304314167
3,1,32,2,0.3,1,1,2,274.8496,1488304317795,275.6497,1488304318595,274.3163,1488304317266
3,1,33,2,0.3,1,0,1,277.9165,1488304320862,-1,-1,277.3498,1488304320301
3,1,34,2,0.3,1,0,6,280.9499,1488304323895,-1,-1,280.4167,1488304323368
3,1,35,2,0.3,1,0,5,283.9836,1488304326929,-1,-1,283.4503,1488304326401
3,1,36,2,0.3,1,0,0,287.0171,1488304329962,-1,-1,286.4837,1488304329434
3,1,37,2,0.3,1,1,5,290.0506,1488304332996,290.8839,1488304333830,289.5172,1488304332468
3,1,38,2,0.3,1,2,5,293.0508,1488304335996,-1,-1,292.5506,1488304335500
3,1,39,2,0.3,1,2,0,296.1175,1488304339063,-1,-1,295.5841,1488304338534
3,1,40,2,0.3,1,0,4,299.1844,1488304342130,-1,-1,298.6178,1488304341567
3,1,41,2,0.3,1,2,4,302.251,1488304345196,-1,-1,301.6847,1488304344636
3,2,0,3,0.3,1,3,7,313.0852,1488304356030,-1,-1,312.5187,1488304355469
3,2,1,3,0.3,1,3,3,316.1186,1488304359064,-1,-1,315.5853,1488304358536
3,2,2,3,0.3,1,3,1,319.186,1488304362131,-1,-1,318.6188,1488304361569
3,2,3,3,0.3,1,2,3,322.2523,1488304365198,-1,-1,321.7189,1488304364669
3,2,4,3,0.3,1,1,3,325.2858,1488304368231,326.0526,1488304368998,324.7525,1488304367703
3,2,5,3,0.3,1,1,1,328.2861,1488304371231,329.3528,1488304372299,327.786,1488304370736
3,2,6,3,0.3,1,2,1,331.3196,1488304374265,-1,-1,330.7862,1488304373737
3,2,7,3,0.3,1,1,3,334.3531,1488304377298,335.12,1488304378066,333.8197,1488304376770
3,2,8,3,0.3,1,2,3,337.4199,1488304380365,-1,-1,336.8865,1488304379836
3,2,9,3,0.3,1,1,1,340.4534,1488304383399,341.4203,1488304384366,339.9201,1488304382870
3,2,10,3,0.3,1,2,1,343.4537,1488304386399,-1,-1,342.9535,1488304385904
3,2,11,3,0.3,1,0,6,346.5202,1488304389465,-1,-1,345.987,1488304388938
3,2,12,3,0.3,1,2,3,349.5207,1488304392466,-1,-1,349.0203,1488304391969
3,2,13,3,0.3,1,1,1,352.554,1488304395499,353.4207,1488304396366,352.0207,1488304394970
3,2,14,3,0.3,1,1,6,355.5875,1488304398533,356.6211,1488304399567,355.0544,1488304398005
3,2,15,3,0.3,1,2,6,358.6544,1488304401600,-1,-1,358.1208,1488304401070
3,2,16,3,0.3,1,0,7,361.7545,1488304404700,-1,-1,361.1879,1488304404138
3,2,17,3,0.3,1,1,6,364.7879,1488304407733,365.5548,1488304408500,364.2546,1488304407204
3,2,18,3,0.3,1,0,3,367.7884,1488304410733,-1,-1,367.2882,1488304410239
3,2,19,3,0.3,1,0,4,370.8882,1488304413833,-1,-1,370.3218,1488304413272
3,2,20,3,0.3,1,2,4,373.8888,1488304416834,-1,-1,373.3885,1488304416339
3,2,21,3,0.3,1,0,5,376.9887,1488304419934,-1,-1,376.4221,1488304419373
3,2,22,3,0.3,1,0,2,380.0222,1488304422967,-1,-1,379.4888,1488304422439
3,2,23,3,0.3,1,0,6,383.0891,1488304426034,-1,-1,382.5224,1488304425472
3,2,24,3,0.3,1,0,3,386.1561,1488304429101,-1,-1,385.5896,1488304428538
3,2,25,3,0.3,1,0,1,389.1895,1488304432135,-1,-1,388.6562,1488304431606
3,2,26,3,0.3,1,0,7,392.2563,1488304435201,-1,-1,391.723,1488304434673
3,2,27,3,0.3,1,2,1,395.3232,1488304438268,-1,-1,394.7564,1488304437707
3,2,28,3,0.3,0,2,6,398.3901,1488304441335,399.9234,1488304442869,397.8234,1488304440774
3,2,29,3,0.3,0,1,7,401.4235,1488304444369,-1,-1,400.8902,1488304443840
3,2,30,3,0.3,1,1,1,404.457,1488304447402,406.4569,1488304449402,403.9236,1488304446874
3,2,31,3,0.3,1,0,2,407.4905,1488304450436,-1,-1,406.9571,1488304449908
3,2,32,3,0.3,1,1,7,410.524,1488304453469,411.3909,1488304454336,409.9906,1488304452941
3,2,33,3,0.3,1,2,7,413.5243,1488304456469,-1,-1,413.024,1488304455972
3,2,34,3,0.3,1,0,5,416.5578,1488304459503,-1,-1,416.0575,1488304459007
3,2,35,3,0.3,1,2,5,419.6245,1488304462570,-1,-1,419.058,1488304462008
3,2,36,3,0.3,1,0,1,422.6914,1488304465636,-1,-1,422.1247,1488304465074
3,2,37,3,0.3,1,0,4,425.7248,1488304468670,-1,-1,425.1915,1488304468142
3,2,38,3,0.3,0,1,5,428.7915,1488304471737,-1,-1,428.2249,1488304471175
3,2,39,3,0.3,1,0,7,431.8586,1488304474804,-1,-1,431.2918,1488304474242
3,2,40,3,0.3,1,0,3,434.9588,1488304477904,-1,-1,434.3921,1488304477343
3,2,41,3,0.3,1,1,5,438.0257,1488304480971,438.9256,1488304481871,437.459,1488304480409
3,2,42,3,0.3,1,2,3,441.0926,1488304484038,-1,-1,440.5591,1488304483509
3,3,0,3,0.3,1,3,0,453.8264,1488304496772,-1,-1,453.2599,1488304496210
3,3,1,3,0.3,1,3,3,456.8601,1488304499805,-1,-1,456.3266,1488304499277
3,3,2,3,0.3,1,3,6,459.9267,1488304502872,-1,-1,459.3933,1488304502344
3,3,3,3,0.3,1,2,6,462.9602,1488304505905,-1,-1,462.4269,1488304505378
3,3,4,3,0.3,1,1,3,465.9937,1488304508939,466.8271,1488304509773,465.4604,1488304508411
3,3,5,3,0.3,1,0,2,468.994,1488304511939,-1,-1,468.4937,1488304511443
3,3,6,3,0.3,1,2,3,472.0612,1488304515006,-1,-1,471.5275,1488304514478
3,3,7,3,0.3,1,1,3,475.1276,1488304518073,476.261,1488304519206,474.5941,1488304517545
3,3,8,3,0.3,1,0,0,478.161,1488304521106,-1,-1,477.6277,1488304520578
3,3,9,3,0.3,1,1,3,481.2279,1488304524173,482.0288,1488304524975,480.6613,1488304523613
3,3,10,3,0.3,1,0,5,484.2948,1488304527240,-1,-1,483.7282,1488304526679
3,3,11,3,0.3,1,1,0,487.3283,1488304530274,488.1283,1488304531074,486.7949,1488304529745
3,3,12,3,0.3,1,0,2,490.3951,1488304533340,-1,-1,489.8285,1488304532779
3,3,13,3,0.3,1,2,0,493.4619,1488304536407,-1,-1,492.8953,1488304535845
3,3,14,3,0.3,1,2,5,496.5288,1488304539474,-1,-1,495.9621,1488304538912
3,3,15,3,0.3,1,2,5,499.5623,1488304542508,-1,-1,499.029,1488304541979
3,3,16,3,0.3,1,0,4,502.5959,1488304545541,-1,-1,502.0623,1488304545013
3,3,17,3,0.3,1,2,0,505.6962,1488304548641,-1,-1,505.1293,1488304548080
3,3,18,3,0.3,1,0,1,508.763,1488304551708,-1,-1,508.2294,1488304551180
3,3,19,3,0.3,1,0,2,511.8297,1488304554775,-1,-1,511.2964,1488304554247
3,3,20,3,0.3,0,0,6,514.8965,1488304557842,515.9299,1488304558876,514.3301,1488304557281
3,3,21,3,0.3,1,2,2,517.9634,1488304560908,-1,-1,517.397,1488304560346
3,3,22,3,0.3,1,1,2,521.0302,1488304563975,523.0637,1488304566009,520.4635,1488304563413
3,3,23,3,0.3,1,0,3,524.0305,1488304566976,-1,-1,523.5303,1488304566481
3,3,24,3,0.3,0,1,2,527.0973,1488304570042,-1,-1,526.5638,1488304569514
3,3,25,3,0.3,1,2,3,530.1306,1488304573076,-1,-1,529.5973,1488304572548
3,3,26,3,0.3,1,1,3,533.1975,1488304576143,534.0651,1488304577011,532.6642,1488304575614
3,3,27,3,0.3,1,0,5,536.2312,1488304579176,-1,-1,535.6976,1488304578648
3,3,28,3,0.3,1,2,2,539.3312,1488304582276,-1,-1,538.7648,1488304581715
3,3,29,3,0.3,1,1,3,542.3982,1488304585343,543.0981,1488304586044,541.8314,1488304584782
3,3,30,3,0.3,1,0,7,545.4651,1488304588410,-1,-1,544.9315,1488304587882
3,3,31,3,0.3,1,0,4,548.5316,1488304591477,-1,-1,547.9984,1488304590948
3,3,32,3,0.3,1,2,2,551.5985,1488304594544,-1,-1,551.032,1488304593982
3,3,33,3,0.3,1,1,7,554.6321,1488304597577,555.2655,1488304598211,554.0986,1488304597049
3,3,34,3,0.3,1,0,0,557.6656,1488304600611,-1,-1,557.1322,1488304600083
3,3,35,3,0.3,0,0,3,560.7324,1488304603678,561.6992,1488304604645,560.1991,1488304603149
3,3,36,3,0.3,1,2,0,563.7993,1488304606744,-1,-1,563.2327,1488304606183
3,3,37,3,0.3,0,1,0,566.8329,1488304609778,-1,-1,566.2993,1488304609250
3,3,38,3,0.3,1,2,0,569.8663,1488304612811,-1,-1,569.3329,1488304612283
3,3,39,3,0.3,1,1,0,572.8998,1488304615845,573.8331,1488304616779,572.3663,1488304615317
3,3,40,3,0.3,1,0,2,575.9666,1488304618912,-1,-1,575.3998,1488304618349
3,3,41,3,0.3,1,1,0,579.0334,1488304621979,580.2003,1488304623146,578.4669,1488304621418
3,3,42,3,0.3,1,0,1,582.0669,1488304625012,-1,-1,581.5336,1488304624485
3,4,0,3,0.3,1,3,0,591.601,1488304634546,-1,-1,591.0675,1488304634017
3,4,1,3,0.3,1,3,1,594.6677,1488304637613,-1,-1,594.1344,1488304637084
3,4,2,3,0.3,1,3,6,597.7345,1488304640680,-1,-1,597.1678,1488304640118
3,4,3,3,0.3,1,2,6,600.8014,1488304643747,-1,-1,600.2346,1488304643185
3,4,4,3,0.3,1,1,1,603.8687,1488304646814,604.6349,1488304647581,603.3015,1488304646252
3,4,5,3,0.3,1,2,1,606.9684,1488304649913,-1,-1,606.4019,1488304649351
3,4,6,3,0.3,0,1,6,610.002,1488304652947,-1,-1,609.4685,1488304652418
3,4,7,3,0.3,1,1,1,613.0687,1488304656014,613.8021,1488304656748,612.5354,1488304655486
3,4,8,3,0.3,1,1,1,616.1023,1488304659047,616.6689,1488304659615,615.5688,1488304658520
3,4,9,3,0.3,1,0,2,619.1691,1488304662114,-1,-1,618.6024,1488304661552
3,4,10,3,0.3,1,1,1,622.2025,1488304665148,623.1027,1488304666048,621.6692,1488304664620
3,4,11,3,0.3,1,2,2,625.2362,1488304668181,-1,-1,624.736,1488304667687
3,4,12,3,0.3,1,0,7,628.3362,1488304671281,-1,-1,627.7695,1488304670720
3,4,13,3,0.3,1,1,1,631.4031,1488304674348,632.3699,1488304675315,630.8367,1488304673786
3,4,14,3,0.3,1,0,4,634.4033,1488304677348,-1,-1,633.9032,1488304676854
3,4,15,3,0.3,1,0,3,637.4374,1488304680383,-1,-1,636.9034,1488304679854
3,4,16,3,0.3,1,2,2,640.5037,1488304683449,-1,-1,639.9702,1488304682921
3,4,17,3,0.3,1,0,0,643.6036,1488304686549,-1,-1,643.0371,1488304685988
3,4,18,3,0.3,1,2,4,646.6371,1488304689582,-1,-1,646.1039,1488304689055
3,4,19,3,0.3,1,1,2,649.6708,1488304692616,650.4708,1488304693416,649.1375,1488304692088
3,4,20,3,0.3,1,1,0,652.7377,1488304695683,653.5376,1488304696483,652.1709,1488304695121
3,4,21,3,0.3,1,0,7,655.8044,1488304698750,-1,-1,655.2378,1488304698188
3,4,22,3,0.3,1,1,2,658.8712,1488304701816,659.7047,1488304702650,658.3046,1488304701255
3,4,23,3,0.3,1,2,7,661.9048,1488304704850,-1,-1,661.3713,1488304704322
3,4,24,3,0.3,1,2,2,664.9716,1488304707917,-1,-1,664.4053,1488304707356
3,4,25,3,0.3,1,1,2,668.0051,1488304710950,668.7721,1488304711718,667.4719,1488304710423
3,4,26,3,0.3,1,2,2,671.0385,1488304713984,-1,-1,670.5052,1488304713456
3,4,27,3,0.3,1,0,6,674.1055,1488304717051,-1,-1,673.5388,1488304716488
3,4,28,3,0.3,1,0,1,677.1389,1488304720084,-1,-1,676.6056,1488304719555
3,4,29,3,0.3,1,0,3,680.2057,1488304723151,-1,-1,679.6724,1488304722622
3,4,30,3,0.3,1,0,7,683.2394,1488304726185,-1,-1,682.7062,1488304725656
3,4,31,3,0.3,1,0,0,686.3063,1488304729251,-1,-1,685.7395,1488304728690
3,4,32,3,0.3,1,0,5,689.3729,1488304732318,-1,-1,688.8396,1488304731790
3,4,33,3,0.3,1,1,7,692.4065,1488304735352,693.0732,1488304736019,691.873,1488304734824
3,4,34,3,0.3,1,0,1,695.4399,1488304738385,-1,-1,694.9066,1488304737857
3,4,35,3,0.3,1,2,7,698.4734,1488304741419,-1,-1,697.9401,1488304740890
3,4,36,3,0.3,1,1,7,701.5402,1488304744485,702.307,1488304745253,700.9736,1488304743925
3,4,37,3,0.3,1,0,4,704.574,1488304747519,-1,-1,704.0405,1488304746991
3,4,38,3,0.3,1,2,1,707.6738,1488304750619,-1,-1,707.1077,1488304750058
3,4,39,3,0.3,1,0,0,710.7075,1488304753653,-1,-1,710.1741,1488304753125
3,4,40,3,0.3,1,2,7,713.7743,1488304756719,-1,-1,713.2078,1488304756157
3,4,41,3,0.3,1,2,7,716.8079,1488304759753,-1,-1,716.2745,1488304759224
3,4,42,3,0.3,1,0,3,719.8748,1488304762820,-1,-1,719.3413,1488304762291
3,5,0,4,0.3,1,3,5,727.3085,1488304770254,-1,-1,726.775,1488304769724
3,5,1,4,0.3,1,3,0,730.3752,1488304773320,-1,-1,729.8419,1488304772792
3,5,2,4,0.3,1,3,3,733.4088,1488304776354,-1,-1,732.8754,1488304775826
3,5,3,4,0.3,1,3,4,736.4424,1488304779387,-1,-1,735.9089,1488304778860
3,5,4,4,0.3,0,2,0,739.4758,1488304782421,740.3425,1488304783288,738.9425,1488304781893
3,5,5,4,0.3,0,1,0,742.5426,1488304785488,-1,-1,741.976,1488304784926
3,5,6,4,0.3,1,0,2,745.6095,1488304788555,-1,-1,745.0428,1488304787993
3,5,7,4,0.3,1,2,3,748.6764,1488304791622,-1,-1,748.1096,1488304791059
3,5,8,4,0.3,1,1,0,751.7432,1488304794688,753.0099,1488304795956,751.2098,1488304794160
3,5,9,4,0.3,1,2,4,754.8101,1488304797755,-1,-1,754.2433,1488304797194
3,5,10,4,0.3,1,2,0,757.8771,1488304800822,-1,-1,757.3436,1488304800294
3,5,11,4,0.3,1,0,6,760.9769,1488304803922,-1,-1,760.4103,1488304803361
3,5,12,4,0.3,1,1,0,764.0443,1488304806989,765.2771,1488304808223,763.4773,1488304806427
3,5,13,4,0.3,0,1,4,767.1107,1488304810056,-1,-1,766.5774,1488304809528
3,5,14,4,0.3,1,0,2,770.1443,1488304813089,-1,-1,769.6108,1488304812561
3,5,15,4,0.3,0,2,0,773.2111,1488304816156,774.4119,1488304817357,772.6777,1488304815628
3,5,16,4,0.3,1,0,5,776.3112,1488304819256,-1,-1,775.7445,1488304818694
3,5,17,4,0.3,1,0,7,779.3782,1488304822323,-1,-1,778.8113,1488304821761
3,5,18,4,0.3,1,2,0,782.4449,1488304825390,-1,-1,781.9116,1488304824862
3,5,19,4,0.3,0,2,2,785.5117,1488304828457,787.6451,1488304830591,784.9451,1488304827896
3,5,20,4,0.3,0,1,5,788.5453,1488304831490,-1,-1,788.0118,1488304830962
3,5,21,4,0.3,1,0,4,791.5787,1488304834524,-1,-1,791.0454,1488304833995
3,5,22,4,0.3,0,2,2,794.6123,1488304837557,795.7122,1488304838658,794.079,1488304837029
3,5,23,4,0.3,1,0,1,797.6791,1488304840624,-1,-1,797.1124,1488304840062
3,5,24,4,0.3,0,1,5,800.7794,1488304843724,-1,-1,800.2125,1488304843163
3,5,25,4,0.3,1,2,1,803.8462,1488304846791,-1,-1,803.3127,1488304846263
3,5,26,4,0.3,0,2,5,806.913,1488304849858,808.1798,1488304851126,806.3796,1488304849330
3,5,27,4,0.3,0,1,1,809.9799,1488304852925,-1,-1,809.4131,1488304852363
3,5,28,4,0.3,1,1,5,813.0466,1488304855992,814.7467,1488304857692,812.5133,1488304855464
3,5,29,4,0.3,1,0,3,816.0801,1488304859025,-1,-1,815.5469,1488304858497
3,5,30,4,0.3,0,2,1,819.147,1488304862092,820.5471,1488304863493,818.5802,1488304861531
3,5,31,4,0.3,0,0,2,822.2139,1488304865159,822.7808,1488304865726,821.6471,1488304864597
3,5,32,4,0.3,1,0,7,825.2805,1488304868226,-1,-1,824.714,1488304867665
3,5,33,4,0.3,1,0,4,828.314,1488304871259,-1,-1,827.7808,1488304870731
3,5,34,4,0.3,1,0,4,831.381,1488304874326,-1,-1,830.8143,1488304873764
3,5,35,4,0.3,1,0,5,834.4143,1488304877359,-1,-1,833.8812,1488304876831
3,5,36,4,0.3,0,1,7,837.448,1488304880393,-1,-1,836.9147,1488304879865
3,5,37,4,0.3,1,0,1,840.4814,1488304883427,-1,-1,839.9481,1488304882898
3,5,38,4,0.3,1,1,4,843.5483,1488304886494,845.115,1488304888060,842.9817,1488304885932
3,5,39,4,0.3,1,0,3,846.615,1488304889560,-1,-1,846.0485,1488304888999
3,5,40,4,0.3,1,2,1,849.6819,1488304892627,-1,-1,849.1155,1488304892066
3,5,41,4,0.3,1,1,1,852.7156,1488304895661,854.1489,1488304897094,852.1821,1488304895132
3,5,42,4,0.3,1,0,2,855.7823,1488304898728,-1,-1,855.2157,1488304898166
3,5,43,4,0.3,0,1,3,858.8824,1488304901827,-1,-1,858.3158,1488304901267
3,6,0,3,0.3,1,3,5,877.4835,1488304920429,-1,-1,876.9169,1488304919866
3,6,1,3,0.3,1,3,3,880.5507,1488304923496,-1,-1,879.9838,1488304922934
3,6,2,3,0.3,1,3,6,883.6506,1488304926596,-1,-1,883.0839,1488304926034
3,6,3,3,0.3,1,0,7,886.6841,1488304929629,-1,-1,886.1508,1488304929101
3,6,4,3,0.3,1,2,6,889.7178,1488304932663,-1,-1,889.1842,1488304932134
3,6,5,3,0.3,1,2,3,892.7843,1488304935729,-1,-1,892.2509,1488304935200
3,6,6,3,0.3,0,1,7,895.8181,1488304938763,-1,-1,895.2848,1488304938236
3,6,7,3,0.3,1,2,3,898.9182,1488304941863,-1,-1,898.3514,1488304941302
3,6,8,3,0.3,1,2,7,901.985,1488304944930,-1,-1,901.4515,1488304944402
3,6,9,3,0.3,1,0,5,905.0184,1488304947964,-1,-1,904.4851,1488304947436
3,6,10,3,0.3,1,1,3,908.0852,1488304951030,908.7853,1488304951731,907.5186,1488304950469
3,6,11,3,0.3,1,2,3,911.0856,1488304954031,-1,-1,910.5853,1488304953536
3,6,12,3,0.3,1,2,7,914.1857,1488304957131,-1,-1,913.6189,1488304956569
3,6,13,3,0.3,1,0,2,917.2526,1488304960198,-1,-1,916.6859,1488304959637
3,6,14,3,0.3,1,2,5,920.3193,1488304963264,-1,-1,919.786,1488304962736
3,6,15,3,0.3,1,0,0,923.3861,1488304966331,-1,-1,922.8529,1488304965803
3,6,16,3,0.3,1,2,7,926.4198,1488304969365,-1,-1,925.8862,1488304968837
3,6,17,3,0.3,1,0,1,929.4865,1488304972432,-1,-1,928.9199,1488304971870
3,6,18,3,0.3,1,2,7,932.5533,1488304975498,-1,-1,931.9866,1488304974936
3,6,19,3,0.3,1,0,4,935.6201,1488304978565,-1,-1,935.0535,1488304978003
3,6,20,3,0.3,1,1,1,938.6538,1488304981599,940.5872,1488304983533,938.1202,1488304981070
3,6,21,3,0.3,1,0,6,941.7205,1488304984666,-1,-1,941.1871,1488304984138
3,6,22,3,0.3,1,0,5,944.7543,1488304987699,-1,-1,944.2207,1488304987172
3,6,23,3,0.3,1,0,0,947.8545,1488304990800,-1,-1,947.2874,1488304990238
3,6,24,3,0.3,1,1,6,950.8877,1488304993833,951.9213,1488304994867,950.3875,1488304993338
3,6,25,3,0.3,1,0,3,953.9211,1488304996866,-1,-1,953.3878,1488304996339
3,6,26,3,0.3,0,1,0,956.9547,1488304999900,-1,-1,956.4214,1488304999372
3,6,27,3,0.3,1,2,5,960.0216,1488305002967,-1,-1,959.4548,1488305002405
3,6,28,3,0.3,0,1,3,963.0552,1488305006000,-1,-1,962.5217,1488305005472
3,6,29,3,0.3,0,1,0,966.1218,1488305009067,-1,-1,965.5885,1488305008539
3,6,30,3,0.3,1,2,3,969.156,1488305012101,-1,-1,968.655,1488305011604
3,6,31,3,0.3,1,1,3,972.2559,1488305015201,972.9889,1488305015934,971.689,1488305014639
3,6,32,3,0.3,1,1,0,975.3224,1488305018267,976.0227,1488305018968,974.7891,1488305017740
3,6,33,3,0.3,1,1,3,978.3893,1488305021334,979.1227,1488305022068,977.8225,1488305020773
3,6,34,3,0.3,1,0,4,981.4562,1488305024401,-1,-1,980.9227,1488305023873
3,6,35,3,0.3,1,1,0,984.5231,1488305027468,985.2896,1488305028235,983.9896,1488305026940
3,6,36,3,0.3,1,0,5,987.623,1488305030568,-1,-1,987.0564,1488305030007
3,6,37,3,0.3,1,0,7,990.6566,1488305033602,-1,-1,990.1234,1488305033074
3,6,38,3,0.3,1,2,5,993.7234,1488305036668,-1,-1,993.1569,1488305036107
3,6,39,3,0.3,1,0,6,996.7902,1488305039735,-1,-1,996.2235,1488305039173
3,6,40,3,0.3,1,1,7,999.8237,1488305042769,1000.59,1488305043536,999.2904,1488305042240
3,6,41,3,0.3,1,0,4,1002.891,1488305045836,-1,-1,1002.324,1488305045274
3,6,42,3,0.3,1,0,1,1005.924,1488305048869,-1,-1,1005.391,1488305048342
3,7,0,3,0.3,1,3,2,1014.491,1488305057436,-1,-1,1013.958,1488305056908
3,7,1,3,0.3,1,3,6,1017.558,1488305060503,-1,-1,1016.991,1488305059942
3,7,2,3,0.3,1,3,3,1020.625,1488305063570,-1,-1,1020.058,1488305063009
3,7,3,3,0.3,1,0,5,1023.692,1488305066637,-1,-1,1023.125,1488305066076
3,7,4,3,0.3,1,2,5,1026.692,1488305069637,-1,-1,1026.192,1488305069142
3,7,5,3,0.3,1,1,3,1029.759,1488305072704,1030.692,1488305073638,1029.225,1488305072176
3,7,6,3,0.3,1,0,7,1032.792,1488305075737,-1,-1,1032.259,1488305075209
3,7,7,3,0.3,1,2,7,1035.826,1488305078771,-1,-1,1035.292,1488305078244
3,7,8,3,0.3,1,1,3,1038.859,1488305081804,1039.659,1488305082605,1038.326,1488305081276
3,7,9,3,0.3,1,2,3,1041.926,1488305084871,-1,-1,1041.393,1488305084342
3,7,10,3,0.3,1,0,2,1044.993,1488305087938,-1,-1,1044.426,1488305087376
3,7,11,3,0.3,1,1,3,1048.06,1488305091005,1048.927,1488305091872,1047.493,1488305090443
3,7,12,3,0.3,1,2,2,1051.127,1488305094072,-1,-1,1050.56,1488305093511
3,7,13,3,0.3,1,1,2,1054.16,1488305097105,1054.893,1488305097839,1053.627,1488305096577
3,7,14,3,0.3,1,1,3,1057.26,1488305100206,1058.427,1488305101373,1056.694,1488305099643
3,7,15,3,0.3,1,0,4,1060.327,1488305103272,-1,-1,1059.794,1488305102745
3,7,16,3,0.3,1,0,5,1063.427,1488305106372,-1,-1,1062.861,1488305105812
3,7,17,3,0.3,1,0,7,1066.494,1488305109439,-1,-1,1065.927,1488305108879
3,7,18,3,0.3,1,1,4,1069.561,1488305112506,1070.461,1488305113406,1068.994,1488305111945
3,7,19,3,0.3,1,0,6,1072.628,1488305115573,-1,-1,1072.061,1488305115011
3,7,20,3,0.3,1,1,7,1075.695,1488305118640,1076.428,1488305119374,1075.128,1488305118079
3,7,21,3,0.3,1,2,6,1078.761,1488305121707,-1,-1,1078.195,1488305121145
3,7,22,3,0.3,1,0,3,1081.828,1488305124773,-1,-1,1081.262,1488305124211
3,7,23,3,0.3,1,1,7,1084.862,1488305127807,1085.729,1488305128674,1084.329,1488305127278
3,7,24,3,0.3,1,0,5,1087.929,1488305130874,-1,-1,1087.362,1488305130312
3,7,25,3,0.3,1,0,2,1090.962,1488305133907,-1,-1,1090.429,1488305133379
3,7,26,3,0.3,0,1,7,1093.996,1488305136941,-1,-1,1093.462,1488305136413
3,7,27,3,0.3,1,2,3,1097.063,1488305140008,-1,-1,1096.529,1488305139480
3,7,28,3,0.3,1,2,5,1100.096,1488305143042,-1,-1,1099.563,1488305142513
3,7,29,3,0.3,1,2,5,1103.163,1488305146108,-1,-1,1102.63,1488305145580
3,7,30,3,0.3,1,1,3,1106.23,1488305149175,1107.863,1488305150809,1105.663,1488305148613
3,7,31,3,0.3,1,0,1,1109.263,1488305152208,-1,-1,1108.73,1488305151680
3,7,32,3,0.3,1,0,0,1112.33,1488305155275,-1,-1,1111.763,1488305154713
3,7,33,3,0.3,1,2,0,1115.364,1488305158309,-1,-1,1114.83,1488305157780
3,7,34,3,0.3,1,0,4,1118.397,1488305161342,-1,-1,1117.897,1488305160847
3,7,35,3,0.3,1,0,6,1121.464,1488305164409,-1,-1,1120.93,1488305163881
3,7,36,3,0.3,1,2,6,1124.531,1488305167476,-1,-1,1123.964,1488305166915
3,7,37,3,0.3,0,0,2,1127.598,1488305170543,1129.164,1488305172110,1127.064,1488305170014
3,7,38,3,0.3,1,2,4,1130.631,1488305173576,-1,-1,1130.098,1488305173048
3,7,39,3,0.3,1,2,2,1133.698,1488305176643,-1,-1,1133.165,1488305176114
3,7,40,3,0.3,1,1,2,1136.765,1488305179710,1137.898,1488305180844,1136.231,1488305179181
3,7,41,3,0.3,1,0,1,1139.798,1488305182743,-1,-1,1139.265,1488305182215
3,7,42,3,0.3,1,1,2,1142.865,1488305185810,1143.665,1488305186611,1142.298,1488305185249
3,8,0,3,0.3,1,3,6,1156.133,1488305199078,-1,-1,1155.632,1488305198579
3,8,1,3,0.3,1,3,5,1159.233,1488305202178,-1,-1,1158.666,1488305201617
3,8,2,3,0.3,1,3,4,1162.299,1488305205245,-1,-1,1161.733,1488305204683
3,8,3,3,0.3,1,1,6,1165.333,1488305208278,1166.166,1488305209112,1164.8,1488305207749
3,8,4,3,0.3,1,0,0,1168.366,1488305211312,-1,-1,1167.833,1488305210784
3,8,5,3,0.3,1,1,4,1171.433,1488305214378,1172.267,1488305215212,1170.867,1488305213817
3,8,6,3,0.3,1,1,6,1174.467,1488305217412,1175.301,1488305218246,1173.933,1488305216883
3,8,7,3,0.3,1,2,4,1177.5,1488305220446,-1,-1,1176.967,1488305219918
3,8,8,3,0.3,1,1,4,1180.567,1488305223512,1181.267,1488305224213,1180,1488305222951
3,8,9,3,0.3,1,2,4,1183.634,1488305226579,-1,-1,1183.101,1488305226050
3,8,10,3,0.3,1,0,2,1186.668,1488305229613,-1,-1,1186.134,1488305229085
3,8,11,3,0.3,1,0,5,1189.734,1488305232679,-1,-1,1189.201,1488305232151
3,8,12,3,0.3,1,1,4,1192.801,1488305235746,1193.568,1488305236513,1192.235,1488305235185
3,8,13,3,0.3,0,1,2,1195.868,1488305238813,-1,-1,1195.301,1488305238252
3,8,14,3,0.3,1,1,5,1198.902,1488305241847,1199.702,1488305242647,1198.368,1488305241319
3,8,15,3,0.3,1,2,5,1201.935,1488305244880,-1,-1,1201.402,1488305244352
3,8,16,3,0.3,1,2,5,1204.969,1488305247914,-1,-1,1204.435,1488305247386
3,8,17,3,0.3,1,0,7,1208.035,1488305250980,-1,-1,1207.502,1488305250453
3,8,18,3,0.3,1,2,2,1211.069,1488305254014,-1,-1,1210.536,1488305253486
3,8,19,3,0.3,1,1,5,1214.102,1488305257047,1214.87,1488305257815,1213.569,1488305256520
3,8,20,3,0.3,1,0,1,1217.169,1488305260114,-1,-1,1216.603,1488305259552
3,8,21,3,0.3,0,2,7,1220.236,1488305263181,1221.403,1488305264349,1219.669,1488305262619
3,8,22,3,0.3,1,2,7,1223.27,1488305266215,-1,-1,1222.736,1488305265687
3,8,23,3,0.3,0,1,1,1226.337,1488305269282,-1,-1,1225.803,1488305268753
3,8,24,3,0.3,1,0,0,1229.403,1488305272348,-1,-1,1228.87,1488305271821
3,8,25,3,0.3,1,1,7,1232.437,1488305275382,1233.537,1488305276482,1231.903,1488305274853
3,8,26,3,0.3,1,0,3,1235.504,1488305278449,-1,-1,1234.97,1488305277920
3,8,27,3,0.3,1,2,7,1238.571,1488305281516,-1,-1,1238.004,1488305280954
3,8,28,3,0.3,1,0,6,1241.637,1488305284583,-1,-1,1241.104,1488305284054
3,8,29,3,0.3,1,0,2,1244.704,1488305287649,-1,-1,1244.171,1488305287122
3,8,30,3,0.3,1,2,3,1247.738,1488305290683,-1,-1,1247.204,1488305290155
3,8,31,3,0.3,1,0,4,1250.805,1488305293750,-1,-1,1250.271,1488305293222
3,8,32,3,0.3,1,1,2,1253.838,1488305296783,1254.871,1488305297817,1253.305,1488305296254
3,8,33,3,0.3,1,0,0,1256.905,1488305299850,-1,-1,1256.338,1488305299288
3,8,34,3,0.3,1,2,0,1259.938,1488305302883,-1,-1,1259.405,1488305302355
3,8,35,3,0.3,1,0,5,1262.972,1488305305918,-1,-1,1262.438,1488305305389
3,8,36,3,0.3,1,0,1,1266.039,1488305308984,-1,-1,1265.472,1488305308422
3,8,37,3,0.3,1,0,6,1269.072,1488305312017,-1,-1,1268.539,1488305311489
3,8,38,3,0.3,1,0,3,1272.139,1488305315084,-1,-1,1271.606,1488305314555
3,8,39,3,0.3,1,0,7,1275.206,1488305318151,-1,-1,1274.639,1488305317589
3,8,40,3,0.3,1,1,6,1278.306,1488305321251,1279.073,1488305322018,1277.74,1488305320689
3,8,41,3,0.3,1,2,6,1281.373,1488305324318,-1,-1,1280.806,1488305323757
3,8,42,3,0.3,1,2,6,1284.44,1488305327385,-1,-1,1283.906,1488305326857
