%Recollect Version 2.0. Scene/Level: span1_intro, Game Number: 127
%Note: All true/false values are represented as "1" and "0" respectively.
%Damage:1,Player X Position,Player Y Position,Hearts Left,Time (Relative),Time (Absolute)
%SpanCollectionOrder:6,Time (R),Time (A),Is Reversed. (Arrangement order is from bottom left to top right)
%SpanArrangementOrder:7,[Array of Span Types] (Order is from bottom left to top right). 
%SpanPlayerInput:8,beginTime,endTime,[Array of Positions in Arrangment Pressed, followed by time]
6,0.00000,1479145998216.52,0,1,3,5,0
7,3,5,7,0,4,1
6,13.17230,1479146011352.94,0,0,3,4,1
7,3,7,5,0,1,4
8,5.67230,13.17230,5,7.98413,0,8.28363,1,8.51697,3,8.78400
6,25.31232,1479146023486.82,0,4,1,5,0
7,1,2,6,4,0,5
8,17.83228,25.31232,3,20.55103,0,20.91772,5,21.21771,4,21.45111
6,37.89227,1479146036087.13,1,5,0,3,2,4
7,0,3,2,5,4,7,1
8,30.39227,37.89227,3,33.21857,0,33.58521,5,33.85175,4,34.11841
6,49.77234,1479146047955.27,1,3,4,2,5,1
7,4,2,5,0,1,7,3
8,42.27228,49.77234,3,44.91937,0,46.18579,1,46.45251,2,46.68597,4,46.91925
6,62.03235,1479146060221.98,1,3,1,5,2,0
7,3,7,1,0,4,5,2
8,54.55225,62.03235,6,57.38635,0,57.75305,1,58.15393,2,58.42102,4,58.81995
6,74.47229,1479146072656.27,0,3,1,5,4,2,0
7,2,3,4,6,0,5,1,3
8,66.97229,74.47229,0,68.65393,2,69.25378,5,69.58716,6,70.08728,3,70.35400
1,341.64350,0.86477,2,83.81226,1479146081989.61
6,86.59229,1479146084789.93,0,2,3,1,5,0,4
7,5,2,7,5,1,3,0,4
8,79.09229,86.59229,4,81.62109,0,81.95447,0,83.55457,6,83.98792
6,98.75232,1479146096924.35,0,2,3,1,5,0
7,3,2,7,5,0,4,1
8,91.25232,98.75232,1,93.35510,5,93.68848,4,94.12183,0,94.48975,7,95.75513,6,96.28894,7,96.58862
6,111.33230,1479146109524.68,1,4,3,1,0,2
7,0,7,1,5,4,2,3
8,103.83230,111.33230,1,105.95620,0,106.38920,6,106.78920,5,107.58940,4,108.02260,3,108.75600,4,109.28940
6,123.19230,1479146121391.87,1,2,1,4,0,5
7,4,6,3,0,1,5,2
8,115.71230,123.19230,4,116.98970,6,118.22340,2,118.52320,0,119.02330,5,119.25660
6,135.47230,1479146133660.06,1,2,4,0,1,5
7,4,2,7,0,3,1,5
8,127.99230,135.47230,6,131.45730,4,132.72400,3,133.25730
8,140.41240,147.89230,1,141.89120,0,142.12450,3,143.09130,5,143.42460,6,143.62480
