%Recollect Version 2.0. Scene/Level: span1_intro, Game Number: 030
%Note: All true/false values are represented as "1" and "0" respectively.
%Damage:1,Player X Position,Player Y Position,Hearts Left,Time (Relative),Time (Absolute)
%SpanCollectionOrder:6,Time (R),Time (A),Is Reversed. (Arrangement order is from bottom left to top right)
%SpanArrangementOrder:7,[Array of Span Types] (Order is from bottom left to top right). 
%SpanPlayerInput:8,beginTime,endTime,[Array of Positions in Arrangment Pressed, followed by time]
6,0.00000,1477673082605.18,0,3,5,0,4
7,0,4,5,7,2,3
6,13.18030,1477673095732.59,0,2,3,0,1
7,2,1,0,7,5,3
8,5.68030,13.18030,5,8.35077,2,8.71942,0,9.05682,1,9.38501
6,25.32031,1477673107899.69,0,3,0,4,5
7,4,3,5,0,6,2
8,17.84027,25.32031,0,19.35522,5,20.25104,2,20.65106,1,21.09253
6,37.90027,1477673120469.16,1,5,0,3,4,2
7,2,3,0,4,5,1,6
8,30.40027,37.90027,1,32.48505,3,33.19238,0,33.61981,2,33.91986
6,49.78027,1477673132334.96,1,2,4,5,1,0
7,3,1,5,6,4,2,0
8,42.28027,49.78027,4,43.55853,2,44.71906,1,45.65247,3,45.98718,0,46.29187
6,62.04028,1477673144602.6,1,4,0,2,5,3
7,0,5,3,2,4,1,7
8,54.56030,62.04028,5,57.08765,4,57.32007,2,58.58655,1,59.05341,6,59.89252
6,74.48029,1477673157036.22,0,3,2,1,0,4,5
7,3,4,6,3,1,2,0,5
8,66.98029,74.48029,4,68.32465,0,68.69147,3,70.48737,1,71.02051,2,71.68726
6,86.60028,1477673169170.61,0,4,5,0,2,3,1
7,2,1,3,5,6,4,0,5
8,79.10028,86.60028,0,81.82263,6,82.35455,4,84.22131
6,98.76031,1477673181337.24,0,5,0,3,1,2,4
7,4,2,3,7,4,1,5,0
8,91.26031,98.76031,5,92.92181,7,94.05524,6,94.52185,0,95.18854,2,95.52319,1,95.78864
6,111.34030,1477673193904.76,1,5,0,1,4,3,2
7,4,2,1,3,5,0,7,3
8,103.84030,111.34030,6,106.06130,4,106.42450,7,107.39610
6,123.20030,1477673205772.97,1,2,0,3,4,1,5
7,1,3,4,5,1,6,2,0
8,115.72030,123.20030,4,118.29590,5,118.52370,2,119.18990,0,119.95670,3,120.49020,1,120.95680
6,135.48030,1477673218039.63,1,4,5,0,3,1,2
7,7,2,1,3,0,4,2,5
8,128.00030,135.48030,6,130.19060,7,130.79060,1,131.49300,2,131.89250,0,132.35750,3,132.85790
8,140.42030,147.90030,5,142.72460,7,143.06520,4,143.79120,3,144.15910,1,145.02480,2,145.39370
