%Recollect Version 2.0. Scene/Level: multi1_advan, Game Number: 046
%Note: All true/false values are represented as "1" and "0" respectively.
%Damage:1,Player X Position,Player Y Position,Hearts Left,Time (Relative),Time (Absolute)
%MultiObjectBugListChanged:5,[Array of Bug Types]
%BugPositions:3,Time (Relative),Time (Absolute),(For Each Bug:)Bug Color,Bug Position X,Bug Position Y
%MultiObjectTask:4,Matched Correctly,Was Collected,Flower Type,Reveal Time (R),Reveal Time (A),Pollenation Time (R) (-1.0 = unpollenated),Pollenation Time (A) (-1.0 = unpollenated),Death Time (R),Death Time (A)
%Possible values for "Flower Types":Red=0,Green=1,Blue=2,Yellow=3,White=4,Magenta=5,
5,4,0,2,5
3,0,1477932752786.15,4,0.07499999,0.6333334,0,0.325,0.7,2,0.675,0.5666667,5,0.875,0.4333333
3,1.033386,1477932753757.32,4,0.1292242,0.7448629,0,0.3997583,0.7625338,2,0.6515508,0.7217631,5,0.9357751,0.5703512
3,2.033386,1477932754757.94,4,0.2023736,0.7310994,0,0.3997594,0.6393794,2,0.6695663,0.7762011,5,0.9299192,0.7361984
3,3.033752,1477932755760.16,4,0.1947648,0.6719058,0,0.3614281,0.7850526,2,0.6842724,0.6371488,5,0.8763278,0.5661271
3,4.066956,1477932756791.25,4,0.07278937,0.7570984,0,0.2806872,0.6701843,2,0.6191093,0.6114339,5,0.8224406,0.7292865
3,5.066956,1477932757791.6,4,0.06194913,0.6709477,0,0.3526168,0.7069727,2,0.5523648,0.8253171,5,0.787936,0.7926307
5,4,0,2
4,0,1,0,2.08991,3.02991,1477932755757.35,5.46991,1477932758227.14
3,6.067017,1477932758791.86,4,0.1408752,0.5696979,0,0.2668601,0.6849229,2,0.5887043,0.7135236
3,7.067078,1477932759791.32,4,0.08063328,0.6925332,0,0.4366795,0.7836823,2,0.6618153,0.6222551
3,8.067261,1477932760792.26,4,0.1804336,0.7023599,0,0.5865633,0.7219427,2,0.7406533,0.7734258
3,9.100525,1477932761826.59,4,0.2842278,0.5746133,0,0.6890187,0.5812794,2,0.8461614,0.8003781
3,10.10052,1477932762825.77,4,0.5762959,0.4511121,0,0.5211062,0.8026145,2,0.9435735,0.7641016
3,11.10077,1477932763827.71,4,0.1729276,0.8068892,0,0.6029058,0.7147716,2,0.8672371,0.6745823
4,1,1,4,8.08991,9.86993,1477932762623.5,11.46991,1477932764223.37
3,12.13403,1477932764859.41,4,0.1316555,0.7238715,0,0.6616781,0.8410764,2,0.8112342,0.8511414
3,13.16742,1477932765891.5,4,0.1301148,0.5828868,0,0.580065,0.7977005,2,0.7445552,0.7642701
3,14.16748,1477932766891.78,4,0.1300495,0.703779,0,0.5385666,0.6827753,2,0.6937695,0.7033755
3,15.16754,1477932767892.26,4,0.1300399,0.7344823,0,0.5992858,0.5858867,2,0.9151363,0.7363151
3,16.1676,1477932768892.07,4,0.1300385,0.6224955,0,0.6447353,0.3877589,2,0.912149,0.5884046
3,17.20093,1477932769927.49,4,0.1300385,0.621875,0,0.4529757,0.3645702,2,0.7694485,0.775131
4,1,1,0,14.06995,16.06995,1477932768823.59,17.44989,1477932770190.99
3,18.20105,1477932770927.38,4,0.1300383,0.7244172,0,0.184535,0.3471602,2,0.6781282,0.8440706
1,82.15547,6.25184,2,18.98993,1477932771724.35
3,19.20111,1477932771926.72,4,0.1527934,0.7371485,0,0.1837268,0.5417949,2,0.6806355,0.7390196
3,20.20117,1477932772927.08,4,0.1281381,0.7866991,0,0.5045128,0.7658177,2,0.8566704,0.6310723
3,21.20117,1477932773926.93,4,0.05997515,0.6665329,0,0.6714878,0.680319,2,0.8293438,0.6212405
3,22.20496,1477932774931.25,4,0.1616368,0.7722791,0,0.6448412,0.5850366,2,0.7196026,0.4035867
3,23.23596,1477932775961.43,4,0.2681322,0.7607498,0,0.4656096,0.5939712,2,0.497982,0.321357
4,1,1,2,20.10992,21.84991,1477932774590.78,23.46991,1477932776225.19
5,4,0,2,3
3,24.26807,1477932776992.83,4,0.3438711,0.7826913,0,0.4859405,0.676439,2,0.9394622,0.7505576,3,0.05141258,0.5310352
3,25.26831,1477932777992.46,4,0.4299307,0.6711972,0,0.6447845,0.7849067,2,0.8214731,0.6837834,3,0.1155577,0.6747926
3,26.26892,1477932778993.29,4,0.3955069,0.5755382,0,0.5660114,0.6720212,2,0.87044,0.7841143,3,0.1137085,0.7577439
3,27.30176,1477932780027.49,4,0.423975,0.6080716,0,0.5880003,0.7487517,2,0.9087009,0.6748583,3,0.1447735,0.6405945
3,28.30206,1477932781028.17,4,0.5019283,0.6939046,0,0.6444645,0.5403771,2,0.831953,0.767687,3,0.2797756,0.5949374
3,29.33502,1477932782061.62,4,0.5830035,0.5626305,0,0.4305177,0.3906356,2,0.9091201,0.6127282,3,0.4201784,0.6216626
5,4,2,3
4,0,1,4,26.08990,28.34991,1477932781091.03,29.72992,1477932782461.39
3,30.33545,1477932783062.11,4,0.6694889,0.5925704,2,0.8201218,0.6284513,3,0.5503297,0.7131736
3,31.33704,1477932784064.68,4,0.7616334,0.6780715,2,0.9294224,0.7223692,3,0.5089283,0.6762652
3,32.36865,1477932785093.4,4,0.613853,0.7353045,2,0.7964363,0.7254047,3,0.3455062,0.5681741
3,33.36871,1477932786093.2,4,0.5058951,0.7589945,2,0.7682519,0.5084546,3,0.3964553,0.622378
3,34.40192,1477932787127.16,4,0.4175191,0.7842432,2,0.6206055,0.3871208,3,0.3853765,0.5891638
3,35.40222,1477932788127.42,4,0.5471754,0.6706534,2,0.4197273,0.3886643,3,0.3462987,0.659915
4,1,1,2,32.10992,33.36993,1477932786124.86,35.44989,1477932788191.97
1,151.17020,2.72634,1,36.22992,1477932788959.1
3,36.43542,1477932789160.81,4,0.6620507,0.6914229,2,0.9497027,0.7890716,3,0.3233247,0.7630599
3,37.43542,1477932790160.77,4,0.7125545,0.7379038,2,0.8827376,0.7004234,3,0.3870683,0.6536384
3,38.43591,1477932791161.87,4,0.492281,0.6531683,2,0.7755995,0.771609,3,0.3497486,0.591882
3,39.46954,1477932792194.23,4,0.5705128,0.7367523,2,0.7676945,0.7597068,3,0.435729,0.5927483
3,40.50232,1477932793228.5,4,0.7686787,0.6866938,2,0.9403763,0.5872265,3,0.3766422,0.617851
3,41.50232,1477932794227.58,4,0.8275614,0.7896814,2,0.9068422,0.5700261,3,0.3807468,0.3919543
3,42.50244,1477932795227.32,4,0.8667202,0.7808196,2,0.8719473,0.5747312,3,0.1941509,0.3886774
5,4,2
3,43.50244,1477932796227.77,4,0.8779507,0.7774102,2,0.8839045,0.5779123
3,44.50269,1477932798294.12,4,0.7903547,0.7610541,2,0.8399811,0.5728025
3,45.50269,1477932799292.87,4,0.9026203,0.6884931,2,0.7863111,0.4887398
3,46.50275,1477932800293.94,4,0.9201832,0.581994,2,0.6029997,0.4838405
4,1,1,2,44.10992,44.56995,1477932798391.58,47.44989,1477932801258.62
3,47.50281,1477932801294.18,4,0.7626362,0.7453839,2,0.5643377,0.5596763
3,48.50293,1477932802294.01,4,0.8753757,0.704304,2,0.2022343,0.7875177
1,201.91400,6.36166,0,48.90991,1477932802725.92
3,49.50311,1477932803294.4,4,0.9109049,0.5952895,2,0.1992617,0.708375
3,50.53638,1477932804328.65,4,0.9139767,0.6572949,2,0.05857563,0.595319
