%Recollect Version 2.0. Scene/Level: multi2_advan, Game Number: 080
%Note: All true/false values are represented as "1" and "0" respectively.
%Damage:1,Player X Position,Player Y Position,Hearts Left,Time (Relative),Time (Absolute)
%MultiObjectBugListChanged:5,[Array of Bug Types]
%BugPositions:3,Time (Relative),Time (Absolute),(For Each Bug:)Bug Color,Bug Position X,Bug Position Y
%MultiObjectTask:4,Matched Correctly,Was Collected,Flower Type,Reveal Time (R),Reveal Time (A),Pollenation Time (R) (-1.0 = unpollenated),Pollenation Time (A) (-1.0 = unpollenated),Death Time (R),Death Time (A)
%Possible values for "Flower Types":Red=0,Green=1,Blue=2,Yellow=3,White=4,Magenta=5,
5,3,5,0,1
3,0,1478287787333.87,3,0.225,0.5666667,5,0.425,0.5,0,0.625,0.5,1,0.875,0.5
3,1.031738,1478287788333.19,3,0.1429458,0.6876726,5,0.2786254,0.6029856,0,0.6332359,0.6107743,1,0.8304058,0.6196502
3,2.031982,1478287789333.77,3,0.09889877,0.5698261,5,0.3831997,0.6892597,0,0.6348876,0.757993,1,0.827745,0.7572622
3,3.031982,1478287790335.44,3,0.116636,0.7170703,5,0.4060946,0.7782342,0,0.6142406,0.6669584,1,0.8610045,0.7034476
3,4.032471,1478287791338.4,3,0.4061245,0.461246,5,0.3299118,0.7039267,0,0.618197,0.594146,1,0.8304057,0.6017764
3,5.06543,1478287792370.49,3,0.1038407,0.5879418,5,0.2573766,0.6175908,0,0.4832647,0.7132571,1,0.7907382,0.6578993
4,1,1,3,2.10278,4.14258,1478287791466.69,5.50269,1478287792832.97
3,6.065674,1478287793371.31,3,0.1215339,0.7589238,5,0.3583997,0.5642075,0,0.3988904,0.7812376,1,0.7646704,0.7717946
3,7.098877,1478287794402.42,3,0.1782975,0.7755553,5,0.339415,0.5694191,0,0.4146777,0.7853157,1,0.8062066,0.6244622
3,8.099121,1478287795403.05,3,0.2355317,0.6675537,5,0.4164238,0.5656074,0,0.4267058,0.7771218,1,0.7899113,0.6441096
3,9.099121,1478287796403.2,3,0.2785702,0.7680518,5,0.4780064,0.5700392,0,0.4281812,0.7631633,1,0.7780991,0.7853735
3,10.09912,1478287797403.65,3,0.1226332,0.6679375,5,0.389782,0.6559656,0,0.672718,0.5643367,1,0.8485947,0.7060406
3,11.10107,1478287798405.67,3,0.1023395,0.6599718,5,0.2948079,0.7773549,0,0.6562529,0.7478015,1,0.9190903,0.7472937
3,12.13257,1478287799437.32,3,0.2109735,0.7635245,5,0.4400501,0.6085106,0,0.656352,0.6536669,1,0.8680542,0.7797061
3,13.13257,1478287800438.18,3,0.2838173,0.6789732,5,0.4336874,0.6505198,0,0.6388991,0.6446929,1,0.8093214,0.7303236
3,14.13257,1478287801437.81,3,0.2722149,0.6704361,5,0.4397507,0.6233937,0,0.5916939,0.658641,1,0.9463813,0.7326924
3,15.13281,1478287802438.39,3,0.1878338,0.7786449,5,0.5126114,0.7147239,0,0.7108335,0.7275663,1,0.8940735,0.7851027
3,16.1333,1478287803439.24,3,0.2148356,0.6078863,5,0.4942591,0.625766,0,0.6352062,0.7441268,1,0.8940775,0.6900277
3,17.16626,1478287804471.94,3,0.308049,0.5696071,5,0.3038237,0.7853836,0,0.591548,0.6535404,1,0.9276042,0.5911497
4,1,1,5,14.08276,15.50269,1478287802833.39,17.48267,1478287804800.08
3,18.16675,1478287805472.75,3,0.389843,0.6277573,5,0.2168763,0.7312426,0,0.6694822,0.5664382,1,0.9031701,0.6902674
3,19.19995,1478287806503.67,3,0.4826512,0.6884549,5,0.08894753,0.6281348,0,0.6445298,0.6625102,1,0.8640189,0.7731875
3,20.23315,1478287807538.09,3,0.3870792,0.7376821,5,0.199079,0.6087774,0,0.6312609,0.5981039,1,0.8702102,0.7595032
3,21.2334,1478287808538.85,3,0.3906708,0.6305839,5,0.1570282,0.6456349,0,0.5773826,0.6336542,1,0.9367003,0.6647736
3,22.2666,1478287809571.75,3,0.4464951,0.6175511,5,0.04474497,0.7273576,0,0.6367273,0.6698152,1,0.8256588,0.7755156
3,23.30005,1478287810603.7,3,0.3817682,0.7176015,5,0.1812577,0.7388843,0,0.5529122,0.6721402,1,0.7910371,0.6929455
4,1,1,0,20.12256,21.44263,1478287808767.11,23.50269,1478287810834.14
5,3,5,0,1,2
3,24.33325,1478287811638.31,3,0.4164152,0.7568713,5,0.1468372,0.6873987,0,0.4427013,0.5599536,1,0.8489399,0.5884274,2,0.03446817,0.5544146
3,25.3667,1478287812671.9,3,0.5002036,0.746567,5,0.1725416,0.7831893,0,0.3184257,0.6350652,1,0.7910175,0.6730928,2,0.08718967,0.6019563
3,26.3667,1478287813672.18,3,0.6112685,0.6289502,5,0.09728336,0.7680976,0,0.3349028,0.5801713,1,0.7954626,0.7693928,2,0.09871721,0.5684016
3,27.3667,1478287814671.93,3,0.6624188,0.7338715,5,0.1225166,0.7809302,0,0.4445562,0.7170872,1,0.8173962,0.7515243,2,0.120575,0.5812137
3,28.36694,1478287815673.1,3,0.5864902,0.7769724,5,0.1286049,0.7717173,0,0.5213013,0.5966479,1,0.7868757,0.6316836,2,0.1528902,0.571988
3,29.40015,1478287816703.66,3,0.5234661,0.7837092,5,0.04615879,0.6730121,0,0.4268169,0.5797783,1,0.8956285,0.6377922,2,0.108078,0.4912582
4,1,1,2,26.10278,28.58276,1478287815901.3,29.96265,1478287817268.84
3,30.40039,1478287817704.05,3,0.6385179,0.6542861,5,0.0558753,0.7410545,0,0.2322679,0.7219331,1,0.818862,0.7823978,2,0.05996943,0.5412008
3,31.40063,1478287818704.76,3,0.7537918,0.6002652,5,0.05832767,0.7830324,0,0.2426124,0.6975133,1,0.8599143,0.7413303,2,0.07949162,0.5698103
3,32.40063,1478287819705.2,3,0.6354036,0.676128,5,0.07574177,0.7595091,0,0.7946982,0.607338,1,0.9473028,0.64094,2,0.1093445,0.5649718
3,33.43384,1478287820739.9,3,0.4932952,0.7135966,5,0.1063843,0.7759315,0,0.8071189,0.7647807,1,0.9316244,0.6620114,2,0.06758881,0.5804639
3,34.43433,1478287821739.28,3,0.3566527,0.5677368,5,0.284503,0.6724139,0,0.7359524,0.7275327,1,0.8779945,0.6468214,2,0.1220798,0.5543779
3,35.46729,1478287822772.69,3,0.3926454,0.5948101,5,0.5918655,0.5124515,0,0.6514025,0.695641,1,0.8247924,0.588666,2,0.059093,0.7126982
4,1,1,5,32.12256,34.64258,1478287821967.63,35.82275,1478287823136.29
3,36.46729,1478287823773.21,3,0.2885041,0.7287951,5,0.2326331,0.4693625,0,0.7270727,0.7685601,1,0.8865833,0.6961266,2,0.05737257,0.7167668
3,37.46729,1478287824772.67,3,0.3504958,0.7589934,5,0.1936145,0.665422,0,0.6523514,0.7002398,1,0.9028082,0.744175,2,0.04779434,0.733166
3,38.46753,1478287825773.36,3,0.422471,0.6695702,5,0.2276473,0.6627439,0,0.5709953,0.6424891,1,0.8621836,0.6202525,2,0.08501387,0.7759674
3,39.46753,1478287826773.61,3,0.4373484,0.680891,5,0.2412634,0.6013998,0,0.567647,0.5703853,1,0.9341364,0.6324735,2,0.09227371,0.7305127
3,40.46753,1478287827772.7,3,0.5077858,0.6691983,5,0.1917562,0.5766187,0,0.6781111,0.5506556,1,0.9130774,0.7632096,2,0.05064964,0.6617544
3,41.46753,1478287828772.42,3,0.5757637,0.7598609,5,0.3142843,0.714803,0,0.765028,0.596902,1,0.8874388,0.7815425,2,0.1691341,0.773814
4,1,1,0,38.08276,39.94263,1478287827268.21,41.60278,1478287828935.11
5,3,5,0,1,2,4
3,42.46777,1478287829773.43,3,0.6437416,0.7428845,5,0.3893194,0.7377634,0,0.8010321,0.7368901,1,0.9397068,0.7872042,2,0.1402111,0.7367598,4,0.02132893,0.6045929
3,43.50098,1478287830804.62,3,0.5842571,0.7851448,5,0.4703407,0.6504346,0,0.8066835,0.7690902,1,0.9517326,0.704594,2,0.2571306,0.7842404,4,0.1561279,0.5863825
3,44.50122,1478287831804.03,3,0.6440897,0.6815283,5,0.4272776,0.6898363,0,0.8423109,0.7835433,1,0.9320545,0.6194831,2,0.218276,0.7282087,4,0.1112881,0.5732474
3,45.50122,1478287832805.07,3,0.7096014,0.5942303,5,0.5020828,0.7575717,0,0.9209108,0.7650941,1,0.7967987,0.4171831,2,0.335495,0.7040205,4,0.1348782,0.6700966
3,46.53442,1478287833841.15,3,0.7115717,0.6460119,5,0.5679436,0.7752376,0,0.8606567,0.6644862,1,0.6012926,0.4599011,2,0.4539728,0.6443673,4,0.1232824,0.7780507
4,1,1,1,44.12256,44.36255,1478287831669.4,47.48267,1478287834801.72
3,47.53467,1478287834839.85,3,0.6901407,0.6460673,5,0.5710173,0.7671562,0,0.8202391,0.7648497,1,0.5701866,0.5264481,2,0.3621607,0.6156806,4,0.08860588,0.6457156
3,48.53467,1478287835839.88,3,0.682394,0.5900338,5,0.6125202,0.7665855,0,0.7663097,0.7740739,1,0.5316534,0.5861732,2,0.2544336,0.7883656,4,0.156024,0.5873685
3,49.53467,1478287836840.39,3,0.6796436,0.5780141,5,0.5293283,0.7577346,0,0.8061666,0.8075687,1,0.9402161,0.7176939,2,0.2837963,0.7904041,4,0.1958628,0.5733584
3,50.53467,1478287837839.96,3,0.5884085,0.7224245,5,0.4457874,0.7832818,0,0.7469902,0.8223044,1,0.9361229,0.6953385,2,0.2974396,0.7561693,4,0.06140614,0.6876594
3,51.53491,1478287838841.48,3,0.5762291,0.6943051,5,0.438982,0.7740558,0,0.7103672,0.7830429,1,0.8268452,0.9085037,2,0.311841,0.6428618,4,0.1138868,0.7107003
3,52.5354,1478287839840.99,3,0.6387873,0.7011711,5,0.2721748,0.7648427,0,0.7824936,0.7728867,1,0.9523964,0.8397822,2,0.467063,0.4099766,4,0.06241894,0.5925559
4,1,1,2,50.08276,51.74268,1478287839069.61,53.46265,1478287840770.44
3,53.56836,1478287840873.82,3,0.6093464,0.6415039,5,0.2121725,0.8295438,0,0.7920294,0.7176772,1,0.9303064,0.7943146,2,0.1793041,0.6230848,4,0.0342598,0.5735937
3,54.56836,1478287841873.84,3,0.5286655,0.6022692,5,0.2384396,0.8186131,0,0.7305746,0.7439113,1,0.9501095,0.7248373,2,0.1866722,0.6312705,4,0.04366207,0.5669382
3,55.56836,1478287842873.46,3,0.4479847,0.5879819,5,0.2538805,0.7703527,0,0.6570654,0.7413681,1,0.8346767,0.5975069,2,0.2320213,0.5657454,4,0.06880856,0.6183282
3,56.56836,1478287843873.72,3,0.4182663,0.648518,5,0.2211475,0.784091,0,0.5735025,0.7452034,1,0.7353258,0.7061632,2,0.2585039,0.5905012,4,0.0599699,0.6267815
3,57.56836,1478287844874.47,3,0.4654789,0.6635502,5,0.247014,0.7572988,0,0.5869312,0.7826485,1,0.7294149,0.7211854,2,0.3130827,0.5739402,4,0.1394663,0.5894328
3,58.5686,1478287845875.08,3,0.4681273,0.6887814,5,0.2038088,0.7102687,0,0.6611166,0.7431275,1,0.8218718,0.6315225,2,0.3274584,0.5783147,4,0.5649023,0.2855523
4,1,1,4,56.08276,58.38257,1478287845702.1,59.46265,1478287846770.48
5,3,5,0,1,2,4,4
3,59.5686,1478287846874.89,3,0.3563442,0.7686761,5,0.2066488,0.7651301,0,0.8171015,0.7395335,1,0.9234686,0.5984892,2,0.3305492,0.569043,4,0.07020855,0.6027447,4,-0.01828575,0.4351211
3,60.5686,1478287847874.9,3,0.4327192,0.7524988,5,0.1931458,0.7332764,0,0.6494837,0.6282238,1,0.8526602,0.762642,2,0.317771,0.6014971,4,0.05042362,0.6475604,4,0.05253029,0.4430653
3,61.5686,1478287848874.32,3,0.4902296,0.7814086,5,0.2866812,0.7778258,0,0.6494293,0.6073268,1,0.738965,0.7690213,2,0.3636656,0.5729401,4,0.1145773,0.708379,4,0.07370567,0.440827
3,62.56885,1478287849874.24,3,0.4801331,0.7665337,5,0.3344336,0.7211663,0,0.7494507,0.6218687,1,0.8896456,0.7219957,2,0.4339418,0.5714974,4,0.05406094,0.7828824,4,0.04345226,0.5378335
3,63.56885,1478287850874.61,3,0.5144501,0.6858756,5,0.2900572,0.7357253,0,0.791811,0.7262957,1,0.9437075,0.7115748,2,0.4010038,0.5555499,4,0.06259918,0.7573738,4,0.140975,0.587217
3,64.57007,1478287851877.05,3,0.6039934,0.7589483,5,0.3071899,0.7483748,0,0.7522917,0.6937761,1,0.9033661,0.6762699,2,0.4737425,0.6460953,4,0.1054716,0.7727194,4,0.153964,0.5798962
3,65.60254,1478287852906.09,3,0.510849,0.7888749,5,0.3638029,0.7253276,0,0.7784424,0.5887747,1,0.9270525,0.6823772,2,0.4286623,0.4661119,4,0.07649517,0.7006202,4,0.2241526,0.6535667
3,66.63599,1478287853941.09,3,0.5005083,0.7165618,5,0.3476839,0.6587126,0,0.7056561,0.6043922,1,0.9209042,0.7545516,2,0.1765957,0.4423813,4,0.04878807,0.7501529,4,0.1918583,0.6922213
5,3,5,0,1,4,4
3,67.66895,1478287854974.01,3,0.4976044,0.7219569,5,0.3776855,0.5611458,0,0.6789885,0.6904243,1,0.8341494,0.7105982,4,0.09966278,0.7458337,4,0.2214842,0.6213277
3,68.66919,1478287855974.47,3,0.4612036,0.7782297,5,0.3602676,0.5782959,0,0.6567936,0.633712,1,0.7989674,0.7799805,4,0.06705761,0.7333078,4,0.2110128,0.5961868
3,69.70264,1478287857007,3,0.5171824,0.7219489,5,0.4137697,0.5687189,0,0.605113,0.5525879,1,0.7158365,0.6872209,4,0.1669474,0.7802408,4,0.2407684,0.6058462
3,70.70288,1478287858009.01,3,0.4589863,0.7780921,5,0.3813295,0.5754297,0,0.5448961,0.4553748,1,0.7238083,0.6599373,4,0.1345387,0.7798553,4,0.2164812,0.5923604
5,3,5,1,4,4
3,71.73584,1478287859040.65,3,0.6001616,0.7750216,5,0.3501263,0.6534781,1,0.7069607,0.6345685,4,0.09362984,0.7569928,4,0.2035398,0.611527
3,72.73608,1478287860040.56,3,0.5316086,0.7783616,5,0.4770632,0.5785514,1,0.8118715,0.7108722,4,0.1043444,0.6547017,4,0.3131084,0.6374495
3,73.73657,1478287861039.94,3,0.4813061,0.7733307,5,0.5715609,0.5694634,1,0.9063311,0.7449455,4,0.1922894,0.672415,4,0.3418455,0.6631327
3,74.76953,1478287862074.35,3,0.5142851,0.7579293,5,0.6237936,0.5950067,1,0.7602386,0.7012582,4,0.1465683,0.615867,4,0.3955154,0.619872
3,75.76953,1478287863074.84,3,0.4737778,0.7695859,5,0.6530485,0.6192963,1,0.8193817,0.5248792,4,0.1184406,0.6372488,4,0.4831591,0.5703257
1,312.59060,5.68273,2,76.62256,1478287863936.33
3,76.76953,1478287864074.77,3,0.5212326,0.7766742,5,0.7509346,0.7611267,1,0.5667753,0.4072697,4,0.2834644,0.5987806,4,0.4956961,0.5773164
5,3,5,4,4
4,0,1,4,74.12256,75.28271,1478287862603.07,77.48267,1478287864803.2
