%Recollect Version 2.0. Scene/Level: span0_advan, Game Number: 122
%Note: All true/false values are represented as "1" and "0" respectively.
%Damage:1,Player X Position,Player Y Position,Hearts Left,Time (Relative),Time (Absolute)
%SpanCollectionOrder:6,Time (R),Time (A),Is Reversed. (Arrangement order is from bottom left to top right)
%SpanArrangementOrder:7,[Array of Span Types] (Order is from bottom left to top right). 
%SpanPlayerInput:8,beginTime,endTime,[Array of Positions in Arrangment Pressed, followed by time]
6,0.00000,1479173080619.74,0,1,3,0,2
7,1,3,0,2
6,14.11505,1479173094694.53,0,1,0,3,2
7,3,2,1,0
8,6.61505,14.11505,0,8.11737,1,8.51718,2,8.95053,3,9.81735
6,26.27505,1479173106861.87,0,3,2,0,1
7,2,1,0,3
8,18.77505,26.27505,2,20.88452,3,21.38455,0,21.88467,1,24.01813
6,38.83505,1479173119428.55,0,3,0,2,1,0
7,0,2,3,0,1
8,31.35507,38.83505,3,34.15195,0,34.48553,2,34.78522,1,34.98657
6,50.71506,1479173131296.72,0,1,2,0,3,0
7,1,3,0,0,2
8,43.21506,50.71506,2,45.75259,0,46.05258,1,46.31927,4,46.65265,3,46.91937
6,62.99506,1479173143596.33,0,1,2,0,3,1
7,0,1,1,2,3
8,55.49506,62.99506,0,57.25339,4,57.61993,2,58.05331,1,58.21997,3,58.51999
6,75.41507,1479173155998.1,1,1,0,1,2,0,3
7,1,0,2,3,1,0
8,67.91507,75.41507,1,69.95395,3,70.72064,0,71.05420,4,71.45401,2,71.72076
6,87.53506,1479173168131.64,1,0,1,2,0,1,3
7,1,0,2,1,3,0
8,80.05505,87.53506,0,81.78812,1,82.22131,4,82.52133,2,83.08807,5,83.35483,3,83.58804
6,99.69507,1479173180298.98,1,3,0,3,2,1,0
7,3,0,0,2,3,1
8,92.19507,99.69507,1,93.75540,0,93.92191,2,94.22198,5,94.75562,3,94.88864,4,95.12204
6,112.27510,1479173192866.26,1,0,3,1,2,3,0,1
7,1,3,0,1,2,0,3
8,104.77510,112.27510,0,106.18930,1,106.38950,4,106.55600,3,107.38940,5,107.75610,2,107.92280
6,124.15510,1479173204734.78,1,0,3,1,3,2,0,1
7,0,2,1,3,3,0,1
8,116.65510,124.15510,5,118.59000,1,118.82340,0,118.99020,4,120.22340,6,120.45700,2,120.89020,3,121.12350
6,136.41510,1479173217002.13,1,3,0,2,3,0,2,1
7,0,2,3,0,3,1,2
8,128.93510,136.41510,0,130.72420,4,130.95760,2,131.29090,3,131.79150,1,132.25740,5,132.49080,6,132.69080
8,141.35510,148.85510,4,142.52490,0,142.75810,1,142.99140,2,143.69140,3,144.12530,6,144.35820,5,144.85820
1,638.43300,3.16936,2,158.05510,1479173238635.51
