%Recollect Version 2.3. Scene/Level: , Game Number: 009
%Note: All true/false values are represented as "1" and "0" respectively.
%Damage:1,Player X Position,Player Y Position,Hearts Left,Time (Relative),Time (Absolute)
%LameBackObject:Algorithm Condition,Trial Number,Current N Level,Lure Rate,Is Correct,Stimulus Type,Stimulus Color,Presentation Time (R),Presentation Time (A),Response Time (R),Response Time (A),Expire Time (R),Expire Time (A)
%Possible values for "Color":Red=0,Blue=1,Green=2,Yellow=3,Purple=4,LightBlue=5,Brown=6,White=7,
%Possible values for "Type":NonTarget=0,Target=1,Lure=2,lessThanN=3,
7,1,1,0.3,1,3,0,8.220539,1486430455448,-1,-1,7.687199,1486430454916
7,2,1,0.3,1,1,0,11.25392,1486430458482,12.12091,1486430459349,10.72064,1486430457952
7,3,1,0.3,1,2,5,14.28742,1486430461515,-1,-1,13.75407,1486430460985
7,4,1,0.3,1,1,5,17.32093,1486430464549,18.05452,1486430465283,16.78865,1486430464019
7,5,1,0.3,1,0,4,20.32117,1486430467549,-1,-1,19.82105,1486430467053
7,6,1,0.3,1,2,5,23.32131,1486430470549,-1,-1,22.82124,1486430470052
7,7,1,0.3,1,0,3,26.32193,1486430473550,-1,-1,25.8215,1486430473052
7,8,1,0.3,1,2,4,29.35493,1486430476583,-1,-1,28.85491,1486430476085
7,9,1,0.3,1,2,3,32.38843,1486430479616,-1,-1,31.85508,1486430479087
7,10,1,0.3,1,0,7,35.42194,1486430482650,-1,-1,34.88859,1486430482119
7,11,1,0.3,1,0,1,38.42228,1486430485650,-1,-1,37.92208,1486430485152
7,12,1,0.3,1,2,3,41.48895,1486430488717,-1,-1,40.95572,1486430488187
7,13,1,0.3,1,1,3,44.4892,1486430491717,45.48948,1486430492718,43.98909,1486430491219
7,14,1,0.3,1,1,3,47.48938,1486430494718,48.52277,1486430495751,46.98921,1486430494220
7,15,1,0.3,1,1,3,50.55613,1486430497784,51.52306,1486430498751,49.98944,1486430497221
7,16,1,0.3,1,0,1,53.55639,1486430500784,-1,-1,53.05628,1486430500287
7,17,1,0.3,1,0,5,56.5566,1486430503784,-1,-1,56.05644,1486430503287
7,18,1,0.3,1,0,2,59.5567,1486430506785,-1,-1,59.05661,1486430506287
7,19,1,0.3,1,2,1,62.59022,1486430509818,-1,-1,62.05778,1486430509289
7,20,1,0.3,1,1,1,65.62364,1486430512852,67.1577,1486430514386,65.09032,1486430512321
7,21,1,0.3,1,0,6,68.65707,1486430515885,-1,-1,68.12367,1486430515354
