%Recollect Version 2.0. Scene/Level: span0_intro, Game Number: 002
%Note: All true/false values are represented as "1" and "0" respectively.
%Damage:1,Player X Position,Player Y Position,Hearts Left,Time (Relative),Time (Absolute)
%SpanCollectionOrder:6,Time (R),Time (A),Is Reversed. (Arrangement order is from bottom left to top right)
%SpanArrangementOrder:7,[Array of Span Types] (Order is from bottom left to top right). 
%SpanPlayerInput:8,beginTime,endTime,[Array of Positions in Arrangment Pressed, followed by time]
6,0.00000,1477694450692.9,0,1,2
7,1,2
6,14.13600,1477694464826.79,0,0,2
7,2,0
8,6.63600,14.13600,0,8.13377,1,8.80049
6,26.29601,1477694476961.09,0,0,3
7,0,3
8,18.79601,26.29601,1,20.76787,0,21.34102
6,38.85602,1477694489528.48,0,3,0,1
7,3,1,0
8,31.37601,38.85602,0,33.33722,1,33.67012
6,50.73599,1477694501396.47,0,1,3,0
7,1,0,3
8,43.23599,50.73599,0,44.36911,2,45.36926,1,45.73578
6,63.01602,1477694513696.9,0,2,1,0
7,1,0,2
8,55.51602,63.01602,0,56.66992,2,57.77646,1,58.33658
6,75.43600,1477694526098.28,1,1,3,2,0
7,1,0,2,3
8,67.93600,75.43600,2,70.23737,0,70.47061,1,70.80414
6,87.55600,1477694540831.28,1,2,3,0,1
7,3,2,1,0
8,80.07602,87.55600,0,81.80746,3,82.54193,2,82.83746,1,83.07086
6,99.71600,1477694552998.52,1,3,0,2,1
7,1,2,3,0
8,92.21600,99.71600,1,93.87146,0,94.14560,3,94.73819,2,94.97153
6,112.29600,1477694565566.65,1,1,2,0,3,1
7,2,0,3,1,1
8,104.79600,112.29600,2,106.90540,3,107.20560,1,107.54120,0,107.80680
6,124.17600,1477694577466.62,1,2,3,0,2,1
7,2,3,2,1,0
8,116.67600,124.17600,4,118.37280,0,118.67290,1,118.87460,2,119.10660,3,119.33970
6,136.43600,1477694589700.89,1,3,1,0,2,3
7,3,1,2,0,3
8,128.95600,136.43600,0,130.00710,1,130.37870,4,130.70680,2,131.04020,3,131.37370
8,141.37600,148.87600,0,142.27460,1,142.84080,2,143.24390,3,143.64090,2,144.40790,4,144.67530
