%Recollect Version 2.0. Scene/Level: multi1_intro, Game Number: 009
%Note: All true/false values are represented as "1" and "0" respectively.
%Damage:1,Player X Position,Player Y Position,Hearts Left,Time (Relative),Time (Absolute)
%MultiObjectBugListChanged:5,[Array of Bug Types]
%BugPositions:3,Time (Relative),Time (Absolute),(For Each Bug:)Bug Color,Bug Position X,Bug Position Y
%MultiObjectTask:4,Matched Correctly,Was Collected,Flower Type,Reveal Time (R),Reveal Time (A),Pollenation Time (R) (-1.0 = unpollenated),Pollenation Time (A) (-1.0 = unpollenated),Death Time (R),Death Time (A)
%Possible values for "Flower Types":Red=0,Green=1,Blue=2,Yellow=3,White=4,Magenta=5,
5,2,4,1
3,0,1477612013408.29,2,0.06666663,0.7,4,0.35,0.6333334,1,0.8333333,0.4333333
3,1.033203,1477612014385.53,2,0.1852649,0.7461671,4,0.3502949,0.7843804,1,0.9354159,0.5368612
3,2.033325,1477612015385.52,2,0.1147893,0.6947255,4,0.3552094,0.753175,1,0.8068082,0.6594123
3,3.033447,1477612016386.23,2,0.06194019,0.7900456,4,0.4790725,0.6518471,1,0.8449417,0.7768087
3,4.033447,1477612017385.5,2,0.1827818,0.7205808,4,0.4097091,0.5827411,1,0.6883875,0.3871786
3,5.034058,1477612018386.4,2,0.2074326,0.7513995,4,0.4616859,0.6890516,1,0.4893347,0.417101
4,1,1,1,2.09180,3.67175,1477612017051.39,5.47180,1477612018852.32
3,6.067261,1477612019419.1,2,0.087852,0.6794222,4,0.7082729,0.7610452,1,0.3586035,0.4257728
3,7.100952,1477612020453.14,2,0.08133483,0.5823508,4,0.4465809,0.6443045,1,0.9142337,0.6648777
3,8.133667,1477612021485.86,2,0.1053194,0.76049,4,0.4829359,0.6009227,1,0.9343967,0.7274945
3,9.133667,1477612022486.18,2,0.0270952,0.7815245,4,0.7215548,0.7706291,1,0.9438367,0.7194123
3,10.13379,1477612023485.77,2,0.1824529,0.6216809,4,0.6448491,0.3982443,1,0.8883688,0.6956441
3,11.13391,1477612024486.06,2,0.1289485,0.6236742,4,0.4700217,0.4322406,1,0.9214218,0.755604
4,1,1,4,8.09180,9.57178,1477612022952.49,11.97180,1477612025351.55
3,12.13391,1477612025486.25,2,0.0639782,0.7579834,4,0.3783879,0.5121081,1,0.9348588,0.7885053
3,13.13403,1477612026486,2,0.08161616,0.7033387,4,0.4644248,0.6423639,1,0.8827093,0.7176418
3,14.13416,1477612027486.56,2,0.1141164,0.6714773,4,0.5559394,0.6586476,1,0.7391884,0.6590733
3,15.16736,1477612028518.99,2,0.05373502,0.74358,4,0.6240497,0.5780442,1,0.7545466,0.7665877
3,16.16882,1477612029520.66,2,0.3326702,0.469063,4,0.6354671,0.5785376,1,0.8400912,0.690089
3,17.20105,1477612030553.1,2,0.456141,0.3488253,4,0.4557292,0.6578027,1,0.9331043,0.570154
4,1,1,2,14.07178,16.35181,1477612029718.35,17.43176,1477612030786.6
5,2,4,1,0
3,18.20105,1477612031553.57,2,0.1858778,0.3924061,4,0.5939717,0.7555258,1,0.8687105,0.7038846,0,0.0894022,0.6037616
3,19.23438,1477612032586.88,2,0.04095912,0.7503011,4,0.6937723,0.7337672,1,0.8476806,0.7430646,0,0.1905236,0.7406431
3,20.26807,1477612033620.06,2,0.04325914,0.7848072,4,0.7750769,0.6429706,1,0.9417028,0.7402702,0,0.2399821,0.6609718
3,21.26892,1477612034621.09,2,0.07086468,0.7453101,4,0.8082428,0.5676892,1,0.9607744,0.7850277,0,0.3561397,0.5930325
3,22.30115,1477612035653.23,2,0.1918302,0.5732394,4,0.6348906,0.3364901,1,0.8734694,0.702442,0,0.4769435,0.6961337
3,23.30115,1477612036653.31,2,0.1259527,0.7619069,4,0.4402604,0.3492846,1,0.9499526,0.6041639,0,0.593101,0.6766665
4,1,1,4,20.11182,21.47180,1477612034852.73,23.55176,1477612036919.18
3,24.30139,1477612037653.46,2,0.05394173,0.6895334,4,0.3923101,0.4409758,1,0.962069,0.7319949,0,0.7098718,0.5975938
3,25.33472,1477612038686.67,2,0.1622176,0.5796091,4,0.4925051,0.5552981,1,0.8834877,0.7860623,0,0.7648163,0.6194699
3,26.36804,1477612039719.71,2,0.2690487,0.6452584,4,0.5327654,0.5741231,1,0.8438058,0.7673371,0,0.7202048,0.5811232
3,27.36902,1477612040721.05,2,0.2833056,0.732065,4,0.4021177,0.60202,1,0.9346552,0.7688748,0,0.8138371,0.5976056
3,28.40186,1477612041754.31,2,0.05669689,0.6703488,4,0.5469246,0.3073404,1,0.9543176,0.7887896,0,0.9111161,0.5974668
3,29.43494,1477612042787.34,2,0.1732268,0.6894248,4,0.4070086,0.3833082,1,0.87218,0.761806,0,0.9398885,0.5839362
5,2,1,0
4,0,1,0,26.09180,28.27173,1477612041652.85,29.45178,1477612042821.39
3,30.43506,1477612043787.8,2,0.3122978,0.7400115,1,0.9019694,0.7854493,0,0.8993211,0.5742133
3,31.46851,1477612044820.61,2,0.1355019,0.7292188,1,0.9705348,0.8049367,0,0.8625255,0.6022397
3,32.50171,1477612045853.83,2,0.04933548,0.7078512,1,0.9485145,0.7717938,0,0.7721815,0.5827439
3,33.50183,1477612046854.13,2,0.3763938,0.5494325,1,0.904325,0.7141086,0,0.7079039,0.6647177
3,34.53516,1477612047887.17,2,0.5910449,0.3711095,1,0.7951236,0.7270319,0,0.6410556,0.5832869
4,1,1,2,32.11182,33.71179,1477612047086.12,35.45178,1477612048819.71
3,35.53528,1477612048887.2,2,0.3896761,0.385248,1,0.8208542,0.7839623,0,0.5258708,0.5983621
3,36.53662,1477612049889.35,2,0.1141572,0.6822376,1,0.9028306,0.687535,0,0.3819804,0.7386413
3,37.5686,1477612050920.18,2,0.201261,0.7728662,1,0.9108038,0.6734417,0,0.2947268,0.6168894
3,38.56873,1477612051920.56,2,0.08831024,0.7598917,1,0.8662405,0.5880427,0,0.202436,0.5817311
3,39.60217,1477612052954.12,2,0.05759478,0.7381856,1,0.7086449,0.6480344,0,0.2139845,0.6660286
3,40.60217,1477612053954.15,2,0.1478806,0.6184071,1,0.7495546,0.5693434,0,0.4009809,0.7532551
4,1,1,1,38.07178,40.67175,1477612054053,41.41174,1477612054786.81
3,41.60217,1477612054953.97,2,0.2631226,0.6519459,1,0.3773232,0.3918239,0,0.5879774,0.7771277
3,42.60254,1477612055954.72,2,0.1849899,0.764157,1,0.110013,0.6293529,0,0.7749739,0.699271
3,43.60303,1477612056955.18,2,0.07599831,0.6764067,1,0.3988619,0.5306517,0,0.9303112,0.742488
3,44.60999,1477612057963.14,2,0.2233496,0.5820533,1,0.8884716,0.478814,0,0.9329634,0.765775
3,45.63599,1477612058988.22,2,0.04309273,0.6011664,1,0.8868999,0.530261,0,0.8252296,0.7057744
5,2,0
3,46.63599,1477612059988.02,2,0.1783075,0.5947534,0,0.9100428,0.7696836
4,0,1,0,44.11182,44.27173,1477612057653.44,47.43176,1477612060787.36
3,47.66931,1477612061020.68,2,0.3396797,0.679592,0,0.8899412,0.5946214
3,48.70276,1477612062054.45,2,0.4802761,0.5838202,0,0.8455677,0.6862867
3,49.70276,1477612063055.14,2,0.4961967,0.6612571,0,0.9106884,0.7360584
3,50.73669,1477612064088.56,2,0.2770014,0.7258987,0,0.7626333,0.7709665
3,51.76978,1477612065122.14,2,0.6912699,0.4129386,0,0.7372761,0.616319
3,52.80286,1477612066154.98,2,0.5327435,0.4244563,0,0.8837872,0.632791
3,53.80286,1477612067154.5,2,0.4217329,0.485761,0,0.7541809,0.729964
3,54.8031,1477612068154.56,2,0.4217615,0.622936,0,0.6441002,0.742315
3,55.83643,1477612069187.99,2,0.3919687,0.7671788,0,0.5568991,0.6445583
3,56.83643,1477612070188.22,2,0.1282215,0.7041197,0,0.473052,0.7556455
3,57.86975,1477612071220.93,2,0.1076784,0.7428967,0,0.6615782,0.3348537
3,58.87,1477612072221.23,2,0.2446613,0.7396801,0,0.5167799,0.345625
4,1,1,0,56.07178,57.77173,1477612071153.85,59.39172,1477612072755.09
3,59.90332,1477612073255.02,2,0.4080353,0.6917827,0,0.2423038,0.243329
3,60.90332,1477612074255.34,2,0.3577423,0.5685828,0,0.2424412,0.3723753
3,61.90332,1477612075254.8,2,0.2248268,0.7164417,0,0.3603668,0.4817624
3,62.90344,1477612076255.17,2,0.05234051,0.7613845,0,0.5326176,0.6186638
3,63.93701,1477612077288.82,2,0.6147337,0.3629073,0,0.3379822,0.7740789
3,64.97058,1477612078321.79,2,0.5006428,0.4068586,0,0.3722525,0.6621456
4,1,1,2,62.09180,63.87170,1477612077254.18,65.39172,1477612078754.82
3,66.00354,1477612079355.03,2,0.2058716,0.3013974,0,0.5687122,0.5973338
3,67.00366,1477612080355.04,2,0.1165257,0.4347247,0,0.4327669,0.7005151
3,68.00378,1477612081355.21,2,0.04725075,0.5655788,0,0.7745743,0.7389408
3,69.00378,1477612082355.24,2,0.1556721,0.6602561,0,0.9357748,0.7511632
3,70.00391,1477612083355.5,2,0.3511372,0.6313282,0,0.7004662,0.477531
3,71.03723,1477612084389.9,2,0.4906654,0.6472107,0,0.4902449,0.4466664
4,1,1,0,68.09180,69.35181,1477612082722.2,71.37170,1477612084755.48
5,2,0,4
3,72.07068,1477612085421.95,2,0.3730316,0.7334644,0,0.3794985,0.5136674,4,0.03900433,0.5665984
3,73.0708,1477612086422.17,2,0.2568541,0.7454942,0,0.399065,0.6019282,4,0.1097813,0.7005674
3,74.0708,1477612087422.68,2,0.4129972,0.7523827,0,0.6104755,0.6890139,4,0.1202726,0.5694557
3,75.104,1477612088455.41,2,0.3738861,0.7672365,0,0.6745014,0.725518,4,0.261158,0.6355224
3,76.10425,1477612089456.03,2,0.3311234,0.7404497,0,0.7539997,0.611084,4,0.2335052,0.5772892
3,77.13696,1477612091956.32,2,0.2581177,0.7715094,0,0.8366766,0.7861008,4,0.1974487,0.5890089
