%Recollect Version 2.0. Scene/Level: nback2_intro, Game Number: 006
%Note: All true/false values are represented as "1" and "0" respectively.
%Damage:1,Player X Position,Player Y Position,Hearts Left,Time (Relative),Time (Absolute)
%MultiObjectBugListChanged:5,[Array of Bug Types]
%BugPositions:3,Time (Relative),Time (Absolute),(For Each Bug:)Bug Color,Bug Position X,Bug Position Y
%MultiObjectTask:4,Matched Correctly,Was Collected,Flower Type,Reveal Time (R),Reveal Time (A),Pollenation Time (R) (-1.0 = unpollenated),Pollenation Time (A) (-1.0 = unpollenated),Death Time (R),Death Time (A)
%Possible values for "Flower Types":Red=0,Green=1,Blue=2,Yellow=3,White=4,Magenta=5,
5,
3,0,1477954986011.82
3,1.016724,1477954986980.42
0,3,1,0,1,0.05585,1477954986025.3,1.45007,1477954987413.58
3,2.050049,1477954988013.57
3,3.050171,1477954989014.27
0,3,0,0,3,1.38336,1477954987347,3.63556,1477954989616.61
3,4.050232,1477954990014.66
3,5.050354,1477954991014.45
3,6.050537,1477954992014.71
0,3,1,0,1,3.81714,1477954989781.69,6.35040,1477954992314.63
3,7.083923,1477954993051.87
0,2,0,0,4,6.28394,1477954992248.36,7.93561,1477954993918.13
3,8.083984,1477954996081.95
3,9.084045,1477954997082.93
3,10.11737,1477954998115.16
3,11.11743,1477954999115.23
3,12.11749,1477955000118.36
3,13.11755,1477955001115.91
0,2,1,0,0,11.15070,1477954999147.93,13.68427,1477955001681.85
3,14.15094,1477955002149.92
3,15.15106,1477955003148.39
0,2,1,0,3,13.58429,1477955001581.89,16.11780,1477955004116.29
3,16.15106,1477955004148.53
3,17.15112,1477955005148.64
0,2,1,1,0,16.01764,1477955004015.23,17.73560,1477955005751.69
3,18.15112,1477955006148.43
3,19.15161,1477955007150.6
3,20.18463,1477955008182.4
0,2,1,0,1,18.48450,1477955006482.01,21.01831,1477955009015.84
3,21.18469,1477955009182.3
3,22.18475,1477955010182.56
3,23.18475,1477955011182.49
0,2,1,0,2,20.91797,1477955008915.69,23.48499,1477955011482.7
3,24.18488,1477955012186.35
0,2,1,1,1,23.38477,1477955011382.18,25.03558,1477955013048.83
3,25.18488,1477955013182.57
3,26.18506,1477955014183.34
3,27.21832,1477955015215.93
3,28.21832,1477955016216
0,2,1,0,4,25.91827,1477955013916.25,28.45178,1477955016449.05
3,29.21844,1477955017218.94
0,2,0,0,2,28.38507,1477955016382.57,30.07556,1477955018083.3
3,30.21851,1477955018216.27
3,31.21869,1477955019217.16
3,32.25214,1477955020249.35
3,33.2854,1477955021282.89
0,1,0,1,4,30.81854,1477955018816.26,33.35205,1477955021350.43
3,34.31873,1477955024349.58
3,35.31897,1477955025350.03
3,36.35223,1477955026385.12
3,37.38556,1477955027416.73
0,1,1,0,0,35.65216,1477955025682.74,38.18561,1477955028216.46
3,38.38562,1477955028416.68
3,39.39178,1477955029423.28
0,1,0,0,4,38.15234,1477955028182.81,40.23560,1477955030283.15
3,40.41907,1477955030449.99
3,41.45251,1477955031485.12
0,1,1,1,4,40.58575,1477955030616.51,42.35559,1477955032416.48
3,42.45258,1477955032483.26
3,43.4859,1477955033516.82
3,44.4859,1477955034516.78
3,45.48608,1477955035517.11
0,1,1,0,3,43.01935,1477955033050.07,45.55273,1477955035583.43
3,46.48608,1477955036519.13
0,1,0,0,0,45.48608,1477955035516.99,47.19556,1477955037250.42
3,47.48621,1477955037517.11
3,48.48621,1477955038520.16
3,49.48627,1477955039517.81
0,1,1,0,4,47.91949,1477955037950.31,50.45300,1477955040483.9
3,50.48633,1477955040517.16
3,51.48639,1477955041521.74
0,1,0,0,0,50.38635,1477955040417.23,52.41559,1477955042450.61
3,52.48645,1477955042517.43
3,53.48669,1477955043519.58
3,54.52014,1477955044550.98
0,1,0,1,0,52.98645,1477955043017.2,55.51996,1477955045551.3
3,55.55322,1477955045583.84
3,56.55334,1477955046583.93
3,57.55377,1477955047584.29
0,1,1,0,4,55.41992,1477955045450.71,57.95343,1477955047983.93
3,58.58691,1477955048620.81
0,1,1,1,4,57.85339,1477955047883.84,59.51556,1477955049551.05
3,59.6203,1477955049651.42
3,60.65375,1477955050684.19
3,61.68695,1477955051718.34
3,62.68707,1477955052717.8
0,1,1,0,3,60.32025,1477955050352.76,62.82037,1477955052851.93
3,63.7204,1477955053754.06
3,64.72046,1477955054751.24
0,1,1,0,4,62.72040,1477955052751.7,65.28717,1477955055318.05
3,65.72058,1477955055754.38
3,66.72064,1477955056751.58
0,1,1,0,1,65.18719,1477955055218.35,67.72058,1477955057751.53
3,67.75409,1477955057784.58
3,68.75415,1477955058785.01
0,1,1,1,1,67.62067,1477955057651.35,69.29559,1477955059351.39
3,69.78741,1477955059818.26
3,70.78772,1477955060821.6
3,71.82086,1477955061851.72
0,2,1,1,1,70.05469,1477955060085.12,72.15558,1477955062219.86
3,72.82104,1477955064885.3
3,73.85431,1477955065918.24
3,74.85437,1477955066918.28
3,75.85443,1477955067920.27
0,2,0,0,1,75.02100,1477955067085.41,76.67560,1477955068752.03
3,76.85449,1477955068918.43
3,77.85449,1477955069918.89
3,78.8551,1477955070919.54
3,79.88794,1477955071952.23
0,2,1,0,3,77.42120,1477955069485.4,79.95465,1477955072018.62
3,80.888,1477955072955.64
3,81.88806,1477955073952.32
0,2,1,0,4,79.78790,1477955071852.04,82.32153,1477955074385.61
3,82.88824,1477955074954.92
3,83.88831,1477955075953.1
0,2,1,0,2,82.39496,1477955074460.15,84.92169,1477955076985.83
3,84.92169,1477955076987.78
3,85.95502,1477955078018.92
3,86.95508,1477955079019.21
0,2,1,0,2,84.82153,1477955076885.62,87.32172,1477955079385.96
3,87.95508,1477955080020.64
3,88.95526,1477955081019.2
0,2,1,1,2,87.38837,1477955079452.56,89.03558,1477955081119.4
3,89.95532,1477955082020.51
3,90.98859,1477955083053.06
3,91.98871,1477955084053.08
0,2,1,0,4,89.82214,1477955081886.55,92.32251,1477955084386.93
3,92.98871,1477955085055.97
3,93.98889,1477955086053.24
0,2,1,0,1,92.22198,1477955084286.44,94.78882,1477955086853.31
3,95.02228,1477955087086.76
3,96.05548,1477955088119.62
3,97.05573,1477955089120.21
0,2,1,0,3,94.68903,1477955086753.3,97.22229,1477955089286.91
3,98.08899,1477955090154.88
3,99.08905,1477955091153.26
0,2,1,0,0,97.12225,1477955089186.7,99.65576,1477955091720.27
3,100.0891,1477955092153.15
3,101.1224,1477955093186.86
0,2,1,0,0,99.55579,1477955091620.13,102.12260,1477955094187.07
3,102.1226,1477955094190.31
3,103.1226,1477955095187.58
0,2,1,1,0,102.02300,1477955094087.36,103.73560,1477955095821.2
3,104.1227,1477955096187.12
3,105.1561,1477955097223.52
3,106.1562,1477955098220.64
0,2,1,0,1,104.42250,1477955096487.11,106.95620,1477955099020.72
3,107.1562,1477955099221.19
3,108.1563,1477955100220.58
3,109.1563,1477955101220.77
0,2,1,0,2,106.85620,1477955098921.2,109.42300,1477955101487.39
3,110.1563,1477955102223.75
3,111.1565,1477955103221.5
0,2,1,0,3,109.32310,1477955101388.91,111.85640,1477955103920.8
3,112.1898,1477955104253.85
3,113.1899,1477955105254.98
0,3,1,1,2,111.78980,1477955103853.76,113.85560,1477955105922.64
3,114.2231,1477955108321.01
3,115.2231,1477955109323.92
3,116.2232,1477955110321.73
3,117.2233,1477955111321.24
3,118.2234,1477955112321.4
3,119.2565,1477955113354.53
0,3,1,0,3,116.79010,1477955110887.73,119.32330,1477955113421.45
3,120.2567,1477955114357.1
3,121.2568,1477955115354.88
0,3,1,0,0,119.22330,1477955113321.3,121.75690,1477955115855.01
3,122.2568,1477955116358.03
3,123.2569,1477955117354.85
0,3,1,0,1,121.65680,1477955115754.88,124.19020,1477955118287.88
3,124.257,1477955118354.9
3,125.2571,1477955119355.11
3,126.2571,1477955120355.65
0,3,1,0,2,124.05690,1477955118154.85,126.59030,1477955120687.99
3,127.2905,1477955121390.14
3,128.2905,1477955122388.07
0,3,1,0,3,126.55710,1477955120654.92,129.09060,1477955123188.08
3,129.2907,1477955123388.36
3,130.3239,1477955124421.78
3,131.324,1477955125421.83
0,3,1,0,3,128.99050,1477955123088.35,131.52400,1477955125621.75
3,132.324,1477955126424.56
3,133.3243,1477955127422.01
0,3,1,0,1,131.42400,1477955125521.9,133.95750,1477955128055.36
3,134.3575,1477955128455.67
3,135.3576,1477955129455.6
3,136.3909,1477955130488.35
0,3,1,0,1,133.86530,1477955127963.93,136.42430,1477955130522.05
3,137.3909,1477955131489.13
0,3,0,0,0,136.32420,1477955130421.96,138.31560,1477955132422.38
3,138.3911,1477955132488.59
3,139.3911,1477955133489.46
3,140.3912,1477955134488.67
0,3,1,0,2,138.79110,1477955132888.59,141.32460,1477955135422.62
3,141.3912,1477955135489.04
1,573.66490,0.64179,2,141.89560,1477955136022.03
3,142.3913,1477955136490.69
0,2,0,0,2,141.29120,1477955135388.6,143.15560,1477955137256.89
3,143.3915,1477955139522.76
3,144.4262,1477955140560.78
3,145.4582,1477955141589.34
3,146.4583,1477955142589.44
1,592.31010,0.66791,1,146.55560,1477955142689.19
3,147.4584,1477955143589.66
0,2,0,0,1,146.25830,1477955142389.41,148.45560,1477955144589.7
3,148.4584,1477955144592.17
3,149.4584,1477955145592.67
3,150.4585,1477955146589.8
0,2,1,0,3,148.72510,1477955144856.25,151.25850,1477955147389.87
3,151.4589,1477955147590.93
3,152.4651,1477955148596.7
3,153.492,1477955149622.88
0,2,1,0,0,151.15860,1477955147289.88,153.69200,1477955149822.92
3,154.4921,1477955150624.57
3,155.4922,1477955151622.96
0,2,1,0,2,153.62540,1477955149756.57,156.12560,1477955152256.88
3,156.4922,1477955152622.97
3,157.4923,1477955153623.15
3,158.4923,1477955154623.22
0,2,1,0,1,156.05880,1477955152190.08,158.59230,1477955154723.17
3,159.4971,1477955155631.06
3,160.5258,1477955156656.91
0,2,1,0,3,158.45900,1477955154590.79,161.02590,1477955157157.05
3,161.5258,1477955157660.31
3,162.5259,1477955158657.05
0,1,0,1,1,160.92580,1477955157057.48,163.45920,1477955159591.6
3,163.5268,1477955161691.37
3,164.5593,1477955162724.15
3,165.5926,1477955163757.01
3,166.5927,1477955164758.58
3,167.5927,1477955165757.17
0,1,1,0,0,165.85940,1477955164024.24,168.39260,1477955166557.23
3,168.5928,1477955166757.14
3,169.5928,1477955167757.3
3,170.5929,1477955168757.43
0,1,1,0,1,168.22610,1477955166391.12,170.76010,1477955168926.03
3,171.5929,1477955169758.84
3,172.593,1477955170758.17
0,1,1,0,0,170.82620,1477955168991.33,173.35960,1477955171524.75
3,173.5931,1477955171757.46
3,174.5931,1477955172757.44
3,175.5931,1477955173757.46
0,1,1,0,1,173.25960,1477955171424.64,175.75990,1477955173924.71
3,176.5932,1477955174757.59
3,177.5933,1477955175757.68
3,178.6095,1477955214876.36
