%Recollect Version 2.0. Scene/Level: multi0_advan, Game Number: 017
%Note: All true/false values are represented as "1" and "0" respectively.
%Damage:1,Player X Position,Player Y Position,Hearts Left,Time (Relative),Time (Absolute)
%MultiObjectBugListChanged:5,[Array of Bug Types]
%BugPositions:3,Time (Relative),Time (Absolute),(For Each Bug:)Bug Color,Bug Position X,Bug Position Y
%MultiObjectTask:4,Matched Correctly,Was Collected,Flower Type,Reveal Time (R),Reveal Time (A),Pollenation Time (R) (-1.0 = unpollenated),Pollenation Time (A) (-1.0 = unpollenated),Death Time (R),Death Time (A)
%Possible values for "Flower Types":Red=0,Green=1,Blue=2,Yellow=3,White=4,Magenta=5,
5,3,0,4,1
3,0,1477586538502.55,3,0.225,0.6333334,0,0.325,0.6333334,4,0.475,0.6333334,1,0.925,0.7
3,1.032501,1477586539481.47,3,0.0721989,0.5893365,0,0.3040701,0.6288518,4,0.5445073,0.6354154,1,0.7984492,0.7467294
3,2.032562,1477586540481.35,3,0.1069686,0.5974271,0,0.2924493,0.6436415,4,0.6925231,0.7797082,1,0.8455203,0.7743003
3,3.032623,1477586541481.46,3,0.2529399,0.7613478,0,0.4441414,0.7854187,4,0.6046116,0.7824242,1,0.8715477,0.751141
3,4.032684,1477586542481.67,3,0.341976,0.7837372,0,0.4826843,0.7156561,4,0.631451,0.6930979,1,0.7811095,0.6977678
3,5.032715,1477586543481.8,3,0.284492,0.7507207,0,0.518533,0.7314579,4,0.7014543,0.7672312,1,0.8667819,0.7826408
3,6.033081,1477586544482.1,3,0.2844088,0.57913,0,0.6188231,0.7810221,4,0.7686838,0.7090647,1,0.9233884,0.732398
3,7.066193,1477586545516.41,3,0.5367199,0.3255321,0,0.4704493,0.6771533,4,0.7163602,0.5872081,1,0.8544255,0.7244458
3,8.06723,1477586546516.68,3,0.3449577,0.3399451,0,0.4137108,0.5661234,4,0.6004696,0.6678357,1,0.9067583,0.6751511
4,1,1,3,4.39331,6.23331,1477586544713.8,8.21332,1477586546680.34
3,9.099915,1477586547550.63,3,0.221678,0.4387886,0,0.332206,0.621462,4,0.6454768,0.7848994,1,0.7740788,0.6826074
3,10.13315,1477586548582.66,3,0.1332557,0.5255208,0,0.2515702,0.6595895,4,0.5112667,0.6782637,1,0.8405638,0.6136267
3,11.1333,1477586549582.1,3,0.06491542,0.643666,0,0.2628806,0.5795405,4,0.3974743,0.7250144,1,0.9393921,0.6257547
3,12.13333,1477586550583.23,3,0.04214168,0.6902491,0,0.1908338,0.6326749,4,0.3465533,0.7333896,1,0.863596,0.6189437
3,13.13333,1477586551583.52,3,0.08320785,0.7588386,0,0.3943019,0.6006619,4,0.5161502,0.3413702,1,0.7892857,0.6134353
4,1,1,4,10.39331,12.37329,1477586550847.14,13.79330,1477586552248.44
3,14.1666,1477586552616.19,3,0.151407,0.7637812,0,0.5250208,0.7026383,4,0.2547512,0.2357287,1,0.7088177,0.64271
3,15.16666,1477586553616.74,3,0.1955521,0.7277586,0,0.3418972,0.7700214,4,0.1370716,0.312584,1,0.49863,0.7858365
3,16.20001,1477586554649.94,3,0.102845,0.71757,0,0.2652848,0.734297,4,0.499279,0.5284202,1,0.4473796,0.7156693
3,17.20026,1477586555651.33,3,0.06419945,0.6749913,0,0.2852206,0.7534614,4,0.5351315,0.7812672,1,0.7436836,0.7846146
3,18.23349,1477586556683.8,3,0.1306596,0.5802954,0,0.6096721,0.3547052,4,0.4434285,0.7711163,1,0.6484008,0.7624753
1,78.74451,5.35684,2,18.53329,1477586556981.63
3,19.23355,1477586557683.59,3,0.2091889,0.6118644,0,0.5010304,0.35973,4,0.3003983,0.7720116,1,0.5258794,0.7087101
4,1,1,0,16.37329,18.01331,1477586556480.58,20.15332,1477586558614.45
5,3,0,4,1,5
3,20.23358,1477586558684.06,3,0.05609465,0.6294427,0,0.3420229,0.3807841,4,0.214056,0.6808794,1,0.4104471,0.7529506,5,-0.02655315,0.4406857
3,21.267,1477586559716.3,3,0.0912838,0.7068341,0,0.3421555,0.4960153,4,0.2595677,0.739867,1,0.4272647,0.7326682,5,0.04929161,0.4953424
3,22.26709,1477586560716.2,3,0.17623,0.743093,0,0.5948124,0.7713428,4,0.3541708,0.6777738,1,0.7274046,0.7075914,5,0.05840778,0.5979532
3,23.30042,1477586561751.04,3,0.2396388,0.72949,0,0.5189209,0.5605494,4,0.3695412,0.6206225,1,0.8055639,0.5663061,5,0.1170206,0.6137315
3,24.30054,1477586562750.76,3,0.3088212,0.6578008,0,0.4516487,0.7542143,4,0.7211895,0.6399696,1,0.9456182,0.628454,5,0.06688499,0.7609549
3,25.30054,1477586563750.9,3,0.4660707,0.3435967,0,0.4946656,0.7289808,4,0.6443925,0.6297937,1,0.8361964,0.6400196,5,0.1012821,0.6282837
5,0,4,1,5
4,0,1,5,22.41330,24.77332,1477586563247.84,25.79330,1477586564251.79
3,26.30057,1477586564750.06,0,0.3381677,0.5635804,4,0.5844002,0.6195279,1,0.9437094,0.7513115,5,0.1152287,0.6694016
3,27.30063,1477586565751.15,0,0.3291416,0.6671508,4,0.4784598,0.6821715,1,0.8254466,0.7595569,5,0.0570488,0.7388752
3,28.30069,1477586566750.44,0,0.2601643,0.6099038,4,0.5957937,0.7671372,1,0.7131524,0.6431783,5,0.06956244,0.6781021
3,29.30075,1477586567750.2,0,0.3811474,0.7286744,4,0.6364489,0.7049928,1,0.7584262,0.588928,5,0.1679192,0.7731421
3,30.30081,1477586568751.02,0,0.4412804,0.7415573,4,0.659699,0.3727131,1,0.8347831,0.6243626,5,0.2709851,0.7639629
3,31.30087,1477586569750.26,0,0.6491432,0.7198966,4,0.4961205,0.335636,1,0.843679,0.7161883,5,0.1739659,0.6623171
4,1,1,4,28.39331,30.11331,1477586568582.05,31.79330,1477586570249.14
3,32.3009,1477586570750.85,0,0.593235,0.7707265,4,0.2726521,0.2641786,1,0.8865914,0.6601557,5,0.07695818,0.6745146
3,33.30096,1477586571750.53,0,0.5333457,0.6715319,4,0.6959624,0.7064314,1,0.9267373,0.6170542,5,0.1407018,0.7680287
3,34.30099,1477586572750.79,0,0.6112418,0.5853052,4,0.6882482,0.767201,1,0.8747559,0.7034933,5,0.2733388,0.666383
3,35.30115,1477586573750.66,0,0.6496587,0.564219,4,0.6465573,0.7757152,1,0.9488373,0.7592775,5,0.3576202,0.5648595
3,36.33456,1477586574784.91,0,0.6228962,0.57504,4,0.5351229,0.7092203,1,0.830379,0.7563782,5,0.4233685,0.621698
3,37.36786,1477586575816.44,0,0.7219172,0.5647102,4,0.4926958,0.3009818,1,0.8341818,0.7155396,5,0.5167031,0.7034672
5,0,1,5
4,0,1,0,34.41330,36.57330,1477586575049.15,37.79330,1477586576251.98
3,38.36798,1477586576817.35,0,0.8031063,0.6892497,1,0.9528055,0.6806514,5,0.5626478,0.7556024
3,39.36804,1477586577816.56,0,0.5733213,0.7740884,1,0.8399935,0.5702361,5,0.4477873,0.622034
3,40.36819,1477586578816.57,0,0.4146099,0.7642634,1,0.7000704,0.5797457,5,0.505353,0.6019492
3,41.40155,1477586579850.98,0,0.3118582,0.681163,1,0.7169428,0.6466224,5,0.4333973,0.5644378
3,42.43491,1477586580884.17,0,0.2062159,0.7487682,1,0.6616335,0.3602835,5,0.5545664,0.6642029
3,43.4682,1477586581916.78,0,0.08843613,0.7470219,1,0.461791,0.3335632,5,0.5569124,0.7666202
4,1,1,1,40.37329,41.85330,1477586580315.96,43.79330,1477586582249.48
3,44.46823,1477586582917.21,0,0.1633291,0.7102488,1,0.3706388,0.3971685,5,0.4396486,0.6796487
3,45.46841,1477586583917.18,0,0.3362875,0.7335364,1,0.7699909,0.549252,5,0.4904737,0.6542866
3,46.46844,1477586584917.61,0,0.2636766,0.7682148,1,0.8282614,0.6298064,5,0.4050102,0.6868175
3,47.5022,1477586585951.85,0,0.1410007,0.6880083,1,0.7275801,0.7270189,5,0.4641304,0.7799647
3,48.53516,1477586586984.46,0,0.5925226,0.3320716,1,0.7422857,0.7519755,5,0.4318542,0.6791635
3,49.53531,1477586587984.96,0,0.4468861,0.3332486,1,0.8423557,0.6527492,5,0.1736374,0.6011571
3,50.53531,1477586588984.65,0,0.6315804,0.6816298,1,0.9423389,0.7498003,5,0.4318542,0.7814009
3,51.53531,1477586589984.68,0,0.6832209,0.7818692,1,0.9020357,0.7404224,5,0.4318542,0.5930502
3,52.53543,1477586590985.21,0,0.5994825,0.6789732,1,0.911418,0.612789,5,0.2162066,0.6315241
3,53.5358,1477586591985.31,0,0.6509924,0.5780801,1,0.9459362,0.6490872,5,0.1118469,0.7494269
3,54.56888,1477586593017.84,0,0.6764669,0.6535516,1,0.636344,0.3271888,5,0.3165522,0.6778527
3,55.56906,1477586594017.58,0,0.5463858,0.7764089,1,0.4412527,0.3465928,5,0.2121925,0.5814515
4,1,1,1,52.37332,53.75333,1477586592215.9,55.75333,1477586594216.3
3,56.60239,1477586595051.89,0,0.4183617,0.7296684,1,0.7285709,0.6234301,5,0.2767553,0.6640359
3,57.60239,1477586596051.97,0,0.4838562,0.7775488,1,0.9400043,0.6979111,5,0.3670835,0.5698228
3,58.60239,1477586597051.81,0,0.448842,0.7728302,1,0.8312531,0.7810626,5,0.466671,0.57402
3,59.60245,1477586598052.27,0,0.4821568,0.7803409,1,0.7000847,0.6952739,5,0.4686222,0.5658109
3,60.60269,1477586599052.22,0,0.6427412,0.7965951,1,0.6629562,0.592148,5,0.442008,0.5870568
3,61.63589,1477586600085.12,0,0.4346218,0.3136251,1,0.588253,0.6331843,5,0.3070478,0.6828634
4,1,1,0,58.37332,60.95328,1477586599416.62,62.55331,1477586601017.07
5,0,1,5,3
3,62.63596,1477586601085.91,0,0.2245312,0.3326378,1,0.5548973,0.7410957,5,0.17731,0.6312752,3,-0.01672363,0.3666141
3,63.63626,1477586602085.57,0,0.1388712,0.2248358,1,0.8567867,0.7603793,5,0.06228256,0.6680971,3,0.05135441,0.45905
3,64.66953,1477586603118.31,0,0.5746994,0.6861951,1,0.8526716,0.6507215,5,0.1762075,0.7485192,3,0.08300972,0.5569651
3,65.70279,1477586604152.81,0,0.7366781,0.7803337,1,0.6971731,0.5877769,5,0.1310854,0.7623445,3,0.09683704,0.6012314
1,271.33050,5.89818,1,66.31332,1477586604783.47
3,66.70285,1477586605153.12,0,0.7229128,0.7606511,1,0.7463522,0.5634719,5,0.1653719,0.7750643,3,0.05443764,0.6325042
3,67.70291,1477586606152.38,0,0.6215553,0.7326546,1,0.8292923,0.6426879,5,0.4433098,0.2579645,3,0.1268883,0.6322863
3,68.70346,1477586607153.88,0,0.523365,0.705627,1,0.8564501,0.7496932,5,0.2165108,0.3122781,3,0.2013063,0.7319176
3,69.73654,1477586608185.5,0,0.4212456,0.7659394,1,0.7557602,0.6688073,5,0.07641602,0.3711022,3,0.286871,0.6357768
3,70.74265,1477586609192.36,0,0.3249702,0.7668063,1,0.8332825,0.6049705,5,0.05186081,0.4869331,3,0.3567238,0.5716933
3,71.76981,1477586610218.08,0,0.2803574,0.7466255,1,0.9333668,0.7257468,5,0.1009083,0.5985923,3,0.4189682,0.6163762
3,72.76987,1477586611218.37,0,0.3068571,0.7292634,1,0.8590879,0.5777594,5,0.4772253,0.4197076,3,0.5577469,0.7291482
3,73.76993,1477586612218.85,0,0.4018011,0.5800319,1,0.9167986,0.6676287,5,0.4038086,0.3132355,3,0.438056,0.7786427
5,0,1,3
4,0,1,3,70.39328,72.77328,1477586611250.43,74.07333,1477586612553.24
3,74.77005,1477586613218.18,0,0.5554523,0.6635547,1,0.9360723,0.778349,3,0.2854452,0.7108539
3,75.77005,1477586614219.03,0,0.6702108,0.7666438,1,0.8889084,0.743365,3,0.1588697,0.5784363
3,76.77011,1477586615218.49,0,0.5014486,0.6821904,1,0.8532238,0.660195,3,0.3451033,0.6587814
3,77.77048,1477586616219.02,0,0.412673,0.5705925,1,0.9276867,0.5770251,3,0.1759157,0.5843249
3,78.80356,1477586617252.4,0,0.6072102,0.2942902,1,0.8549957,0.7017696,3,0.09011745,0.6116005
3,79.80362,1477586618252.79,0,0.4013863,0.3198864,1,0.7185059,0.7347574,3,0.1886139,0.6439855
4,1,1,0,76.41330,78.01328,1477586616483.65,80.29330,1477586618751.79
3,80.80368,1477586619252.7,0,0.3452663,0.3937613,1,0.582016,0.7153633,3,0.2760582,0.5711193
