%Recollect Version 2.0. Scene/Level: multi0_advan, Game Number: 039
%Note: All true/false values are represented as "1" and "0" respectively.
%Damage:1,Player X Position,Player Y Position,Hearts Left,Time (Relative),Time (Absolute)
%MultiObjectBugListChanged:5,[Array of Bug Types]
%BugPositions:3,Time (Relative),Time (Absolute),(For Each Bug:)Bug Color,Bug Position X,Bug Position Y
%MultiObjectTask:4,Matched Correctly,Was Collected,Flower Type,Reveal Time (R),Reveal Time (A),Pollenation Time (R) (-1.0 = unpollenated),Pollenation Time (A) (-1.0 = unpollenated),Death Time (R),Death Time (A)
%Possible values for "Flower Types":Red=0,Green=1,Blue=2,Yellow=3,White=4,Magenta=5,
5,3,1,2,0
3,0,1477674265065.29,3,0.175,0.7666667,1,0.225,0.7666667,2,0.475,0.4333333,0,0.775,0.5
3,1.033813,1477674266039.4,3,0.1207528,0.7099232,1,0.4036636,0.7021971,2,0.5140394,0.5676678,0,0.8316372,0.6312145
3,2.06665,1477674267069.47,3,0.1540245,0.7141803,1,0.3804197,0.625307,2,0.646417,0.8055276,0,0.942645,0.7692057
3,3.066772,1477674268069.6,3,0.05419153,0.737249,1,0.4048603,0.7662583,2,0.7354774,0.7754509,0,0.8774679,0.7113989
3,4.068237,1477674269073.32,3,0.1471977,0.6378475,1,0.482133,0.7035606,2,0.6203554,0.8117692,0,0.9434606,0.7521555
3,5.100098,1477674270102.09,3,0.04337323,0.7022839,1,0.4272594,0.6743451,2,0.7120547,0.7671922,0,0.8432904,0.6165716
3,6.100342,1477674271103.49,3,0.1731135,0.6418937,1,0.5898975,0.3874741,2,0.7169569,0.761894,0,0.9392596,0.7889237
3,7.133911,1477674272137.37,3,0.3311363,0.5726767,1,0.4228607,0.7818009,2,0.6122419,0.6802042,0,0.8031818,0.6552282
4,1,1,1,4.40149,6.10144,1477674271134,7.78149,1477674272801.04
3,8.166992,1477674273170.21,3,0.1306304,0.6726334,1,0.373276,0.8464392,2,0.5944903,0.7073365,0,0.9445481,0.6015819
3,9.167114,1477674274171.47,3,0.1615984,0.5664439,1,0.4435852,0.7951387,2,0.6827722,0.8976653,0,0.789583,0.7572977
1,43.97529,5.03254,2,9.48145,1477674274500.59
3,10.20032,1477674275202.33,3,0.06862521,0.7067754,1,0.3353724,0.6922401,2,0.5213289,0.7952421,0,0.8724625,0.7735985
3,11.20056,1477674276203.09,3,0.07760048,0.7371609,1,0.2933059,0.587456,2,0.473465,0.7408969,0,0.8011601,0.8353004
3,12.20056,1477674277203.05,3,0.3642263,0.3997719,1,0.3866892,0.8000186,2,0.6023388,0.7583992,0,0.7537594,0.7719539
3,13.23389,1477674278237.13,3,0.2090328,0.6912853,1,0.5555117,0.6792583,2,0.7434921,0.6609492,0,0.9085484,0.6698329
4,1,1,3,10.40149,12.34143,1477674277367.9,13.80139,1477674278834.61
3,14.23413,1477674279237.42,3,0.08205056,0.7408211,1,0.2819843,0.7619591,2,0.6519568,0.7096588,0,0.8810058,0.5707732
3,15.23425,1477674280237.53,3,0.03864574,0.6497107,1,0.1694763,0.7679126,2,0.5297728,0.7441903,0,0.732666,0.8575556
3,16.26746,1477674281270.44,3,0.07284117,0.6251304,1,0.1904423,0.7828669,2,0.6068366,0.7217107,0,0.7778463,0.7568336
3,17.26746,1477674282270.57,3,0.09499955,0.56326,1,0.106745,0.7624864,2,0.6633391,0.6110638,0,0.8908319,0.5968792
3,18.26746,1477674283270.71,3,0.1037369,0.5671579,1,0.1273422,0.7643685,2,0.6747293,0.6272629,0,0.8686023,0.6479681
3,19.26758,1477674284270.6,3,0.1237614,0.566569,1,0.1321118,0.7719492,2,0.5697489,0.6242882,0,0.8868017,0.7303852
3,20.26782,1477674285270.97,3,0.08158016,0.698725,1,0.2759199,0.7018854,2,0.6075292,0.7584257,0,0.7111216,0.5102739
4,1,1,0,16.38147,20.42151,1477674285434.92,20.62146,1477674285636.05
5,3,1,2,0,5
3,21.30103,1477674286303.61,3,0.1922054,0.7708247,1,0.4316764,0.6919004,2,0.6804872,0.7058284,0,0.1523538,0.2523913,5,0.0633359,0.586197
3,22.33447,1477674287337.5,3,0.3357587,0.7828662,1,0.480917,0.6816445,2,0.6668315,0.6670186,0,0.8007822,0.8066152,5,0.1981468,0.7047111
3,23.33447,1477674288337.8,3,0.3221221,0.73276,1,0.434258,0.5648578,2,0.6539097,0.694686,0,0.9468446,0.8175495,5,0.1357026,0.6687347
3,24.33459,1477674289337.91,3,0.6286626,0.2931253,1,0.4150896,0.8143749,2,0.6965151,0.6729386,0,0.8341904,0.7869015,5,0.08447361,0.5843598
3,25.33496,1477674290338.3,3,0.2490807,0.604073,1,0.2414975,0.7933533,2,0.7028313,0.5937849,0,0.936645,0.6607495,5,0.1033063,0.6578728
5,1,2,0,5
4,0,1,1,22.42151,24.10144,1477674289135.03,25.80139,1477674290838.64
3,26.36804,1477674291371.14,1,0.5047312,0.6667662,2,0.6980872,0.5772364,0,0.8746762,0.6521491,5,0.1278949,0.759371
3,27.36804,1477674292371.44,1,0.4716825,0.6005166,2,0.705308,0.572906,0,0.8085651,0.8067567,5,0.1412363,0.6150736
3,28.36804,1477674293371.36,1,0.3951883,0.7152635,2,0.5384641,0.7731937,0,0.748425,0.7566797,5,0.0666995,0.6513427
3,29.37219,1477674294375.58,1,0.2492709,0.7316509,2,0.4473605,0.7263452,0,0.6653299,0.6284651,5,0.1005449,0.7528369
3,30.40149,1477674295405.01,1,0.2451015,0.7625762,2,0.3781247,0.6707512,0,0.8069463,0.6501106,5,0.109982,0.6749465
3,31.40161,1477674296404.35,1,0.1832108,0.7557878,2,0.3769803,0.6308233,0,0.4620056,0.297334,5,0.07398748,0.5676847
4,1,1,0,28.40149,30.94141,1477674295968.65,31.98145,1477674297002.21
3,32.40161,1477674297404.59,1,0.1432509,0.7636812,2,0.5320859,0.6458108,0,0.9059143,0.7857049,5,0.04706478,0.5850275
3,33.40186,1477674298404.79,1,0.3120599,0.6904629,2,0.4673944,0.7643006,0,0.8678946,0.8071089,5,0.1648321,0.6265404
3,34.43506,1477674299437.56,1,0.3939657,0.5566828,2,0.5765448,0.7249778,0,0.853858,0.7453292,5,0.2892866,0.6994717
3,35.43518,1477674300437.75,1,0.4922295,0.5975878,2,0.6985693,0.6195487,0,0.8447714,0.6636088,5,0.2025833,0.7688992
3,36.4353,1477674301437.57,1,0.5749054,0.6899133,2,0.7275243,0.5819381,0,0.9132199,0.7315362,5,0.6279836,0.2951191
3,37.4353,1477674302438,1,0.6606097,0.732034,2,0.7962689,0.6481045,0,0.9146676,0.7824503,5,0.1420469,0.759442
4,1,1,5,34.42151,36.04150,1477674301069.14,37.80139,1477674302803.38
3,38.46936,1477674303473.6,1,0.244256,0.779709,2,0.6604948,0.6629974,0,0.8932714,0.7564021,5,0.07652235,0.6927006
3,39.50208,1477674304505.18,1,0.1963472,0.77568,2,0.4004745,0.7852273,0,0.7568035,0.7595623,5,0.07978439,0.6502922
3,40.50208,1477674305504.7,1,0.2205629,0.7752438,2,0.3845758,0.7251002,0,0.6044941,0.7558331,5,0.04876709,0.6224881
3,41.5022,1477674306505.18,1,0.2052546,0.7828923,2,0.3585796,0.7246697,0,0.6527948,0.7777216,5,0.1727047,0.5880414
3,42.5022,1477674307504.9,1,0.1512289,0.7411089,2,0.613781,0.3317034,0,0.8394098,0.7048087,5,0.2250118,0.5654647
3,43.50244,1477674308506.02,1,0.08899117,0.757364,2,0.5184498,0.4977188,0,0.9147091,0.7607529,5,0.2165051,0.5991169
4,1,1,2,40.38147,42.04150,1477674307069.84,43.78149,1477674308802.86
5,1,2,0,5,4
3,44.53564,1477674309537.75,1,0.05606461,0.7465066,2,0.6501389,0.7674167,0,0.8656464,0.7893016,5,0.3263092,0.6675813,4,-0.006915092,0.5641096
3,45.53577,1477674310537.61,1,0.1395416,0.7862127,2,0.6343908,0.6626859,0,0.7834578,0.7281342,5,0.3004494,0.7682192,4,0.05267239,0.6234782
3,46.53577,1477674311537.78,1,0.1662359,0.7595703,2,0.5261211,0.7332188,0,0.6403341,0.6020061,5,0.3764381,0.7376073,4,0.0711813,0.5697908
3,47.53589,1477674312537.85,1,0.09488773,0.7924141,2,0.4255753,0.6405216,0,0.8018875,0.7701599,5,0.2854805,0.7112257,4,0.08620548,0.5916984
3,48.53589,1477674313538.12,1,0.05355644,0.7569232,2,0.519516,0.8077909,0,0.6540737,0.7197974,5,0.3532753,0.806993,4,0.05563259,0.5572867
3,49.53589,1477674314537.69,1,0.4001503,0.3701217,2,0.3829298,0.7498951,0,0.7903967,0.6053573,5,0.2174759,0.750154,4,0.1080704,0.6071641
3,50.53601,1477674315537.68,1,0.2534103,0.3342652,2,0.463069,0.6987659,0,0.8201218,0.6525052,5,0.1893396,0.7769988,4,0.1281595,0.5777957
4,1,1,1,46.42151,49.14148,1477674314169.63,50.74146,1477674315769.74
1,209.48680,3.81506,1,50.86145,1477674315870.69
3,51.53601,1477674316537.8,1,0.1391115,0.3815043,2,0.5558586,0.6552409,0,0.6726294,0.7804005,5,0.1269388,0.7799751,4,0.1430607,0.581202
3,52.53613,1477674317538.51,1,0.07574654,0.4830441,2,0.4900522,0.567763,0,0.8350487,0.7975481,5,0.09916782,0.7017462,4,0.2588463,0.6749457
3,53.53784,1477674318539.8,1,0.07742691,0.5716615,2,0.6223116,0.7826312,0,0.9222012,0.7149479,5,0.109334,0.7732612,4,0.3588371,0.7805137
3,54.56958,1477674319573.17,1,0.4762287,0.7402322,2,0.589242,0.8713146,0,0.797574,0.6100108,5,0.1126566,0.7695435,4,0.5035181,0.4296051
3,55.60303,1477674320605.88,1,0.3556128,0.7336535,2,0.6869411,0.8275411,0,0.7120438,0.6244056,5,0.09304237,0.6481016,4,0.4194546,0.3549858
4,1,1,4,52.38147,54.54150,1477674319569.89,56.34143,1477674321370.09
3,56.63635,1477674321638.36,1,0.3022175,0.7198159,2,0.7850122,0.6818849,0,0.5979252,0.6365389,5,0.1563883,0.6588665,4,0.2066307,0.3028302
3,57.6698,1477674322672.31,1,0.4419994,0.720476,2,0.7339354,0.800981,0,0.9174786,0.6647601,5,0.2663422,0.6208625,4,0.2476969,0.4144765
3,58.70313,1477674323706.19,1,0.5446501,0.7896277,2,0.7448959,0.7241489,0,0.9413433,0.7808251,5,0.3092823,0.7767903,4,0.1375256,0.7477162
3,59.70325,1477674324706.77,1,0.544241,0.7657123,2,0.6674671,0.6364369,0,0.8108492,0.6939343,5,0.4467545,0.6125558,4,0.2443285,0.6638042
3,60.70325,1477674325707.32,1,0.5546513,0.7773554,2,0.6660872,0.614095,0,0.8881531,0.7638201,5,0.6047134,0.3365885,4,0.1961298,0.6352862
3,61.70325,1477674326706.44,1,0.4393721,0.628348,2,0.7548571,0.6268895,0,0.9442291,0.6233581,5,0.4137135,0.3466221,4,0.124609,0.7710645
4,1,1,5,58.38147,59.92151,1477674324937.15,61.78149,1477674326803.68
5,1,2,0,5,4,3
3,62.70337,1477674327707,1,0.5015783,0.7281489,2,0.7371416,0.7678553,0,0.8741913,0.6212806,5,0.3497667,0.407488,4,0.2394066,0.6383194,3,0.05483055,0.4794042
3,63.70337,1477674328707.55,1,0.5182228,0.7030475,2,0.7343664,0.7597901,0,0.8687048,0.6627498,5,0.3025169,0.850419,4,0.2498436,0.6635242,3,0.1163483,0.5731492
3,64.70349,1477674329706.73,1,0.4332008,0.5727646,2,0.5972662,0.58474,0,0.8279619,0.7607672,5,0.2724457,0.8855355,4,0.1876574,0.7210459,3,0.0933094,0.566023
3,65.70349,1477674330707.06,1,0.3927402,0.6351655,2,0.5549793,0.6104533,0,0.8616228,0.7092636,5,0.2841616,0.8436811,4,0.1693134,0.7042437,3,0.06629848,0.5593306
3,66.70361,1477674331706.46,1,0.1953354,0.6006747,2,0.7646732,0.7682373,0,0.9411077,0.5668042,5,0.4600191,0.7215331,4,0.04826355,0.7671087,3,0.04834461,0.5624664
3,67.7384,1477674332741.4,1,0.3772402,0.6851444,2,0.7704105,0.7069256,0,0.9412003,0.6714585,5,0.6212597,0.7258624,4,0.06233501,0.7679455,3,0.06316948,0.5631851
3,68.77039,1477674333772.93,1,0.3722067,0.6808956,2,0.6969023,0.6766465,0,0.8582935,0.6780487,5,0.5408964,0.6956055,4,0.1951895,0.7366175,3,0.05467129,0.6028969
3,69.77063,1477674334773.68,1,0.3958845,0.7393414,2,0.74473,0.5750873,0,0.9261646,0.7823181,5,0.5548878,0.6815268,4,0.2181807,0.7758474,3,0.09669399,0.5963483
5,2,0,5,4,3
4,0,0,4,64.40149,-1.00000,-1,70.18140,1477674335206.79
3,70.80383,1477674335806.89,2,0.7930975,0.6613516,0,0.9467316,0.7600089,5,0.6558399,0.7674095,4,0.3366365,0.751105,3,0.1596947,0.6691534
3,71.80396,1477674336806.47,2,0.7630501,0.6056228,0,0.8831301,0.73454,5,0.6033392,0.6723701,4,0.4079485,0.651303,3,0.1355171,0.7748932
3,72.80396,1477674337806.32,2,0.7557926,0.5801312,0,0.8826866,0.7120394,5,0.4910345,0.5743945,4,0.3089952,0.5877995,3,0.09923172,0.668441
3,73.80396,1477674338806.67,2,0.6958427,0.6117583,0,0.8877869,0.7630251,5,0.4118347,0.5873755,4,0.289403,0.7022498,3,0.05478382,0.5747709
3,74.80408,1477674339807.22,2,0.6218185,0.6938507,0,0.9234505,0.7139027,5,0.4834204,0.6173571,4,0.1996651,0.3914354,3,0.05147266,0.6681158
3,75.80408,1477674340806.61,2,0.7031975,0.7580921,0,0.8529387,0.7587593,5,0.5583057,0.6290817,4,-0.003024101,0.324012,3,0.2341204,0.775296
5,2,0,5,3
3,76.8042,1477674341809.7,2,0.6695967,0.7574727,0,0.9036398,0.7052147,5,0.5130377,0.7298706,3,0.05885315,0.6466966
3,77.8042,1477674342807.03,2,0.6123753,0.6687052,0,0.9131622,0.60785,5,0.4309168,0.7049146,3,0.04452324,0.6252001
3,78.83777,1477674343840.32,2,0.6381741,0.3352066,0,0.7874794,0.7833638,5,0.4105797,0.593192,3,0.1577168,0.7480772
4,1,1,2,76.42151,78.62146,1477674343638.4,79.80139,1477674344805.72
3,79.87109,1477674344874.25,2,0.6434269,0.3284539,0,0.8189068,0.6805036,5,0.3969154,0.6228899,3,0.2571259,0.7640579
3,80.87158,1477674345875.61,2,0.6436558,0.445446,0,0.9403286,0.5847706,5,0.583149,0.7037169,3,0.3275452,0.6770619
