%Recollect Version 2.0. Scene/Level: span1_inter, Game Number: 075
%Note: All true/false values are represented as "1" and "0" respectively.
%Damage:1,Player X Position,Player Y Position,Hearts Left,Time (Relative),Time (Absolute)
%SpanCollectionOrder:6,Time (R),Time (A),Is Reversed. (Arrangement order is from bottom left to top right)
%SpanArrangementOrder:7,[Array of Span Types] (Order is from bottom left to top right). 
%SpanPlayerInput:8,beginTime,endTime,[Array of Positions in Arrangment Pressed, followed by time]
6,0.00000,1478191396780.12,0,0,4,1,3
7,1,0,3,5,4,6
1,56.70160,5.72495,2,12.66553,1478191409393.28
6,13.18555,1478191409925.9,0,4,0,2,5
7,2,3,4,6,0,5
8,5.68555,13.18555,1,8.16699,4,8.46704,0,8.76886,2,9.13397
6,25.32550,1478191422060.75,0,4,2,3,1
7,2,5,6,1,3,4
8,17.84552,25.32550,2,19.90247,4,20.30273,0,20.90100,5,21.30109
6,37.90552,1478191434660.45,1,3,5,4,0,1
7,3,0,6,4,2,1,5
8,30.40552,37.90552,5,32.83508,0,33.17035,4,33.50177,3,34.03650
6,49.78552,1478191446527.72,1,5,2,0,4,3
7,5,6,3,2,4,0,1
8,42.28552,49.78552,0,43.60236,6,45.16919,3,45.46924,1,45.93610,5,46.23584
6,62.04553,1478191458795.16,1,1,5,2,0,3
7,6,1,5,4,2,3,0
8,54.56549,62.04553,0,55.80359,3,57.16974,5,57.63660,4,58.23682,2,59.33661
6,74.48553,1478191471229.8,0,5,0,1,3,2,4
7,5,3,5,7,4,0,1,2
8,66.98553,74.48553,1,69.20398,2,69.50922,4,69.93719,6,70.40387,5,70.70624
6,86.60553,1478191483339.28,0,3,0,2,4,1,5
7,1,2,5,0,4,1,3,6
8,79.10553,86.60553,0,80.40472,5,80.80554,6,81.27112,1,81.67120,7,82.07111,4,82.97278
6,98.76550,1478191495497.96,0,5,1,0,4,2,3
7,2,5,3,6,4,2,1,0
8,91.26550,98.76550,6,94.10516,4,94.87201,3,95.73950
6,111.34550,1478191508098.05,1,5,3,0,1,2
7,5,0,2,1,7,4,3
8,103.84550,111.34550,1,105.90770,6,106.53920,7,106.87490,5,107.34060,4,109.10630
6,123.20550,1478191519932.95,1,3,1,5,4,0
7,1,2,5,3,0,7,4
8,115.72550,123.20550,0,117.17320,6,118.30680,1,118.74000,3,119.20660,2,119.74010
6,135.48550,1478191532232.64,1,1,3,0,2,4
7,3,0,1,4,5,7,2
8,128.00550,135.48550,3,130.74060,0,131.20730,2,131.74230,6,132.07400,4,132.40750
8,140.42550,147.90550,2,142.67460,0,143.04130,1,143.40800,6,143.90970,4,144.84170,3,145.57480
