%Recollect Version 2.0. Scene/Level: multi0_intro, Game Number: 141
%Note: All true/false values are represented as "1" and "0" respectively.
%Damage:1,Player X Position,Player Y Position,Hearts Left,Time (Relative),Time (Absolute)
%MultiObjectBugListChanged:5,[Array of Bug Types]
%BugPositions:3,Time (Relative),Time (Absolute),(For Each Bug:)Bug Color,Bug Position X,Bug Position Y
%MultiObjectTask:4,Matched Correctly,Was Collected,Flower Type,Reveal Time (R),Reveal Time (A),Pollenation Time (R) (-1.0 = unpollenated),Pollenation Time (A) (-1.0 = unpollenated),Death Time (R),Death Time (A)
%Possible values for "Flower Types":Blue=0,Yellow=1,Green=2,Pink=3,White=4,Gray=5,Brown=6,Purple=7,
5,3,1,0,2
3,0,1479318639593.39,3,0.225,0.5666667,1,0.475,0.6333334,0,0.725,0.7,2,0.725,0.5
3,1.000427,1479318640501.48,3,0.1465697,0.7060243,1,0.2994898,0.6280161,0,0.7957317,0.7805231,2,0.5569363,0.5903571
3,2.03363,1479318641534.99,3,0.2643615,0.7393816,1,0.3499627,0.5937902,0,0.671027,0.7600662,2,0.46597,0.8220574
3,3.034302,1479318642535.96,3,0.08149791,0.6861632,1,0.3266651,0.6614754,0,0.570188,0.6345086,2,0.5066136,0.8152682
3,4.067139,1479318643568.03,3,0.1190038,0.5727881,1,0.2823241,0.6638762,0,0.8611766,0.7744448,2,0.5184349,0.8318921
3,5.100403,1479318644601.55,3,0.1035149,0.7947684,1,0.2428417,0.7188389,0,0.9048715,0.6679075,2,0.5198877,0.7304952
3,6.134216,1479318645635.5,3,0.1384038,0.679633,1,0.3068427,0.6086991,0,0.6369307,0.83417,2,0.466971,0.8511236
3,7.167053,1479318646668.19,3,0.152092,0.5857928,1,0.3470973,0.6303589,0,0.7791313,0.6935779,2,0.3168486,0.8259979
4,1,1,1,4.39276,6.41278,1479318645933.64,7.77277,1479318647300.73
3,8.167236,1479318647667.74,3,0.07702017,0.666414,1,0.3561348,0.6864778,0,0.9197748,0.7342661,2,0.5168543,0.7100227
3,9.167236,1479318648667.91,3,0.1106673,0.7414353,1,0.2103856,0.5926619,0,0.7187274,0.7553081,2,0.4872029,0.8055651
3,10.2005,1479318649701.43,3,0.11306,0.7519557,1,0.3921597,0.7505572,0,0.8149028,0.7289726,2,0.5828328,0.7423452
3,11.20087,1479318650701.99,3,0.1733687,0.769796,1,0.3887036,0.6401118,0,0.7410092,0.839148,2,0.5850167,0.7682889
3,12.20093,1479318651702.48,3,0.4996641,0.313824,1,0.3233423,0.8159394,0,0.7810776,0.7463086,2,0.5223041,0.7772295
3,13.23407,1479318652734.87,3,0.09337854,0.7276424,1,0.2407098,0.7811558,0,0.9097786,0.6425253,2,0.7268732,0.6314467
4,1,1,3,10.39276,12.27277,1479318651800.61,13.77277,1479318653300.99
3,14.23456,1479318653735.99,3,0.03335881,0.7803455,1,0.1736143,0.7101192,0,0.5807977,0.761327,2,0.6813366,0.6028327
3,15.26862,1479318654769.95,3,0.0509696,0.7320396,1,0.1903679,0.6525378,0,0.6954536,0.7878437,2,0.3662283,0.7913247
3,16.3009,1479318655801.87,3,0.06907606,0.7227982,1,0.2762752,0.7864013,0,0.754009,0.6814368,2,0.604955,0.7005984
3,17.30109,1479318656802.22,3,0.08331418,0.5735487,1,0.1800721,0.7551956,0,0.6630685,0.8187521,2,0.6036189,0.6330276
3,18.30115,1479318657802.95,3,0.05067658,0.5742169,1,0.1681712,0.7805206,0,0.70508,0.2853031,2,0.3294232,0.789957
3,19.33441,1479318658835.28,3,0.06715512,0.576763,1,0.07189679,0.7890179,0,0.6865344,0.7885802,2,0.4483047,0.7227185
4,1,1,0,16.39276,18.15277,1479318657667.54,19.77277,1479318659301.11
5,3,1,0,2,0
3,20.33484,1479318659836.03,3,0.074718,0.7671132,1,0.314734,0.7659857,0,0.685401,0.6690992,2,0.4632363,0.7410339,0,-0.004472733,0.5770408
3,21.36798,1479318660868.48,3,0.05952168,0.7738964,1,0.4550695,0.6124585,0,0.80865,0.8003175,2,0.6241803,0.7003292,0,0.07046843,0.5691525
3,22.40161,1479318661905.3,3,0.2098203,0.7827247,1,0.4606628,0.6465341,0,0.752903,0.8967879,2,0.6531363,0.6313254,0,0.8310032,0.7263412
3,23.43585,1479318662937.35,3,0.2109432,0.7836351,1,0.3705459,0.8511341,0,0.7194314,0.8390788,2,0.5252652,0.7197679,0,0.9397111,0.7287943
3,24.4682,1479318663968.75,3,0.05924129,0.6546543,1,0.3955202,0.7785918,0,0.6955252,0.7272908,2,0.5282865,0.6861598,0,0.7959299,0.5746214
3,25.50165,1479318665002.79,3,0.1397405,0.6460548,1,0.2831364,0.7164051,0,0.6746235,0.8915817,2,0.469059,0.2439132,0,0.8535643,0.8391625
4,1,1,2,22.39276,25.31274,1479318664834.79,25.77277,1479318665301.78
3,26.53564,1479318666037.48,3,0.1990757,0.7031773,1,0.3383512,0.776701,0,0.6666365,0.8120357,2,0.5170608,0.8031323,0,0.8905616,0.7478695
3,27.56866,1479318667069.5,3,0.2072344,0.7624547,1,0.3569307,0.7656954,0,0.7441368,0.7895787,2,0.5171652,0.8138416,0,0.8888798,0.7383037
3,28.57007,1479318668070.76,3,0.05957651,0.7251199,1,0.4433923,0.7195565,0,0.7813945,0.7730194,2,0.5971045,0.7459281,0,0.9283895,0.7523627
3,29.60181,1479318669103.96,3,0.1875739,0.6649703,1,0.3661389,0.7556993,0,0.7324753,0.777363,2,0.5405388,0.7196236,0,0.8472276,0.5331385
3,30.60187,1479318670102.9,3,0.07221794,0.6544346,1,0.3074102,0.6943887,0,0.7807379,0.7056653,2,0.5183969,0.7368974,0,0.9430823,0.7103003
3,31.63525,1479318671136.59,3,0.05932856,0.6750423,1,0.1937852,0.7747911,0,0.73809,0.6578905,2,0.5017595,0.7499216,0,0.9055619,0.6886075
4,1,1,0,28.39276,29.65277,1479318669168.51,31.77277,1479318671301.7
3,32.63568,1479318672136.94,3,0.08433247,0.6880806,1,0.2419586,0.759846,0,0.5665283,0.8131859,2,0.4212899,0.7248893,0,0.8937478,0.7691795
3,33.63623,1479318673137.43,3,0.1386728,0.7747474,1,0.3334298,0.8028188,0,0.5394893,0.7941272,2,0.4325814,0.6769426,0,0.7578645,0.7854779
3,34.66858,1479318674169.58,3,0.1082697,0.6550382,1,0.3268366,0.7801065,0,0.6516109,0.8319191,2,0.4875374,0.7686553,0,0.8571315,0.7419986
3,35.66864,1479318675169.51,3,0.2587214,0.7245881,1,0.4168253,0.6618788,0,0.7491851,0.8003239,2,0.5960541,0.6394371,0,0.9038477,0.795265
3,36.66876,1479318676169.37,3,0.3407869,0.7416124,1,0.4515986,0.6072882,0,0.5431252,0.7652686,2,0.5766983,0.4972402,0,0.8423119,0.7246931
3,37.66895,1479318677170.42,3,0.266665,0.7763109,1,0.3856673,0.6096333,0,0.6628876,0.7707527,2,0.5082045,0.7219296,0,0.7902622,0.6243558
4,1,1,2,34.39276,35.95276,1479318675469.64,37.77277,1479318677302.77
5,3,1,0,2,0,2
3,38.70215,1479318678203.97,3,0.2134871,0.7253504,1,0.3514833,0.8028194,0,0.6422091,0.6920565,2,0.50807,0.781114,0,0.8808689,0.6078029,2,0.04843283,0.5168711
3,39.703,1479318679204.87,3,0.2005558,0.6904063,1,0.3437653,0.773837,0,0.724226,0.7064273,2,0.5665588,0.6805573,0,0.8816252,0.7840425,2,0.09662914,0.5504205
3,40.73578,1479318680236.8,3,0.2444353,0.6411593,1,0.381382,0.7816116,0,0.7701273,0.6711255,2,0.6000748,0.5797027,0,0.919198,0.7220394,2,0.5417032,0.79234
3,41.7691,1479318681270.26,3,0.0813818,0.7477696,1,0.3499346,0.7203196,0,0.7568092,0.6220361,2,0.6070471,0.5676352,0,0.9153328,0.684,2,0.5831652,0.7856442
3,42.76917,1479318682270.1,3,0.551054,0.2983574,1,0.3053427,0.7590346,0,0.7477655,0.5974647,2,0.5997047,0.5627505,0,0.8771048,0.772961,2,0.5768576,0.7600431
3,43.76917,1479318683270.42,3,0.1031065,0.7700781,1,0.3084784,0.7075952,0,0.8344526,0.6254618,2,0.6180716,0.5881863,0,0.9471378,0.7569076,2,0.5679197,0.776303
4,1,1,3,40.39276,42.45276,1479318681969.05,43.77277,1479318683302.95
3,44.76929,1479318684270.11,3,0.06843472,0.7024302,1,0.2497358,0.6748211,0,0.8944902,0.5646197,2,0.6973982,0.6391524,0,0.9494686,0.7773272,2,0.4252119,0.6855209
3,45.76935,1479318685270.07,3,0.06509018,0.6032706,1,0.235652,0.6314925,0,0.9236088,0.6328567,2,0.5325623,0.790836,0,0.7516174,0.7504842,2,0.3785725,0.7902274
3,46.76941,1479318686269.97,3,0.1374273,0.6220072,1,0.2859097,0.5656088,0,0.9429274,0.7504519,2,0.5096245,0.6796257,0,0.6573019,0.7750146,2,0.3434162,0.750073
3,47.77148,1479318687272.35,3,0.04654217,0.5780584,1,0.2500315,0.6522925,0,0.8445053,0.7407803,2,0.5031538,0.6471126,0,0.70222,0.7608616,2,0.3475571,0.8038159
3,48.80273,1479318688303.79,3,0.1418524,0.6518582,1,0.6224728,0.3059793,0,0.9285765,0.74698,2,0.3954363,0.5686531,0,0.6425571,0.6905119,2,0.4735146,0.7586429
4,1,1,1,46.39276,48.57275,1479318688102.57,49.77277,1479318689303.02
3,49.80292,1479318689307.67,3,0.169096,0.7461317,1,0.2172356,0.5569975,0,0.8407068,0.6009253,2,0.3716316,0.7328023,0,0.6364689,0.6344798,2,0.5199852,0.7598541
3,50.80292,1479318690303.84,3,0.08300591,0.8531439,1,0.1965008,0.7169027,0,0.9437275,0.6469795,2,0.3432627,0.7569548,0,0.7424183,0.5731689,2,0.6191635,0.6949384
3,51.8031,1479318691304.54,3,0.1137619,0.7322192,1,0.2814884,0.7553508,0,0.9337444,0.7279892,2,0.4508591,0.7253894,0,0.7173357,0.7029929,2,0.601346,0.577341
3,52.8363,1479318692337.5,3,0.1041431,0.5951883,1,0.2932825,0.7656699,0,0.8523378,0.7261255,2,0.4502764,0.6350111,0,0.715435,0.8385114,2,0.5696802,0.792692
3,53.83649,1479318693338.18,3,0.1334152,0.7216518,1,0.3455505,0.6793017,0,0.9428453,0.5937142,2,0.4879007,0.5741699,0,0.732173,0.7955367,2,0.5362692,0.7731066
3,54.86987,1479318694371.01,3,0.2320623,0.7838429,1,0.3113737,0.5817844,0,0.8861074,0.5711969,2,0.4848042,0.5540652,0,0.781147,0.7145965,2,0.456111,0.7328958
4,1,1,2,52.39276,54.05273,1479318693569.47,55.77277,1479318695303.05
5,3,1,0,2,0,2,0
3,55.90314,1479318695404.31,3,0.2433805,0.7833931,1,0.2783947,0.58705,0,0.9131269,0.565916,2,0.4779615,0.7327511,0,0.822958,0.7252958,2,0.6191616,0.7991901,0,-0.02638435,0.3786994
3,56.90332,1479318696404.63,3,0.1346874,0.7291355,1,0.3934174,0.7856773,0,0.898262,0.5748639,2,0.5568409,0.8122823,0,0.8656025,0.7786043,2,0.7154388,0.706009,0,0.04966736,0.5361494
3,57.9035,1479318697404.98,3,0.2023191,0.615533,1,0.3806095,0.7075781,0,0.9597244,0.5903248,2,0.5434246,0.7643187,0,0.8658628,0.7756877,2,0.7184267,0.7397153,0,0.8100529,0.5811538
3,58.93665,1479318698438,3,0.1383848,0.6561969,1,0.3061409,0.6765893,0,0.955307,0.6103675,2,0.4989109,0.6987079,0,0.8577003,0.7681084,2,0.638279,0.6257173,0,0.8085842,0.5704682
3,59.93671,1479318699438.4,3,0.073349,0.5739167,1,0.129427,0.7612323,0,0.909297,0.6725618,2,0.4248085,0.6526714,0,0.7819242,0.8085936,2,0.6283045,0.6768556,0,0.7683725,0.605317
3,60.97089,1479318700472.01,3,0.3483534,0.2710525,1,0.2593594,0.7136025,0,0.8945141,0.7728565,2,0.3776655,0.568124,0,0.7556448,0.8474638,2,0.4888124,0.7810791,0,0.7877817,0.632377
4,1,1,3,58.39276,60.45276,1479318699970.02,61.77277,1479318701303.6
3,62.00348,1479318701504.74,3,0.08117771,0.7703487,1,0.3410511,0.7629935,0,0.940711,0.7252468,2,0.5052938,0.6824722,0,0.7953491,0.7731941,2,0.4908562,0.8813813,0,0.8503723,0.5669225
3,63.00354,1479318702504.49,3,0.022789,0.7082073,1,0.1716127,0.7303419,0,0.9449987,0.7943323,2,0.4668541,0.6718609,0,0.7972965,0.7615569,2,0.5812521,0.8535054,0,0.8822327,0.5899004
3,64.00366,1479318703504.73,3,0.09409237,0.6441143,1,0.2741623,0.6203521,0,0.9395981,0.7803494,2,0.4564791,0.7976763,0,0.7678719,0.825624,2,0.6178837,0.7812977,0,0.8344183,0.6382563
3,65.00372,1479318704505.64,3,0.147954,0.6115413,1,0.271924,0.6349712,0,0.9307251,0.7704546,2,0.3664446,0.7889099,0,0.7473421,0.8498497,2,0.555748,0.6966901,0,0.8034973,0.6647661
3,66.00391,1479318705505.48,3,0.06722736,0.565077,1,0.07573605,0.7724972,0,0.9366093,0.743133,2,0.2873859,0.6982937,0,0.6882057,0.791641,2,0.5387182,0.5763004,0,0.803257,0.6040686
3,67.03711,1479318706538.32,3,0.07623291,0.5559937,1,0.09667206,0.7744533,0,0.952136,0.7674592,2,0.2182503,0.6456558,0,0.7170296,0.7003286,2,0.5008812,0.573784,0,0.8784561,0.5768361
4,1,1,0,64.39276,66.21277,1479318705737.21,67.77277,1479318707303.6
3,68.03741,1479318707538.54,3,0.06562424,0.5657297,1,0.06517029,0.7811815,0,0.8954983,0.7469785,2,0.3184748,0.5694373,0,0.7395401,0.7843797,2,0.5808716,0.7681858,0,0.6809902,0.5699629
3,69.0376,1479318708539.22,3,0.2489939,0.7884743,1,0.09053135,0.8122032,0,0.9210796,0.6334198,2,0.4776974,0.857384,0,0.7877102,0.7268735,2,0.6146193,0.776499,0,0.5288115,0.6069204
3,70.0708,1479318709571.9,3,0.3647766,0.7965719,1,0.2134094,0.707108,0,0.9146624,0.5696447,2,0.5167494,0.8373156,0,0.7795868,0.6557443,2,0.6582747,0.7724946,0,0.5158405,0.5817323
3,71.104,1479318710605.08,3,0.3452597,0.7766622,1,0.1279211,0.7503354,0,0.9463043,0.6402527,2,0.4949436,0.7853014,0,0.7893448,0.6896045,2,0.6431799,0.7574287,0,0.5721807,0.5751166
3,72.10431,1479318711605.95,3,0.2424059,0.6490903,1,0.07170868,0.766664,0,0.9274817,0.6476001,2,0.4945068,0.7699142,0,0.7779312,0.6585847,2,0.642168,0.803048,0,0.6354895,0.585407
3,73.10449,1479318712605.76,3,0.2340565,0.7057374,1,0.4653368,0.2746062,0,0.9315567,0.5794507,2,0.4917622,0.7460377,0,0.7898474,0.6840441,2,0.6476355,0.7667945,0,0.6374245,0.5676009
3,74.10461,1479318713606.38,3,0.1774235,0.800567,1,0.09965134,0.6528664,0,0.9020119,0.56371,2,0.3773975,0.5983325,0,0.7470436,0.569568,2,0.582407,0.7547931,0,0.5977516,0.5538993
3,75.13763,1479318714639.14,3,0.1591139,0.7973426,1,0.05500317,0.6538308,0,0.7982712,0.6830571,2,0.2584572,0.643388,0,0.6647034,0.5579244,2,0.6539879,0.7572419,0,0.4524918,0.6223235
3,76.1377,1479318715639.09,3,0.1751795,0.7666714,1,0.08749676,0.5663546,0,0.8846159,0.7613693,2,0.2843361,0.6158549,0,0.6996918,0.5736481,2,0.6958542,0.7831309,0,0.467988,0.7296492
3,77.17096,1479318716671.4,3,0.1518965,0.7686527,1,0.05260944,0.5864783,0,0.9026451,0.6850522,2,0.324193,0.914423,0,0.761095,0.620011,2,0.6033993,0.7242406,0,0.4475088,0.6647929
3,78.1712,1479318717671.93,3,0.1665316,0.7498931,1,0.07718182,0.580835,0,0.9357548,0.5883216,2,0.3509665,0.8170905,0,0.6514874,0.5811902,2,0.5803661,0.3128798,0,0.3655472,0.6123563
3,79.17126,1479318718672.4,3,0.2181129,0.7446051,1,0.1142416,0.5687386,0,0.9115314,0.6557025,2,0.3670769,0.7649518,0,0.5459862,0.6380784,2,0.5503445,0.3865559,0,0.3850594,0.5665566
4,1,1,2,76.39276,78.17273,1479318717704.1,79.77277,1479318719304.39
5,3,1,0,2,0,2,0,2
3,80.17139,1479318719672.25,3,0.2608395,0.7207487,1,0.08398819,0.5988465,0,0.8459091,0.7694536,2,0.4086056,0.7770471,0,0.5586224,0.7348462,2,0.2620831,0.1794009,0,0.3913689,0.5779815,2,-0.002994537,0.4312119
3,81.20459,1479318720705.79,3,0.2183704,0.647545,1,0.0541687,0.6617185,0,0.9349022,0.6827624,2,0.3521366,0.7767232,0,0.6662159,0.6796811,2,0.1517696,0.3199409,0,0.358202,0.575942,2,0.04714394,0.4622794
