%Recollect Version 2.3. Scene/Level: , Session: 9, GameNumber: 0
%Note: All true/false values are represented as "1" and "0" respectively.
%Damage:1,Player X Position,Player Y Position,Hearts Left,Time (Relative),Time (Absolute)
%LameBackObject:Algorithm Condition,Trial Number,Current N Level,Lure Rate,Is Correct,Stimulus Type,Stimulus Color,Presentation Time (R),Presentation Time (A),Response Time (R),Response Time (A),Expire Time (R),Expire Time (A)
%Possible values for "Color":Red=0,Blue=1,Green=2,Yellow=3,Purple=4,LightBlue=5,Brown=6,White=7,
%Possible values for "Type":NonTarget=0,Target=1,Lure=2,lessThanN=3,
8,1,2,0.3,1,3,0,3.187012,1486770212852,-1,-1,2.620728,1486770212286
8,2,2,0.3,1,3,3,6.220947,1486770215886,-1,-1,5.687134,1486770215355
8,3,2,0.3,1,2,3,9.320557,1486770218985,-1,-1,8.754028,1486770218421
8,4,2,0.3,1,0,2,12.35425,1486770222019,-1,-1,11.8208,1486770221488
8,5,2,0.3,1,0,1,15.3877,1486770225053,-1,-1,14.85437,1486770224523
8,6,2,0.3,1,1,2,18.45459,1486770228119,19.52124,1486770229186,17.88782,1486770227555
8,7,2,0.3,1,1,1,21.48889,1486770231154,22.45483,1486770232120,20.95471,1486770230622
8,8,2,0.3,1,1,2,24.55554,1486770234221,25.25513,1486770234920,24.02161,1486770233689
8,9,2,0.3,1,2,2,27.65491,1486770237320,-1,-1,27.0885,1486770236756
8,10,2,0.3,1,2,1,30.72192,1486770240387,-1,-1,30.15515,1486770239824
8,11,2,0.3,1,0,0,33.7561,1486770243421,-1,-1,33.22205,1486770242890
8,12,2,0.3,1,2,2,36.85571,1486770246521,-1,-1,36.28894,1486770245957
8,13,2,0.3,1,1,0,39.92249,1486770249587,40.88916,1486770250554,39.38892,1486770249056
8,14,2,0.3,1,0,3,42.95593,1486770252621,-1,-1,42.42261,1486770252090
8,15,2,0.3,1,0,1,45.98962,1486770255654,-1,-1,45.45605,1486770255124
8,16,2,0.3,1,0,2,49.08972,1486770258755,-1,-1,48.52295,1486770258191
8,17,2,0.3,1,2,2,52.18982,1486770261855,-1,-1,51.62305,1486770261293
8,18,2,0.3,1,0,0,55.22339,1486770264888,-1,-1,54.69104,1486770264359
8,19,2,0.3,1,1,2,58.29016,1486770267955,59.55713,1486770269222,57.75671,1486770267424
8,20,2,0.3,1,1,0,61.35681,1486770271022,62.09045,1486770271756,60.79077,1486770270458
8,21,2,0.3,1,0,1,64.3905,1486770274055,-1,-1,63.85706,1486770273526
8,22,2,0.3,1,2,1,67.45728,1486770277122,-1,-1,66.89063,1486770276558
8,1,2,0.3,1,3,3,72.2915,1486770281956,-1,-1,71.79089,1486770281456
8,2,2,0.3,1,3,0,75.05774,1486770284723,-1,-1,74.55774,1486770284225
8,3,2,0.3,1,1,3,77.82458,1486770287489,78.625,1486770288290,77.32446,1486770286992
8,4,2,0.3,1,0,2,80.59131,1486770290256,-1,-1,80.09131,1486770289760
8,5,2,0.3,1,2,2,83.35815,1486770293023,-1,-1,82.85803,1486770292526
8,6,2,0.3,1,1,2,86.125,1486770295790,86.72522,1486770296390,85.625,1486770295294
8,7,2,0.3,1,1,2,88.89185,1486770298557,89.55872,1486770299224,88.39185,1486770298059
8,8,2,0.3,1,0,3,91.65869,1486770301324,-1,-1,91.15881,1486770300826
8,9,2,0.3,1,1,2,94.42554,1486770304090,95.22571,1486770304891,93.92542,1486770303593
8,10,2,0.3,1,2,2,97.19275,1486770306858,-1,-1,96.69238,1486770306361
8,11,2,0.3,1,0,0,99.95923,1486770309624,-1,-1,99.45898,1486770309126
8,12,2,0.3,1,0,3,102.726,1486770312391,-1,-1,102.226,1486770311893
8,13,2,0.3,1,1,0,105.4928,1486770315158,106.3596,1486770316025,104.9927,1486770314660
8,14,2,0.3,1,2,0,108.2596,1486770317924,-1,-1,107.7596,1486770317427
8,15,2,0.3,1,0,2,111.0267,1486770320692,-1,-1,110.5264,1486770320196
8,16,2,0.3,1,0,3,113.7932,1486770323458,-1,-1,113.2931,1486770322961
8,17,2,0.3,1,1,2,116.5601,1486770326225,117.4279,1486770327093,116.0601,1486770325728
8,18,2,0.3,1,2,2,119.3269,1486770328992,-1,-1,118.8269,1486770328494
8,19,2,0.3,1,2,3,122.0938,1486770331759,-1,-1,121.5936,1486770331261
8,20,2,0.3,1,2,3,124.8611,1486770334526,-1,-1,124.3605,1486770334029
8,21,2,0.3,1,0,1,127.6273,1486770337292,-1,-1,127.1273,1486770336795
8,22,2,0.3,1,0,0,130.3942,1486770340059,-1,-1,129.8942,1486770339562
8,1,2,0.3,1,3,2,134.1943,1486770343859,-1,-1,133.7614,1486770343427
8,2,2,0.3,1,3,0,136.6611,1486770346326,-1,-1,136.2278,1486770345895
8,3,2,0.3,1,2,0,139.1281,1486770348793,-1,-1,138.6947,1486770348362
8,4,2,0.3,1,2,3,141.5948,1486770351260,-1,-1,141.1616,1486770350831
8,5,2,0.3,1,2,3,144.0616,1486770353727,-1,-1,143.6283,1486770353296
8,6,2,0.3,1,0,1,146.5286,1486770356193,-1,-1,146.0951,1486770355763
8,7,2,0.3,0,1,3,148.9952,1486770358660,-1,-1,148.5619,1486770358229
8,8,2,0.3,1,2,3,151.462,1486770361127,-1,-1,151.0289,1486770360698
8,9,2,0.3,1,0,0,153.929,1486770363594,-1,-1,153.4955,1486770363165
8,10,2,0.3,1,0,1,156.3956,1486770366061,-1,-1,155.9625,1486770365630
8,11,2,0.3,1,1,0,158.8624,1486770368527,159.5957,1486770369261,158.4291,1486770368096
8,12,2,0.3,1,0,3,161.3292,1486770370994,-1,-1,160.8959,1486770370565
8,13,2,0.3,1,0,2,163.796,1486770373461,-1,-1,163.3627,1486770373029
8,14,2,0.3,1,0,1,166.2628,1486770375928,-1,-1,165.8295,1486770375498
8,15,2,0.3,1,2,1,168.7297,1486770378395,-1,-1,168.2965,1486770377964
8,16,2,0.3,1,1,1,171.1964,1486770380861,171.7966,1486770381462,170.7631,1486770380432
8,17,2,0.3,1,1,1,173.6633,1486770383328,174.2299,1486770383895,173.23,1486770382897
8,18,2,0.3,1,1,1,176.1302,1486770385796,176.7637,1486770386429,175.6968,1486770385364
8,19,2,0.3,1,0,2,178.5969,1486770388262,-1,-1,178.1646,1486770387832
8,20,2,0.3,1,2,2,181.0637,1486770390729,-1,-1,180.6305,1486770390299
8,21,2,0.3,1,0,0,183.5305,1486770393195,-1,-1,183.0972,1486770392764
8,22,2,0.3,1,1,2,185.9972,1486770395662,186.6982,1486770396363,185.5646,1486770395232
8,1,2,0.3,1,3,0,189.6642,1486770399329,-1,-1,189.2643,1486770398930
8,2,2,0.3,1,3,3,191.8976,1486770401562,-1,-1,191.4976,1486770401165
8,3,2,0.3,1,2,3,194.1311,1486770403796,-1,-1,193.7317,1486770403400
8,4,2,0.3,1,2,0,196.3645,1486770406029,-1,-1,195.9647,1486770405633
8,5,2,0.3,1,0,1,198.5979,1486770408263,-1,-1,198.198,1486770407866
8,6,2,0.3,1,2,1,200.8314,1486770410496,-1,-1,200.4319,1486770410099
8,7,2,0.3,1,2,0,203.0649,1486770412730,-1,-1,202.6649,1486770412333
8,8,2,0.3,1,0,2,205.2985,1486770414963,-1,-1,204.8983,1486770414568
8,9,2,0.3,0,2,1,207.5321,1486770417197,208.3322,1486770417997,207.1318,1486770416799
8,10,2,0.3,1,0,3,209.7653,1486770419430,-1,-1,209.3652,1486770419033
8,11,2,0.3,1,0,0,211.9988,1486770421664,-1,-1,211.5989,1486770421267
8,12,2,0.3,1,2,0,214.2322,1486770423897,-1,-1,213.8323,1486770423500
8,13,2,0.3,0,0,1,216.4656,1486770426130,217.2998,1486770426966,216.0656,1486770425734
8,14,2,0.3,1,1,0,218.7,1486770428365,219.3325,1486770428998,218.2991,1486770427968
8,15,2,0.3,1,0,2,220.9326,1486770430597,-1,-1,220.5326,1486770430200
8,16,2,0.3,1,1,0,223.166,1486770432831,224.0997,1486770433765,222.7661,1486770432434
8,17,2,0.3,1,0,3,225.3995,1486770435064,-1,-1,224.9995,1486770434667
8,18,2,0.3,1,0,1,227.6331,1486770437298,-1,-1,227.2329,1486770436900
8,19,2,0.3,1,1,3,229.8665,1486770439531,231.1998,1486770440866,229.4669,1486770439137
8,20,2,0.3,1,1,1,232.1,1486770441765,232.8008,1486770442466,231.6998,1486770441368
8,21,2,0.3,1,1,3,234.3334,1486770443998,235.4668,1486770445132,233.9333,1486770443601
8,22,2,0.3,1,1,1,236.5668,1486770446232,237.3671,1486770447032,236.1669,1486770445834
8,1,2,0.3,1,3,2,240.0004,1486770449665,-1,-1,239.6672,1486770449333
8,2,2,0.3,1,3,1,242.0006,1486770451665,-1,-1,241.6678,1486770451336
8,3,2,0.3,1,0,3,244.0006,1486770453665,-1,-1,243.6672,1486770453335
8,4,2,0.3,1,1,1,246.0007,1486770455666,246.701,1486770456366,245.668,1486770455335
8,5,2,0.3,1,1,3,248.0009,1486770457666,249.0012,1486770458666,247.6675,1486770457335
8,6,2,0.3,1,2,3,250.0009,1486770459666,-1,-1,249.6678,1486770459336
8,7,2,0.3,1,0,0,252.0012,1486770461666,-1,-1,251.6677,1486770461335
8,8,2,0.3,1,0,1,254.0012,1486770463666,-1,-1,253.6677,1486770463337
8,9,2,0.3,1,1,0,256.0018,1486770465667,256.8014,1486770466466,255.6678,1486770465335
8,10,2,0.3,0,2,0,258.0013,1486770467666,259.1016,1486770468767,257.668,1486770467335
8,11,2,0.3,1,0,3,260.002,1486770469667,-1,-1,259.6681,1486770469337
8,12,2,0.3,1,0,1,262.0016,1486770471666,-1,-1,261.6682,1486770471336
8,13,2,0.3,1,2,1,264.0017,1486770473667,-1,-1,263.6683,1486770473338
8,14,2,0.3,1,1,1,266.0018,1486770475667,266.7354,1486770476400,265.6686,1486770475336
8,15,2,0.3,1,1,1,268.002,1486770477667,268.6019,1486770478267,267.6687,1486770477337
8,16,2,0.3,1,0,2,270.0021,1486770479667,-1,-1,269.6688,1486770479336
8,17,2,0.3,1,2,2,272.0021,1486770481667,-1,-1,271.6688,1486770481337
8,18,2,0.3,1,2,1,274.0022,1486770483668,-1,-1,273.6689,1486770483338
8,19,2,0.3,1,0,3,276.0023,1486770485667,-1,-1,275.6691,1486770485336
8,20,2,0.3,1,2,3,278.0024,1486770487667,-1,-1,277.6692,1486770487337
8,21,2,0.3,1,0,0,280.0024,1486770489667,-1,-1,279.6692,1486770489337
8,22,2,0.3,1,1,3,282.0027,1486770491668,282.9362,1486770492601,281.6693,1486770491337
8,1,2,0.3,1,3,3,285.0696,1486770494734,-1,-1,284.7365,1486770494402
8,2,2,0.3,1,3,2,286.903,1486770496568,-1,-1,286.5696,1486770496238
8,3,2,0.3,1,2,2,288.7365,1486770498400,-1,-1,288.403,1486770498069
8,4,2,0.3,1,0,1,290.5699,1486770500227,-1,-1,290.2366,1486770499898
8,5,2,0.3,1,0,3,292.4033,1486770502052,-1,-1,292.0699,1486770501723
8,6,2,0.3,1,0,0,294.2367,1486770503882,-1,-1,293.9033,1486770503551
8,7,2,0.3,1,2,1,296.0703,1486770505715,-1,-1,295.7372,1486770505386
8,8,2,0.3,1,2,3,297.9036,1486770507549,-1,-1,297.5709,1486770507218
8,9,2,0.3,1,0,2,299.7372,1486770509383,-1,-1,299.4037,1486770509052
8,10,2,0.3,1,1,3,301.5706,1486770511215,302.504,1486770512149,301.2371,1486770510885
8,11,2,0.3,1,0,0,303.4041,1486770513049,-1,-1,303.0706,1486770512719
8,12,2,0.3,1,2,2,305.2373,1486770514882,-1,-1,304.9039,1486770514553
8,13,2,0.3,1,1,0,307.0708,1486770516716,307.9048,1486770517550,306.7374,1486770516385
8,14,2,0.3,1,0,3,308.9042,1486770518549,-1,-1,308.5709,1486770518217
8,15,2,0.3,1,2,3,310.7377,1486770520381,-1,-1,310.4043,1486770520051
8,16,2,0.3,1,2,0,312.5714,1486770522215,-1,-1,312.2378,1486770521884
8,17,2,0.3,1,1,3,314.4045,1486770524048,315.5713,1486770525215,314.0712,1486770523718
8,18,2,0.3,1,1,0,316.2379,1486770525882,317.0713,1486770526715,315.9047,1486770525552
8,19,2,0.3,1,1,3,318.0714,1486770527716,318.7384,1486770528382,317.738,1486770527384
8,20,2,0.3,0,1,0,319.9048,1486770529549,-1,-1,319.5715,1486770529219
8,21,2,0.3,1,0,1,321.7384,1486770531382,-1,-1,321.4049,1486770531051
8,22,2,0.3,1,0,2,323.5718,1486770533216,-1,-1,323.2384,1486770532885
8,1,2,0.3,1,3,3,326.4052,1486770536049,-1,-1,326.1052,1486770535750
8,2,2,0.3,1,3,0,328.0387,1486770537683,-1,-1,327.739,1486770537385
8,3,2,0.3,1,1,3,329.6721,1486770539316,330.4056,1486770540050,329.3721,1486770539018
8,4,2,0.3,1,1,0,331.3055,1486770540949,332.473,1486770542117,331.0055,1486770540652
8,5,2,0.3,1,2,0,332.939,1486770542583,-1,-1,332.639,1486770542285
8,6,2,0.3,1,1,0,334.5724,1486770544216,335.3057,1486770544950,334.2723,1486770543920
8,7,2,0.3,1,1,0,336.2058,1486770545850,336.8727,1486770546517,335.9058,1486770545553
8,8,2,0.3,1,2,2,337.8391,1486770547483,-1,-1,337.5393,1486770547186
8,9,2,0.3,1,0,1,339.4727,1486770549116,-1,-1,339.1726,1486770548820
8,10,2,0.3,1,0,3,341.1061,1486770550750,-1,-1,340.806,1486770550453
8,11,2,0.3,1,0,0,342.7394,1486770552383,-1,-1,342.4393,1486770552087
8,12,2,0.3,1,2,1,344.3729,1486770554017,-1,-1,344.0729,1486770553719
8,13,2,0.3,1,2,1,346.0063,1486770555650,-1,-1,345.7064,1486770555353
8,14,2,0.3,1,0,3,347.6398,1486770557284,-1,-1,347.3396,1486770556986
8,15,2,0.3,1,0,2,349.2731,1486770558917,-1,-1,348.9731,1486770558620
8,16,2,0.3,1,1,3,350.9066,1486770560551,351.84,1486770561484,350.6066,1486770560254
8,17,2,0.3,1,0,0,352.5405,1486770562184,-1,-1,352.2402,1486770561888
8,18,2,0.3,1,2,0,354.1735,1486770563817,-1,-1,353.8735,1486770563520
8,19,2,0.3,1,1,0,355.8073,1486770565451,356.507,1486770566151,355.5068,1486770565153
8,20,2,0.3,1,0,2,357.4408,1486770567085,-1,-1,357.1403,1486770566787
8,21,2,0.3,1,0,3,359.0737,1486770568718,-1,-1,358.7737,1486770568420
8,22,2,0.3,0,2,3,360.7072,1486770570351,361.3071,1486770570951,360.4071,1486770570055
8,1,2,0.3,1,3,2,363.2739,1486770572918,-1,-1,363.0074,1486770572652
8,2,2,0.3,1,3,1,364.7407,1486770574385,-1,-1,364.474,1486770574120
8,3,2,0.3,1,2,1,366.2074,1486770575851,-1,-1,365.9407,1486770575587
8,4,2,0.3,1,0,0,367.6742,1486770577318,-1,-1,367.4075,1486770577054
8,5,2,0.3,1,1,1,369.1415,1486770578785,369.9076,1486770579552,368.8743,1486770578522
8,6,2,0.3,1,0,3,370.6077,1486770580251,-1,-1,370.3411,1486770579988
8,7,2,0.3,1,0,2,372.0745,1486770581718,-1,-1,371.8077,1486770581454
8,8,2,0.3,1,0,0,373.5411,1486770583185,-1,-1,373.2745,1486770582922
8,9,2,0.3,1,2,3,375.0078,1486770584652,-1,-1,374.7412,1486770584388
8,10,2,0.3,0,1,0,376.4747,1486770586119,-1,-1,376.208,1486770585856
8,11,2,0.3,1,1,3,377.9414,1486770587585,378.8419,1486770588486,377.6748,1486770587321
8,12,2,0.3,1,2,3,379.4083,1486770589052,-1,-1,379.1416,1486770588788
8,13,2,0.3,1,2,0,380.8749,1486770590519,-1,-1,380.6083,1486770590255
8,14,2,0.3,1,2,0,382.3418,1486770591986,-1,-1,382.0751,1486770591721
8,15,2,0.3,1,0,2,383.8085,1486770593452,-1,-1,383.5417,1486770593188
8,16,2,0.3,1,1,0,385.2754,1486770594919,386.1091,1486770595753,385.0087,1486770594657
8,17,2,0.3,1,1,2,386.7419,1486770596386,387.3424,1486770596986,386.4752,1486770596123
8,18,2,0.3,0,2,2,388.2087,1486770597853,388.9424,1486770598586,387.9419,1486770597589
8,19,2,0.3,1,1,2,389.6754,1486770599319,390.6091,1486770600253,389.4088,1486770599056
8,20,2,0.3,1,0,0,391.1421,1486770600786,-1,-1,390.8755,1486770600522
8,21,2,0.3,1,0,3,392.609,1486770602253,-1,-1,392.3423,1486770601990
8,22,2,0.3,1,0,1,394.0757,1486770603720,-1,-1,393.809,1486770603455
8,1,2,0.3,1,3,0,396.4425,1486770606086,-1,-1,396.1758,1486770605820
8,2,2,0.3,1,3,3,397.9094,1486770607553,-1,-1,397.6426,1486770607289
8,3,2,0.3,1,1,0,399.3761,1486770609020,399.9763,1486770609620,399.1094,1486770608756
8,4,2,0.3,1,2,0,400.8428,1486770610487,-1,-1,400.576,1486770610225
8,5,2,0.3,1,2,3,402.3097,1486770611953,-1,-1,402.0428,1486770611689
8,6,2,0.3,1,1,0,403.7769,1486770613421,404.7098,1486770614354,403.5095,1486770613156
8,7,2,0.3,1,2,0,405.243,1486770614887,-1,-1,404.9767,1486770614623
8,8,2,0.3,1,0,2,406.7098,1486770616354,-1,-1,406.443,1486770616089
8,9,2,0.3,1,0,1,408.1764,1486770617820,-1,-1,407.9098,1486770617556
8,10,2,0.3,1,1,2,409.6432,1486770619287,410.2098,1486770619854,409.3766,1486770619025
8,11,2,0.3,1,0,0,411.11,1486770620754,-1,-1,410.8433,1486770620490
8,12,2,0.3,1,2,1,412.5768,1486770622221,-1,-1,412.3101,1486770621956
8,13,2,0.3,1,0,3,414.0435,1486770623687,-1,-1,413.7767,1486770623423
8,14,2,0.3,1,0,2,415.5101,1486770625154,-1,-1,415.2435,1486770624890
8,15,2,0.3,0,2,1,416.9769,1486770626621,417.777,1486770627421,416.7107,1486770626359
8,16,2,0.3,1,0,0,418.4443,1486770628088,-1,-1,418.177,1486770627823
8,17,2,0.3,1,1,1,419.9106,1486770629554,420.7107,1486770630355,419.6438,1486770629290
8,18,2,0.3,1,1,0,421.3772,1486770631021,421.9773,1486770631621,421.1106,1486770630757
8,19,2,0.3,1,2,0,422.844,1486770632488,-1,-1,422.5773,1486770632224
8,20,2,0.3,1,1,0,424.3107,1486770633955,425.1115,1486770634755,424.0441,1486770633692
8,21,2,0.3,1,0,3,425.7775,1486770635421,-1,-1,425.5107,1486770635158
8,22,2,0.3,1,0,1,427.2443,1486770636888,-1,-1,426.9774,1486770636624
8,1,2,0.3,1,3,0,429.6443,1486770639288,-1,-1,429.411,1486770639056
8,2,2,0.3,1,3,3,430.9778,1486770640622,-1,-1,430.7444,1486770640391
8,3,2,0.3,1,2,3,432.3112,1486770641955,-1,-1,432.0779,1486770641724
8,4,2,0.3,1,0,0,433.6445,1486770643288,-1,-1,433.4113,1486770643059
8,5,2,0.3,1,2,0,434.978,1486770644622,-1,-1,434.7446,1486770644391
8,6,2,0.3,1,2,3,436.3115,1486770645956,-1,-1,436.0797,1486770645726
8,7,2,0.3,1,0,2,437.6448,1486770647289,-1,-1,437.4115,1486770647058
8,8,2,0.3,1,1,3,438.9781,1486770648622,439.7119,1486770649356,438.7449,1486770648391
8,9,2,0.3,1,1,2,440.3123,1486770649956,440.9116,1486770650556,440.0782,1486770649727
8,10,2,0.3,1,1,3,441.645,1486770651289,442.3119,1486770651956,441.4117,1486770651058
8,11,2,0.3,1,2,3,442.9791,1486770652623,-1,-1,442.7451,1486770652391
8,12,2,0.3,1,1,3,444.3118,1486770653956,445.1121,1486770654756,444.0785,1486770653725
8,13,2,0.3,1,2,0,445.6454,1486770655289,-1,-1,445.4119,1486770655059
8,14,2,0.3,1,0,1,446.9788,1486770656623,-1,-1,446.7454,1486770656393
8,15,2,0.3,1,0,2,448.312,1486770657956,-1,-1,448.0789,1486770657725
8,16,2,0.3,1,2,2,449.6455,1486770659289,-1,-1,449.4121,1486770659059
8,17,2,0.3,1,1,2,450.979,1486770660623,451.8458,1486770661490,450.7456,1486770660392
8,18,2,0.3,1,0,3,452.3123,1486770661956,-1,-1,452.0791,1486770661725
8,19,2,0.3,1,1,2,453.6456,1486770663289,454.6124,1486770664256,453.4124,1486770663059
8,20,2,0.3,1,0,0,454.9795,1486770664623,-1,-1,454.7458,1486770664394
8,21,2,0.3,1,0,1,456.3125,1486770665956,-1,-1,456.0795,1486770665726
8,22,2,0.3,1,0,3,457.6459,1486770667290,-1,-1,457.4126,1486770667059
8,1,2,0.3,1,3,0,459.8794,1486770669523,-1,-1,459.6467,1486770669291
8,2,2,0.3,1,3,1,461.1128,1486770670757,-1,-1,460.8798,1486770670526
8,3,2,0.3,1,0,2,462.3462,1486770671990,-1,-1,462.1135,1486770671761
8,4,2,0.3,1,0,0,463.5803,1486770673224,-1,-1,463.3463,1486770672993
8,5,2,0.3,1,2,0,464.8131,1486770674457,-1,-1,464.5797,1486770674226
8,6,2,0.3,1,0,3,466.0463,1486770675690,-1,-1,465.8134,1486770675460
8,7,2,0.3,1,1,0,467.2798,1486770676924,467.9799,1486770677624,467.0465,1486770676693
8,8,2,0.3,1,0,2,468.5132,1486770678157,-1,-1,468.2799,1486770677928
8,9,2,0.3,1,0,1,469.7465,1486770679390,-1,-1,469.5132,1486770679159
8,10,2,0.3,1,1,2,470.98,1486770680624,471.5802,1486770681224,470.7467,1486770680393
8,11,2,0.3,0,2,2,472.2134,1486770681857,472.947,1486770682591,471.9802,1486770681627
8,12,2,0.3,1,0,3,473.4468,1486770683091,-1,-1,473.2135,1486770682860
8,13,2,0.3,1,2,3,474.6803,1486770684324,-1,-1,474.4469,1486770684093
8,14,2,0.3,1,0,1,475.9136,1486770685557,-1,-1,475.6804,1486770685328
8,15,2,0.3,1,1,3,477.1471,1486770686791,477.8804,1486770687524,476.9137,1486770686560
8,16,2,0.3,1,2,3,478.3805,1486770688024,-1,-1,478.1471,1486770687793
8,17,2,0.3,1,1,3,479.6139,1486770689258,480.1473,1486770689791,479.3806,1486770689027
8,18,2,0.3,1,2,0,480.8473,1486770690491,-1,-1,480.6144,1486770690261
8,19,2,0.3,1,2,0,482.0807,1486770691724,-1,-1,481.8473,1486770691495
8,20,2,0.3,1,1,0,483.314,1486770692958,484.0143,1486770693658,483.0812,1486770692728
8,21,2,0.3,1,1,0,484.5475,1486770694191,485.381,1486770695025,484.3141,1486770693960
8,22,2,0.3,1,0,1,485.7809,1486770695425,-1,-1,485.5475,1486770695194
8,1,2,0.3,1,3,2,487.9476,1486770697591,-1,-1,487.7144,1486770697359
8,2,2,0.3,1,3,0,489.0811,1486770698725,-1,-1,488.8477,1486770698495
8,3,2,0.3,1,2,0,490.2145,1486770699858,-1,-1,489.9811,1486770699628
8,4,2,0.3,1,2,2,491.3478,1486770700992,-1,-1,491.1145,1486770700761
8,5,2,0.3,1,1,0,492.4812,1486770702125,493.2814,1486770702925,492.2478,1486770701895
8,6,2,0.3,1,2,0,493.6146,1486770703258,-1,-1,493.3812,1486770703027
8,7,2,0.3,1,0,3,494.748,1486770704392,-1,-1,494.5146,1486770704161
8,8,2,0.3,1,0,2,495.8822,1486770705526,-1,-1,495.6481,1486770705296
8,9,2,0.3,1,1,3,497.0148,1486770706659,497.8483,1486770707492,496.7815,1486770706428
8,10,2,0.3,1,2,3,498.1484,1486770707792,-1,-1,497.9148,1486770707561
8,11,2,0.3,1,0,1,499.2815,1486770708925,-1,-1,499.0483,1486770708695
8,12,2,0.3,1,0,0,500.415,1486770710059,-1,-1,500.1816,1486770709829
8,13,2,0.3,1,0,2,501.5485,1486770711193,-1,-1,501.3151,1486770710963
8,14,2,0.3,1,0,3,502.6824,1486770712326,-1,-1,502.4485,1486770712095
8,15,2,0.3,1,2,0,503.8152,1486770713459,-1,-1,503.5819,1486770713228
8,16,2,0.3,1,0,1,504.9487,1486770714593,-1,-1,504.7167,1486770714364
8,17,2,0.3,1,1,0,506.082,1486770715726,506.9155,1486770716560,505.8488,1486770715495
8,18,2,0.3,1,1,1,507.2155,1486770716859,507.8486,1486770717493,506.9819,1486770716630
8,19,2,0.3,0,1,0,508.3486,1486770717992,-1,-1,508.1162,1486770717763
8,20,2,0.3,1,1,1,509.4822,1486770719126,510.2488,1486770719893,509.2489,1486770718895
8,21,2,0.3,1,0,3,510.6156,1486770720259,-1,-1,510.3823,1486770720028
8,22,2,0.3,0,2,0,511.749,1486770721393,512.4496,1486770722094,511.5156,1486770721162
8,1,2,0.3,1,3,1,513.8157,1486770723460,-1,-1,513.5824,1486770723227
8,2,2,0.3,1,3,3,514.9492,1486770724593,-1,-1,514.7158,1486770724364
8,3,2,0.3,1,0,2,516.0825,1486770725726,-1,-1,515.8492,1486770725496
8,4,2,0.3,1,1,3,517.2159,1486770726860,518.083,1486770727727,516.9825,1486770726630
8,5,2,0.3,1,0,0,518.3494,1486770727993,-1,-1,518.1162,1486770727763
8,6,2,0.3,1,0,1,519.4828,1486770729127,-1,-1,519.2494,1486770728896
8,7,2,0.3,1,2,1,520.6166,1486770730260,-1,-1,520.3828,1486770730031
8,8,2,0.3,1,0,3,521.7496,1486770731393,-1,-1,521.5162,1486770731163
8,9,2,0.3,1,1,1,522.8828,1486770732527,523.5498,1486770733194,522.6497,1486770732296
8,10,2,0.3,1,2,1,524.0164,1486770733660,-1,-1,523.783,1486770733429
8,11,2,0.3,1,1,1,525.1501,1486770734794,525.7164,1486770735361,524.9164,1486770734564
8,12,2,0.3,1,0,2,526.2831,1486770735927,-1,-1,526.0497,1486770735697
8,13,2,0.3,1,1,1,527.4165,1486770737060,528.0834,1486770737727,527.1832,1486770736830
8,14,2,0.3,1,0,3,528.5498,1486770738194,-1,-1,528.3165,1486770737963
8,15,2,0.3,1,2,2,529.6833,1486770739327,-1,-1,529.4501,1486770739097
8,16,2,0.3,0,2,1,530.8167,1486770740461,531.4838,1486770741128,530.5834,1486770740230
8,17,2,0.3,1,1,2,531.9501,1486770741594,532.5839,1486770742228,531.7168,1486770741364
8,18,2,0.3,1,2,2,533.084,1486770742728,-1,-1,532.8502,1486770742499
8,19,2,0.3,1,2,1,534.2168,1486770743861,-1,-1,533.9835,1486770743630
8,20,2,0.3,1,1,2,535.3503,1486770744994,535.9839,1486770745628,535.1169,1486770744763
8,21,2,0.3,1,0,0,536.4838,1486770746128,-1,-1,536.2504,1486770745897
8,22,2,0.3,1,0,3,537.6171,1486770747261,-1,-1,537.384,1486770747031
8,1,2,0.3,1,3,3,539.6173,1486770749261,-1,-1,539.4508,1486770749095
8,2,2,0.3,1,3,0,540.584,1486770750228,-1,-1,540.4175,1486770750064
8,3,2,0.3,1,0,2,541.5508,1486770751195,-1,-1,541.3839,1486770751030
8,4,2,0.3,0,1,0,542.5173,1486770752161,-1,-1,542.3507,1486770751997
8,5,2,0.3,0,1,2,543.4841,1486770753128,-1,-1,543.3174,1486770752965
8,6,2,0.3,1,2,2,544.4508,1486770754095,-1,-1,544.2842,1486770753931
8,7,2,0.3,1,0,3,545.4175,1486770755061,-1,-1,545.2509,1486770754897
8,8,2,0.3,1,0,1,546.3843,1486770756028,-1,-1,546.2175,1486770755864
8,9,2,0.3,1,2,2,547.351,1486770756995,-1,-1,547.1843,1486770756831
8,10,2,0.3,1,1,1,548.3177,1486770757962,549.0513,1486770758695,548.151,1486770757798
8,11,2,0.3,1,2,1,549.2849,1486770758929,-1,-1,549.1178,1486770758766
8,12,2,0.3,1,1,1,550.2511,1486770759895,550.8513,1486770760495,550.0851,1486770759733
8,13,2,0.3,1,2,0,551.2179,1486770760862,-1,-1,551.0511,1486770760697
8,14,2,0.3,1,0,3,552.1847,1486770761828,-1,-1,552.0179,1486770761664
8,15,2,0.3,1,2,3,553.1512,1486770762795,-1,-1,552.9846,1486770762631
8,16,2,0.3,0,1,3,554.118,1486770763762,-1,-1,553.9513,1486770763598
8,17,2,0.3,0,1,3,555.0858,1486770764730,-1,-1,554.918,1486770764566
8,18,2,0.3,1,0,1,556.0515,1486770765696,-1,-1,555.8848,1486770765531
8,19,2,0.3,0,2,1,557.0183,1486770766662,557.5518,1486770767196,556.8516,1486770766499
8,20,2,0.3,1,0,2,557.985,1486770767629,-1,-1,557.8182,1486770767465
8,21,2,0.3,1,0,0,558.9517,1486770768595,-1,-1,558.7849,1486770768431
8,22,2,0.3,1,0,3,559.9185,1486770769562,-1,-1,559.7517,1486770769400
8,1,2,0.3,1,3,2,561.7185,1486770771362,-1,-1,561.5516,1486770771196
8,2,2,0.3,1,3,3,562.6852,1486770772329,-1,-1,562.5184,1486770772165
8,3,2,0.3,1,1,2,563.6519,1486770773296,564.1854,1486770773830,563.4852,1486770773132
8,4,2,0.3,1,1,3,564.6185,1486770774262,565.3191,1486770774963,564.452,1486770774099
8,5,2,0.3,1,0,1,565.5853,1486770775229,-1,-1,565.4187,1486770775066
8,6,2,0.3,1,2,1,566.552,1486770776196,-1,-1,566.3854,1486770776032
8,7,2,0.3,1,0,0,567.5194,1486770777163,-1,-1,567.3521,1486770776998
8,8,2,0.3,1,0,2,568.4857,1486770778130,-1,-1,568.3188,1486770777965
8,9,2,0.3,1,1,0,569.4523,1486770779096,570.1857,1486770779830,569.2855,1486770778932
8,10,2,0.3,1,2,0,570.4196,1486770780063,-1,-1,570.2523,1486770779900
8,11,2,0.3,1,0,1,571.3857,1486770781030,-1,-1,571.219,1486770780865
8,12,2,0.3,1,2,1,572.3524,1486770781996,-1,-1,572.1863,1486770781833
8,13,2,0.3,1,1,1,573.3195,1486770782963,573.8527,1486770783497,573.1525,1486770782799
8,14,2,0.3,1,0,0,574.2859,1486770783930,-1,-1,574.1191,1486770783767
8,15,2,0.3,1,2,0,575.2526,1486770784896,-1,-1,575.0861,1486770784733
8,16,2,0.3,1,1,0,576.2192,1486770785863,576.7194,1486770786363,576.0533,1486770785701
8,17,2,0.3,1,1,0,577.1862,1486770786830,577.7529,1486770787397,577.0193,1486770786666
8,18,2,0.3,1,2,3,578.1528,1486770787797,-1,-1,577.9861,1486770787632
8,19,2,0.3,1,2,3,579.1194,1486770788763,-1,-1,578.9528,1486770788599
8,20,2,0.3,1,0,1,580.0862,1486770789730,-1,-1,579.9196,1486770789566
8,21,2,0.3,1,0,2,581.0529,1486770790697,-1,-1,580.8862,1486770790534
8,22,2,0.3,1,0,0,582.0203,1486770791664,-1,-1,581.8534,1486770791500
8,1,2,0.3,1,3,0,583.8536,1486770793497,-1,-1,583.6865,1486770793332
8,2,2,0.3,1,3,2,584.7531,1486770794398,-1,-1,584.5864,1486770794233
8,3,2,0.3,1,0,3,585.6531,1486770795297,-1,-1,585.4866,1486770795133
8,4,2,0.3,1,2,3,586.5532,1486770796197,-1,-1,586.3865,1486770796035
8,5,2,0.3,1,1,3,587.4532,1486770797097,588.1199,1486770797764,587.2869,1486770796933
8,6,2,0.3,1,1,3,588.3533,1486770797997,588.9869,1486770798631,588.1866,1486770797833
8,7,2,0.3,1,0,0,589.2533,1486770798897,-1,-1,589.0867,1486770798733
8,8,2,0.3,1,0,1,590.1534,1486770799797,-1,-1,589.9868,1486770799634
8,9,2,0.3,1,0,2,591.0535,1486770800697,-1,-1,590.8867,1486770800533
8,10,2,0.3,1,1,1,591.954,1486770801598,592.5869,1486770802231,591.7869,1486770801435
8,11,2,0.3,1,0,0,592.8535,1486770802497,-1,-1,592.6869,1486770802333
8,12,2,0.3,1,2,2,593.7535,1486770803397,-1,-1,593.5869,1486770803233
8,13,2,0.3,1,2,2,594.6537,1486770804297,-1,-1,594.4873,1486770804134
8,14,2,0.3,1,2,0,595.5537,1486770805198,-1,-1,595.387,1486770805034
8,15,2,0.3,1,1,2,596.4536,1486770806098,596.4872,1486770806131,596.2871,1486770805935
8,16,2,0.3,0,1,0,597.3538,1486770806998,-1,-1,597.1871,1486770806834
8,17,2,0.3,1,0,3,598.2538,1486770807898,-1,-1,598.0875,1486770807735
8,18,2,0.3,1,0,1,599.1539,1486770808798,-1,-1,598.9872,1486770808635
8,19,2,0.3,1,2,0,600.054,1486770809698,-1,-1,599.8872,1486770809534
8,20,2,0.3,1,1,1,600.954,1486770810598,601.6543,1486770811298,600.7876,1486770810435
8,21,2,0.3,1,0,2,601.854,1486770811498,-1,-1,601.6874,1486770811334
8,22,2,0.3,1,2,2,602.7542,1486770812398,-1,-1,602.5874,1486770812234
8,1,2,0.3,1,3,1,604.5209,1486770814165,-1,-1,604.3549,1486770814000
8,2,2,0.3,1,3,0,605.4214,1486770815065,-1,-1,605.2543,1486770814901
8,3,2,0.3,1,1,1,606.3212,1486770815965,606.8878,1486770816532,606.1543,1486770815801
8,4,2,0.3,1,0,3,607.2216,1486770816865,-1,-1,607.0543,1486770816702
8,5,2,0.3,0,1,1,608.1211,1486770817765,-1,-1,607.9543,1486770817601
8,6,2,0.3,0,0,0,609.0217,1486770818666,609.1215,1486770818765,608.8545,1486770818501
8,7,2,0.3,1,1,1,609.9213,1486770819565,610.6212,1486770820265,609.7544,1486770819401
8,8,2,0.3,1,0,2,610.8213,1486770820465,-1,-1,610.6545,1486770820301
8,9,2,0.3,1,0,3,611.7213,1486770821365,-1,-1,611.5551,1486770821203
8,10,2,0.3,1,2,1,612.6213,1486770822265,-1,-1,612.4546,1486770822101
8,11,2,0.3,1,0,0,613.5214,1486770823165,-1,-1,613.3547,1486770823001
8,12,2,0.3,1,1,1,614.4214,1486770824065,615.088,1486770824732,614.2548,1486770823901
8,13,2,0.3,1,2,1,615.3215,1486770824965,-1,-1,615.1549,1486770824801
8,14,2,0.3,1,2,0,616.2216,1486770825865,-1,-1,616.0547,1486770825703
8,15,2,0.3,1,1,1,617.1216,1486770826765,617.7216,1486770827366,616.9548,1486770826601
8,16,2,0.3,1,2,1,618.0216,1486770827665,-1,-1,617.855,1486770827501
8,17,2,0.3,1,0,3,618.9218,1486770828566,-1,-1,618.7551,1486770828401
8,18,2,0.3,1,2,3,619.8217,1486770829466,-1,-1,619.6554,1486770829303
8,19,2,0.3,1,0,2,620.7223,1486770830366,-1,-1,620.5551,1486770830202
8,20,2,0.3,1,0,0,621.6218,1486770831266,-1,-1,621.4552,1486770831104
8,21,2,0.3,1,2,0,622.5219,1486770832166,-1,-1,622.3552,1486770832002
8,22,2,0.3,1,1,0,623.4219,1486770833066,624.0887,1486770833733,623.2552,1486770832902
8,1,2,0.3,1,3,3,625.1554,1486770834799,-1,-1,624.9891,1486770834634
8,2,2,0.3,1,3,2,625.9888,1486770835633,-1,-1,625.822,1486770835469
8,3,2,0.3,1,0,1,626.8221,1486770836466,-1,-1,626.6554,1486770836303
8,4,2,0.3,1,0,3,627.6555,1486770837300,-1,-1,627.4889,1486770837135
8,5,2,0.3,1,2,2,628.489,1486770838133,-1,-1,628.3221,1486770837969
8,6,2,0.3,1,0,0,629.3223,1486770838966,-1,-1,629.1556,1486770838802
8,7,2,0.3,0,2,3,630.1556,1486770839799,630.8228,1486770840467,629.9891,1486770839635
8,8,2,0.3,1,0,1,630.989,1486770840633,-1,-1,630.8228,1486770840472
8,9,2,0.3,1,2,0,631.8226,1486770841467,-1,-1,631.6561,1486770841303
8,10,2,0.3,0,1,1,632.6556,1486770842300,-1,-1,632.4893,1486770842135
8,11,2,0.3,1,1,0,633.4891,1486770843133,634.0559,1486770843700,633.3224,1486770842969
8,12,2,0.3,1,0,3,634.3226,1486770843966,-1,-1,634.1559,1486770843802
8,13,2,0.3,1,1,0,635.1559,1486770844800,635.8225,1486770845467,634.9894,1486770844636
8,14,2,0.3,1,0,2,635.9894,1486770845633,-1,-1,635.8225,1486770845471
8,15,2,0.3,1,0,1,636.8226,1486770846467,-1,-1,636.6561,1486770846303
8,16,2,0.3,1,2,0,637.656,1486770847300,-1,-1,637.4894,1486770847137
8,17,2,0.3,1,1,1,638.4895,1486770848133,639.1564,1486770848800,638.3228,1486770847970
8,18,2,0.3,1,2,1,639.323,1486770848967,-1,-1,639.1564,1486770848804
8,19,2,0.3,1,1,1,640.1563,1486770849800,640.7898,1486770850434,639.9895,1486770849637
8,20,2,0.3,1,0,2,640.9896,1486770850633,-1,-1,640.8229,1486770850469
8,21,2,0.3,1,1,1,641.8231,1486770851467,642.4573,1486770852101,641.6563,1486770851303
8,22,2,0.3,1,2,1,642.6564,1486770852300,-1,-1,642.49,1486770852136
8,1,2,0.3,1,3,0,644.4731,1486770854117,-1,-1,644.3063,1486770853951
8,2,2,0.3,1,3,2,645.3065,1486770854950,-1,-1,645.1401,1486770854787
8,3,2,0.3,1,2,2,646.1399,1486770855784,-1,-1,645.9731,1486770855620
8,4,2,0.3,1,0,1,646.9731,1486770856617,-1,-1,646.8066,1486770856453
8,5,2,0.3,1,2,1,647.8066,1486770857450,-1,-1,647.6426,1486770857289
8,6,2,0.3,1,1,1,648.6401,1486770858284,649.274,1486770858918,648.4734,1486770858120
8,7,2,0.3,1,2,2,649.4734,1486770859117,-1,-1,649.3073,1486770858954
8,8,2,0.3,1,1,1,650.3068,1486770859951,650.3734,1486770860017,650.14,1486770859789
8,9,2,0.3,1,1,2,651.1403,1486770860784,651.7072,1486770861351,650.9735,1486770860620
8,10,2,0.3,0,1,1,651.9736,1486770861617,-1,-1,651.8069,1486770861453
8,11,2,0.3,0,1,2,652.8069,1486770862451,-1,-1,652.6404,1486770862287
8,12,2,0.3,0,0,0,653.6405,1486770863285,653.7404,1486770863384,653.4736,1486770863120
8,13,2,0.3,1,0,3,654.4736,1486770864117,-1,-1,654.3071,1486770863955
8,14,2,0.3,1,0,1,655.307,1486770864951,-1,-1,655.1404,1486770864787
8,15,2,0.3,1,2,1,656.1404,1486770865784,-1,-1,655.9738,1486770865620
8,16,2,0.3,1,1,1,656.9738,1486770866618,657.5739,1486770867218,656.808,1486770866454
8,17,2,0.3,1,0,3,657.8073,1486770867451,-1,-1,657.641,1486770867288
8,18,2,0.3,1,2,3,658.6405,1486770868285,-1,-1,658.4752,1486770868123
8,19,2,0.3,0,2,1,659.474,1486770869118,660.1407,1486770869785,659.3074,1486770868954
8,20,2,0.3,1,0,0,660.3074,1486770869951,-1,-1,660.1407,1486770869788
8,21,2,0.3,1,0,2,661.1407,1486770870785,-1,-1,660.974,1486770870620
8,22,2,0.3,1,0,3,661.9741,1486770871618,-1,-1,661.8074,1486770871454
8,1,2,0.3,1,3,1,663.6409,1486770873285,-1,-1,663.4745,1486770873119
8,2,2,0.3,1,3,0,664.5409,1486770874185,-1,-1,664.3744,1486770874022
8,3,2,0.3,1,0,2,665.441,1486770875085,-1,-1,665.2743,1486770874921
8,4,2,0.3,0,1,0,666.3411,1486770875985,-1,-1,666.1743,1486770875821
8,5,2,0.3,1,0,1,667.2411,1486770876885,-1,-1,667.0773,1486770876725
8,6,2,0.3,1,2,2,668.1411,1486770877785,-1,-1,667.9745,1486770877622
8,7,2,0.3,1,0,3,669.0411,1486770878685,-1,-1,668.8745,1486770878523
8,8,2,0.3,0,0,0,669.9417,1486770879585,670.6748,1486770880319,669.7745,1486770879421
8,9,2,0.3,1,0,1,670.8413,1486770880486,-1,-1,670.6748,1486770880322
8,10,2,0.3,0,1,0,671.7413,1486770881385,-1,-1,671.576,1486770881223
8,11,2,0.3,0,1,1,672.6414,1486770882286,-1,-1,672.4746,1486770882121
8,12,2,0.3,1,2,1,673.5414,1486770883185,-1,-1,673.3748,1486770883022
8,13,2,0.3,0,2,0,674.4415,1486770884085,675.0081,1486770884652,674.2748,1486770883921
8,14,2,0.3,1,2,0,675.3416,1486770884985,-1,-1,675.1748,1486770884821
8,15,2,0.3,1,2,1,676.2416,1486770885886,-1,-1,676.075,1486770885721
8,16,2,0.3,1,1,0,677.1416,1486770886785,677.7751,1486770887419,676.975,1486770886621
8,17,2,0.3,0,1,1,678.0416,1486770887685,-1,-1,677.875,1486770887521
8,18,2,0.3,1,0,2,678.9418,1486770888586,-1,-1,678.7754,1486770888423
8,19,2,0.3,1,1,1,679.8418,1486770889486,680.4421,1486770890086,679.6755,1486770889323
8,20,2,0.3,1,2,1,680.7419,1486770890386,-1,-1,680.5758,1486770890222
8,21,2,0.3,1,0,3,681.642,1486770891286,-1,-1,681.4753,1486770891123
8,22,2,0.3,1,0,0,682.5425,1486770892186,-1,-1,682.3752,1486770892022
8,1,2,0.3,1,3,1,684.2421,1486770893886,-1,-1,684.0754,1486770893720
8,2,2,0.3,1,3,2,685.2087,1486770894853,-1,-1,685.0426,1486770894689
8,3,2,0.3,1,0,3,686.1754,1486770895819,-1,-1,686.0089,1486770895655
8,4,2,0.3,0,0,1,687.1422,1486770896787,687.7755,1486770897420,686.9755,1486770896622
8,5,2,0.3,1,2,2,688.1089,1486770897753,-1,-1,687.9423,1486770897589
8,6,2,0.3,0,2,3,689.0757,1486770898720,689.8423,1486770899486,688.9091,1486770898557
8,7,2,0.3,1,0,0,690.0424,1486770899686,-1,-1,689.8756,1486770899522
8,8,2,0.3,0,0,1,691.009,1486770900653,691.7765,1486770901421,690.8424,1486770900489
8,9,2,0.3,1,1,0,691.9758,1486770901620,692.7091,1486770902353,691.8091,1486770901456
8,10,2,0.3,1,0,2,692.9425,1486770902586,-1,-1,692.7758,1486770902422
8,11,2,0.3,1,1,0,693.9092,1486770903553,694.5095,1486770904154,693.7426,1486770903390
8,12,2,0.3,1,2,0,694.876,1486770904520,-1,-1,694.71,1486770904356
8,13,2,0.3,1,0,1,695.8427,1486770905487,-1,-1,695.676,1486770905323
8,14,2,0.3,1,1,0,696.8094,1486770906453,697.543,1486770907188,696.6432,1486770906289
8,15,2,0.3,1,1,1,697.7766,1486770907420,698.3762,1486770908021,697.6094,1486770907256
8,16,2,0.3,1,2,1,698.7428,1486770908387,-1,-1,698.576,1486770908223
8,17,2,0.3,0,1,1,699.7096,1486770909353,-1,-1,699.5428,1486770909190
8,18,2,0.3,1,2,2,700.6763,1486770910320,-1,-1,700.5096,1486770910156
8,19,2,0.3,1,0,3,701.6429,1486770911287,-1,-1,701.4764,1486770911123
8,20,2,0.3,1,1,2,702.6096,1486770912253,703.1097,1486770912754,702.443,1486770912090
8,21,2,0.3,1,2,2,703.5764,1486770913220,-1,-1,703.4098,1486770913057
8,22,2,0.3,1,0,1,704.5433,1486770914187,-1,-1,704.3765,1486770914025
8,1,2,0.3,1,3,1,706.3101,1486770915954,-1,-1,706.1442,1486770915789
8,2,2,0.3,1,3,3,707.2772,1486770916921,-1,-1,707.1102,1486770916757
8,3,2,0.3,1,1,1,708.2434,1486770917887,708.877,1486770918521,708.077,1486770917723
8,4,2,0.3,1,0,0,709.2101,1486770918854,-1,-1,709.0435,1486770918690
8,5,2,0.3,0,1,1,710.1768,1486770919821,-1,-1,710.0103,1486770919658
8,6,2,0.3,0,2,1,711.1436,1486770920787,711.4448,1486770921089,710.9772,1486770920625
8,7,2,0.3,0,2,0,712.1104,1486770921754,712.7441,1486770922388,711.9436,1486770921590
8,8,2,0.3,1,2,0,713.077,1486770922721,-1,-1,712.9104,1486770922557
8,9,2,0.3,1,1,0,714.0437,1486770923688,714.6439,1486770924289,713.8771,1486770923523
8,10,2,0.3,1,0,3,715.0104,1486770924654,-1,-1,714.8438,1486770924491
8,11,2,0.3,0,0,1,715.9772,1486770925621,716.7778,1486770926422,715.8104,1486770925458
8,12,2,0.3,1,2,0,716.9438,1486770926588,-1,-1,716.7778,1486770926425
8,13,2,0.3,1,0,2,717.9105,1486770927554,-1,-1,717.7439,1486770927391
8,14,2,0.3,1,1,0,718.8773,1486770928521,719.6108,1486770929255,718.7106,1486770928358
8,15,2,0.3,1,0,1,719.8441,1486770929488,-1,-1,719.6774,1486770929324
8,16,2,0.3,0,0,3,720.8108,1486770930455,720.9108,1486770930555,720.6442,1486770930292
8,17,2,0.3,1,1,1,721.7775,1486770931421,722.3109,1486770931955,721.6108,1486770931258
8,18,2,0.3,0,1,3,722.7441,1486770932388,-1,-1,722.5775,1486770932224
8,19,2,0.3,1,2,3,723.7109,1486770933355,-1,-1,723.5442,1486770933191
8,20,2,0.3,1,2,1,724.6776,1486770934321,-1,-1,724.511,1486770934157
8,21,2,0.3,1,0,2,725.6443,1486770935288,-1,-1,725.4777,1486770935125
8,22,2,0.3,1,0,0,726.6111,1486770936255,-1,-1,726.4443,1486770936091
8,1,2,0.3,1,3,3,728.4111,1486770938055,-1,-1,728.1779,1486770937823
8,2,2,0.3,1,3,2,729.5446,1486770939188,-1,-1,729.3113,1486770938958
8,3,2,0.3,1,2,2,730.678,1486770940322,-1,-1,730.4446,1486770940091
8,4,2,0.3,1,0,0,731.8114,1486770941456,-1,-1,731.578,1486770941226
8,5,2,0.3,0,0,3,732.9447,1486770942589,733.2117,1486770942856,732.7115,1486770942358
8,6,2,0.3,0,0,1,734.0784,1486770943722,734.7114,1486770944356,733.8451,1486770943491
8,7,2,0.3,1,1,3,735.2117,1486770944855,735.8787,1486770945523,734.9783,1486770944625
8,8,2,0.3,1,0,0,736.345,1486770945989,-1,-1,736.1116,1486770945758
8,9,2,0.3,1,1,3,737.4784,1486770947122,738.0789,1486770947723,737.245,1486770946891
8,10,2,0.3,1,0,1,738.6117,1486770948256,-1,-1,738.379,1486770948026
8,11,2,0.3,1,2,1,739.7451,1486770949389,-1,-1,739.5118,1486770949159
8,12,2,0.3,1,2,3,740.8787,1486770950522,-1,-1,740.6451,1486770950291
8,13,2,0.3,1,0,2,742.012,1486770951656,-1,-1,741.7787,1486770951425
8,14,2,0.3,1,1,3,743.1454,1486770952789,743.7456,1486770953390,742.912,1486770952558
8,15,2,0.3,0,2,3,744.2787,1486770953923,744.946,1486770954590,744.0454,1486770953693
8,16,2,0.3,1,1,3,745.4121,1486770955056,745.9788,1486770955623,745.1788,1486770954825
8,17,2,0.3,1,2,0,746.5455,1486770956189,-1,-1,746.3121,1486770955958
8,18,2,0.3,1,1,3,747.679,1486770957323,748.2792,1486770957923,747.4456,1486770957092
8,19,2,0.3,1,0,2,748.8124,1486770958456,-1,-1,748.579,1486770958225
8,20,2,0.3,1,2,2,749.9463,1486770959590,-1,-1,749.7123,1486770959361
8,21,2,0.3,1,1,2,751.0801,1486770960724,751.6791,1486770961324,750.8458,1486770960494
8,22,2,0.3,1,0,1,752.2126,1486770961856,-1,-1,751.9799,1486770961626
8,1,2,0.3,1,3,3,754.246,1486770963890,-1,-1,754.0128,1486770963657
8,2,2,0.3,1,3,0,755.3794,1486770965023,-1,-1,755.1459,1486770964791
8,3,2,0.3,0,2,0,756.5127,1486770966157,757.2128,1486770966857,756.2794,1486770965927
8,4,2,0.3,1,2,1,757.6461,1486770967290,-1,-1,757.4133,1486770967060
8,5,2,0.3,1,2,1,758.7802,1486770968424,-1,-1,758.5461,1486770968193
8,6,2,0.3,0,0,3,759.913,1486770969557,760.6133,1486770970257,759.6796,1486770969326
8,7,2,0.3,0,0,0,761.0463,1486770970690,761.6801,1486770971324,760.813,1486770970459
8,8,2,0.3,0,0,2,762.1797,1486770971824,762.8131,1486770972457,761.9464,1486770971593
8,9,2,0.3,1,1,0,763.3131,1486770972957,763.8466,1486770973491,763.0798,1486770972727
8,10,2,0.3,1,1,2,764.4468,1486770974091,764.9803,1486770974624,764.2131,1486770973860
8,11,2,0.3,0,2,2,765.58,1486770975224,766.1134,1486770975757,765.347,1486770974993
8,12,2,0.3,1,0,3,766.7133,1486770976357,-1,-1,766.4801,1486770976126
8,13,2,0.3,1,0,0,767.8468,1486770977491,-1,-1,767.6134,1486770977260
8,14,2,0.3,1,1,3,768.9801,1486770978624,769.7137,1486770979358,768.7467,1486770978395
8,15,2,0.3,1,2,3,770.1134,1486770979757,-1,-1,769.8805,1486770979528
8,16,2,0.3,0,1,3,771.2469,1486770980891,-1,-1,771.0135,1486770980660
8,17,2,0.3,1,1,3,772.3805,1486770982024,772.9803,1486770982624,772.1469,1486770981793
8,18,2,0.3,1,0,1,773.5138,1486770983158,-1,-1,773.2804,1486770982927
8,19,2,0.3,1,1,3,774.6471,1486770984291,775.2811,1486770984925,774.4137,1486770984060
8,20,2,0.3,1,0,0,775.7804,1486770985424,-1,-1,775.547,1486770985194
8,21,2,0.3,1,0,2,776.9147,1486770986558,-1,-1,776.6805,1486770986327
8,22,2,0.3,1,2,3,778.0472,1486770987691,-1,-1,777.8138,1486770987460
8,1,2,0.3,1,3,0,780.0809,1486770989725,-1,-1,779.8478,1486770989492
8,2,2,0.3,1,3,3,781.3141,1486770990958,-1,-1,781.0807,1486770990727
8,3,2,0.3,1,1,0,782.5475,1486770992191,783.2811,1486770992925,782.3143,1486770991962
8,4,2,0.3,1,2,0,783.7809,1486770993425,-1,-1,783.5477,1486770993194
8,5,2,0.3,1,0,2,785.0143,1486770994658,-1,-1,784.7811,1486770994427
8,6,2,0.3,1,1,0,786.2477,1486770995892,786.7147,1486770996359,786.0145,1486770995661
8,7,2,0.3,1,0,3,787.4813,1486770997125,-1,-1,787.2479,1486770996895
8,8,2,0.3,0,1,0,788.7147,1486770998358,-1,-1,788.4813,1486770998129
8,9,2,0.3,1,0,2,789.9479,1486770999592,-1,-1,789.715,1486770999362
8,10,2,0.3,1,0,1,791.1813,1486771000825,-1,-1,790.9491,1486771000595
8,11,2,0.3,0,0,3,792.4147,1486771002059,793.0148,1486771002659,792.1815,1486771001828
8,12,2,0.3,1,1,1,793.6483,1486771003292,794.2819,1486771003926,793.4149,1486771003061
8,13,2,0.3,0,0,2,794.8817,1486771004525,795.7819,1486771005426,794.6483,1486771004295
8,14,2,0.3,0,2,2,796.1149,1486771005759,796.6815,1486771006326,795.8817,1486771005529
8,15,2,0.3,1,2,1,797.3485,1486771006992,-1,-1,797.1151,1486771006761
8,16,2,0.3,1,1,2,798.5819,1486771008226,799.2152,1486771008859,798.3485,1486771007995
8,17,2,0.3,1,2,2,799.8151,1486771009459,-1,-1,799.5819,1486771009229
8,18,2,0.3,0,1,2,801.0485,1486771010692,-1,-1,800.8156,1486771010463
8,19,2,0.3,1,2,1,802.2821,1486771011926,-1,-1,802.0487,1486771011696
8,20,2,0.3,1,0,0,803.5153,1486771013159,-1,-1,803.2821,1486771012929
8,21,2,0.3,1,2,0,804.7489,1486771014393,-1,-1,804.5155,1486771014162
8,22,2,0.3,0,0,2,805.9823,1486771015626,806.649,1486771016293,805.7489,1486771015395
8,1,2,0.3,1,3,2,808.0494,1486771017693,-1,-1,807.816,1486771017461
8,2,2,0.3,1,3,0,809.3824,1486771019026,-1,-1,809.149,1486771018797
8,3,2,0.3,0,0,3,810.7157,1486771020360,811.316,1486771020960,810.4825,1486771020128
8,4,2,0.3,0,0,2,812.0492,1486771021693,812.7159,1486771022360,811.8158,1486771021462
8,5,2,0.3,1,1,3,813.3824,1486771023026,814.1158,1486771023760,813.1493,1486771022796
8,6,2,0.3,1,0,1,814.7159,1486771024360,-1,-1,814.4828,1486771024129
8,7,2,0.3,0,1,3,816.0502,1486771025694,-1,-1,815.816,1486771025463
8,8,2,0.3,1,2,3,817.3829,1486771027027,-1,-1,817.1495,1486771026797
8,9,2,0.3,1,2,1,818.7164,1486771028360,-1,-1,818.4828,1486771028130
8,10,2,0.3,1,2,1,820.0497,1486771029694,-1,-1,819.8163,1486771029463
8,11,2,0.3,1,2,3,821.3832,1486771031027,-1,-1,821.1495,1486771030796
8,12,2,0.3,1,1,1,822.7164,1486771032360,823.3834,1486771033027,822.483,1486771032129
8,13,2,0.3,1,0,2,824.0497,1486771033694,-1,-1,823.8165,1486771033464
8,14,2,0.3,1,1,1,825.3842,1486771035028,826.2174,1486771035861,825.1498,1486771034797
8,15,2,0.3,0,1,2,826.7167,1486771036361,-1,-1,826.4835,1486771036130
8,16,2,0.3,1,0,0,828.0502,1486771037694,-1,-1,827.8168,1486771037463
8,17,2,0.3,1,0,3,829.3837,1486771039027,-1,-1,829.1503,1486771038797
8,18,2,0.3,0,0,1,830.7169,1486771040361,831.6837,1486771041328,830.4835,1486771040132
8,19,2,0.3,0,2,1,832.0504,1486771041694,832.6508,1486771042295,831.817,1486771041463
8,20,2,0.3,1,2,3,833.3837,1486771043028,-1,-1,833.1505,1486771042797
8,21,2,0.3,1,0,2,834.7172,1486771044361,-1,-1,834.4838,1486771044131
8,22,2,0.3,1,1,3,836.0507,1486771045694,836.7172,1486771046361,835.8173,1486771045464
8,1,2,0.3,1,3,2,838.3175,1486771047961,-1,-1,838.0507,1486771047695
8,2,2,0.3,1,3,0,839.7841,1486771049428,-1,-1,839.5175,1486771049165
8,3,2,0.3,1,1,2,841.2511,1486771050895,841.9508,1486771051596,840.9843,1486771050631
8,4,2,0.3,1,2,2,842.7177,1486771052361,-1,-1,842.4508,1486771052097
8,5,2,0.3,1,1,2,844.1844,1486771053828,844.818,1486771054462,843.9176,1486771053564
8,6,2,0.3,1,0,0,845.651,1486771055295,-1,-1,845.3844,1486771055031
8,7,2,0.3,1,0,3,847.118,1486771056762,-1,-1,846.8517,1486771056500
8,8,2,0.3,1,2,3,848.5846,1486771058228,-1,-1,848.318,1486771057964
8,9,2,0.3,1,2,0,850.0514,1486771059695,-1,-1,849.7853,1486771059432
8,10,2,0.3,1,1,3,851.5187,1486771061162,852.2184,1486771061862,851.2513,1486771060898
8,11,2,0.3,1,0,2,852.9847,1486771062629,-1,-1,852.7181,1486771062365
8,12,2,0.3,1,0,1,854.4515,1486771064095,-1,-1,854.1849,1486771063832
8,13,2,0.3,1,0,0,855.9193,1486771065563,-1,-1,855.6517,1486771065298
8,14,2,0.3,1,1,1,857.3851,1486771067029,858.0856,1486771067730,857.1185,1486771066764
8,15,2,0.3,1,1,0,858.8519,1486771068496,859.3519,1486771068996,858.5851,1486771068232
8,16,2,0.3,1,0,3,860.3185,1486771069962,-1,-1,860.0519,1486771069697
8,17,2,0.3,1,2,1,861.7853,1486771071429,-1,-1,861.5187,1486771071165
8,18,2,0.3,1,1,3,863.2521,1486771072896,864.0192,1486771073663,862.9852,1486771072633
8,19,2,0.3,1,2,3,864.7191,1486771074363,-1,-1,864.4523,1486771074099
8,20,2,0.3,1,2,1,866.1857,1486771075829,-1,-1,865.9191,1486771075565
8,21,2,0.3,1,0,0,867.6527,1486771077296,-1,-1,867.3859,1486771077033
8,22,2,0.3,1,0,2,869.1193,1486771078763,-1,-1,868.8531,1486771078499
8,1,2,0.3,1,3,3,871.4528,1486771081097,-1,-1,871.2198,1486771080865
8,2,2,0.3,1,3,0,872.786,1486771082430,-1,-1,872.5529,1486771082199
8,3,2,0.3,1,0,1,874.1193,1486771083763,-1,-1,873.8859,1486771083533
8,4,2,0.3,1,1,0,875.4528,1486771085097,876.1862,1486771085830,875.2194,1486771084866
8,5,2,0.3,1,1,1,876.7863,1486771086430,877.3531,1486771086997,876.5529,1486771086199
8,6,2,0.3,1,0,3,878.1202,1486771087764,-1,-1,877.8868,1486771087535
8,7,2,0.3,1,2,3,879.453,1486771089097,-1,-1,879.2198,1486771088866
8,8,2,0.3,1,2,1,880.7867,1486771090431,-1,-1,880.5531,1486771090200
8,9,2,0.3,1,1,3,882.1198,1486771091764,882.8202,1486771092464,881.8873,1486771091533
8,10,2,0.3,1,0,0,883.4532,1486771093097,-1,-1,883.2198,1486771092866
8,11,2,0.3,1,1,3,884.7867,1486771094430,885.7203,1486771095364,884.5533,1486771094201
8,12,2,0.3,0,0,1,886.12,1486771095764,886.9205,1486771096564,885.8868,1486771095533
8,13,2,0.3,0,2,0,887.4535,1486771097097,888.0868,1486771097731,887.2201,1486771096866
8,14,2,0.3,0,2,3,888.787,1486771098431,889.8204,1486771099464,888.5536,1486771098200
8,15,2,0.3,1,0,2,890.121,1486771099765,-1,-1,889.8868,1486771099534
8,16,2,0.3,1,1,3,891.4537,1486771101098,892.0206,1486771101665,891.2203,1486771100867
8,17,2,0.3,1,0,0,892.787,1486771102431,-1,-1,892.5538,1486771102201
8,18,2,0.3,1,0,1,894.1205,1486771103764,-1,-1,893.8871,1486771103534
8,19,2,0.3,1,2,1,895.454,1486771105098,-1,-1,895.2206,1486771104867
8,20,2,0.3,1,2,0,896.7872,1486771106431,-1,-1,896.5541,1486771106201
8,21,2,0.3,1,0,3,898.1207,1486771107765,-1,-1,897.8873,1486771107534
8,22,2,0.3,1,1,0,899.4542,1486771109098,900.1542,1486771109798,899.2208,1486771108869
8,1,2,0.3,1,3,1,901.6207,1486771111265,-1,-1,901.3881,1486771111033
8,2,2,0.3,1,3,2,902.9545,1486771112598,-1,-1,902.7211,1486771112368
8,3,2,0.3,0,2,2,904.2877,1486771113932,904.788,1486771114432,904.0543,1486771113701
8,4,2,0.3,1,0,3,905.6212,1486771115265,-1,-1,905.3878,1486771115035
8,5,2,0.3,0,1,2,906.9545,1486771116600,-1,-1,906.7213,1486771116370
8,6,2,0.3,1,1,3,908.288,1486771117932,909.0883,1486771118732,908.0546,1486771117701
8,7,2,0.3,1,2,3,909.6215,1486771119265,-1,-1,909.3881,1486771119035
8,8,2,0.3,1,1,3,910.9547,1486771120599,911.4884,1486771121132,910.722,1486771120368
8,9,2,0.3,1,1,3,912.2882,1486771121932,912.8217,1486771122466,912.0548,1486771121701
8,10,2,0.3,1,0,2,913.6217,1486771123265,-1,-1,913.3883,1486771123036
8,11,2,0.3,1,0,0,914.955,1486771124599,-1,-1,914.7216,1486771124368
8,12,2,0.3,0,2,3,916.2885,1486771125932,916.9554,1486771126599,916.0551,1486771125702
8,13,2,0.3,1,0,1,917.6217,1486771127266,-1,-1,917.3885,1486771127035
8,14,2,0.3,1,0,2,918.9552,1486771128599,-1,-1,918.7218,1486771128368
8,15,2,0.3,1,2,3,920.2887,1486771129933,-1,-1,920.0553,1486771129703
8,16,2,0.3,1,1,2,921.6219,1486771131266,922.4557,1486771132100,921.3895,1486771131037
8,17,2,0.3,1,0,1,922.9554,1486771132599,-1,-1,922.722,1486771132368
8,18,2,0.3,1,0,0,924.2889,1486771133933,-1,-1,924.0555,1486771133702
8,19,2,0.3,1,2,0,925.6222,1486771135266,-1,-1,925.389,1486771135035
8,20,2,0.3,1,1,0,926.9557,1486771136600,927.5226,1486771137167,926.7223,1486771136369
8,21,2,0.3,1,2,1,928.2892,1486771137933,-1,-1,928.0558,1486771137703
8,22,2,0.3,1,0,3,929.6224,1486771139266,-1,-1,929.3898,1486771139037
8,1,2,0.3,1,3,2,931.8226,1486771141467,-1,-1,931.59,1486771141235
8,2,2,0.3,1,3,1,933.1561,1486771142800,-1,-1,932.9227,1486771142569
8,3,2,0.3,1,0,3,934.4896,1486771144133,-1,-1,934.256,1486771143903
8,4,2,0.3,0,0,2,935.8229,1486771145467,936.6229,1486771146267,935.5897,1486771145237
8,5,2,0.3,0,2,2,937.1564,1486771146800,937.8234,1486771147467,936.923,1486771146569
8,6,2,0.3,1,2,3,938.4896,1486771148134,-1,-1,938.2565,1486771147903
8,7,2,0.3,1,1,2,939.8231,1486771149467,940.6566,1486771150301,939.59,1486771149236
8,8,2,0.3,1,0,0,941.1564,1486771150800,-1,-1,940.923,1486771150569
8,9,2,0.3,1,0,1,942.4899,1486771152134,-1,-1,942.2565,1486771151903
8,10,2,0.3,1,1,0,943.8234,1486771153467,944.5902,1486771154234,943.59,1486771153237
8,11,2,0.3,1,0,3,945.1576,1486771154801,-1,-1,944.9235,1486771154570
8,12,2,0.3,1,0,2,946.4901,1486771156134,-1,-1,946.2567,1486771155903
8,13,2,0.3,1,2,2,947.8236,1486771157467,-1,-1,947.5907,1486771157237
8,14,2,0.3,1,1,2,949.1571,1486771158801,949.7577,1486771159402,948.924,1486771158570
8,15,2,0.3,1,2,0,950.4904,1486771160134,-1,-1,950.257,1486771159906
8,16,2,0.3,1,0,1,951.8239,1486771161468,-1,-1,951.5905,1486771161237
8,17,2,0.3,1,0,3,953.1571,1486771162801,-1,-1,952.924,1486771162571
8,18,2,0.3,1,1,1,954.4908,1486771164135,955.2574,1486771164902,954.2572,1486771163904
8,19,2,0.3,1,2,1,955.8239,1486771165468,-1,-1,955.5907,1486771165237
8,20,2,0.3,1,2,3,957.1573,1486771166801,-1,-1,956.924,1486771166572
8,21,2,0.3,1,1,1,958.4908,1486771168135,959.0577,1486771168702,958.2574,1486771167904
8,22,2,0.3,1,1,3,959.8241,1486771169468,960.3243,1486771169968,959.5907,1486771169237
8,1,2,0.3,1,3,2,962.0243,1486771171668,-1,-1,961.7909,1486771171436
8,2,2,0.3,1,3,0,963.2577,1486771172902,-1,-1,963.0243,1486771172671
8,3,2,0.3,1,0,1,964.4911,1486771174135,-1,-1,964.2577,1486771173904
8,4,2,0.3,1,0,2,965.7255,1486771175369,-1,-1,965.4911,1486771175140
8,5,2,0.3,0,2,0,966.9579,1486771176602,967.6583,1486771177302,966.7245,1486771176371
8,6,2,0.3,1,2,0,968.1915,1486771177835,-1,-1,967.9579,1486771177604
8,7,2,0.3,1,2,2,969.4247,1486771179069,-1,-1,969.192,1486771178838
8,8,2,0.3,1,2,2,970.6581,1486771180302,-1,-1,970.4247,1486771180071
8,9,2,0.3,0,2,0,971.8915,1486771181535,972.5917,1486771182236,971.6583,1486771181306
8,10,2,0.3,1,0,3,973.1249,1486771182769,-1,-1,972.8922,1486771182539
8,11,2,0.3,1,0,1,974.3585,1486771184002,-1,-1,974.1249,1486771183771
8,12,2,0.3,1,0,2,975.5917,1486771185236,-1,-1,975.3585,1486771185006
8,13,2,0.3,0,1,1,976.8251,1486771186469,-1,-1,976.5924,1486771186239
8,14,2,0.3,0,1,2,978.0587,1486771187703,-1,-1,977.8253,1486771187473
8,15,2,0.3,1,1,1,979.2928,1486771188937,979.359,1486771189003,979.0587,1486771188706
8,16,2,0.3,1,1,2,980.5253,1486771190169,981.0924,1486771190736,980.2921,1486771189938
8,17,2,0.3,1,0,0,981.7589,1486771191403,-1,-1,981.5255,1486771191171
8,18,2,0.3,1,0,3,982.9921,1486771192636,-1,-1,982.7589,1486771192405
8,19,2,0.3,1,1,0,984.2255,1486771193869,984.7257,1486771194370,983.9926,1486771193639
8,20,2,0.3,1,2,0,985.4589,1486771195103,-1,-1,985.2257,1486771194874
8,21,2,0.3,1,0,2,986.6923,1486771196337,-1,-1,986.4591,1486771196106
8,22,2,0.3,1,1,0,987.9259,1486771197570,988.7931,1486771198437,987.6925,1486771197339
8,1,2,0.3,1,3,2,990.026,1486771199670,-1,-1,989.7926,1486771199437
8,2,2,0.3,1,3,0,991.2594,1486771200903,-1,-1,991.026,1486771200673
8,3,2,0.3,1,1,2,992.4928,1486771202137,993.026,1486771202670,992.2596,1486771201907
8,4,2,0.3,1,2,2,993.7262,1486771203370,-1,-1,993.4928,1486771203139
8,5,2,0.3,1,0,1,994.9603,1486771204604,-1,-1,994.7262,1486771204374
8,6,2,0.3,1,1,2,996.1927,1486771205837,996.8265,1486771206471,995.9596,1486771205606
8,7,2,0.3,1,0,3,997.4264,1486771207070,-1,-1,997.193,1486771206840
8,8,2,0.3,1,2,3,998.6598,1486771208304,-1,-1,998.4264,1486771208075
8,9,2,0.3,1,2,2,999.8932,1486771209537,-1,-1,999.66,1486771209307
8,10,2,0.3,1,0,1,1001.127,1486771210770,-1,-1,1000.893,1486771210540
8,11,2,0.3,0,2,1,1002.36,1486771212004,1002.893,1486771212538,1002.127,1486771211773
8,12,2,0.3,0,0,3,1003.593,1486771213237,1004.128,1486771213772,1003.36,1486771213007
8,13,2,0.3,0,2,3,1004.827,1486771214471,1005.36,1486771215005,1004.593,1486771214241
8,14,2,0.3,1,0,2,1006.06,1486771215704,-1,-1,1005.827,1486771215474
8,15,2,0.3,0,0,1,1007.294,1486771216938,1008.127,1486771217771,1007.06,1486771216707
8,16,2,0.3,0,2,3,1008.527,1486771218171,1009.227,1486771218871,1008.294,1486771217940
8,17,2,0.3,1,0,0,1009.761,1486771219404,-1,-1,1009.527,1486771219174
8,18,2,0.3,1,1,3,1010.994,1486771220638,1011.595,1486771221239,1010.761,1486771220407
8,19,2,0.3,1,0,2,1012.227,1486771221871,-1,-1,1011.994,1486771221642
8,20,2,0.3,1,1,3,1013.461,1486771223105,1014.061,1486771223705,1013.227,1486771222875
8,21,2,0.3,1,1,2,1014.694,1486771224338,1015.261,1486771224905,1014.461,1486771224108
8,22,2,0.3,1,1,3,1015.927,1486771225571,1016.561,1486771226205,1015.695,1486771225341
8,1,2,0.3,1,3,2,1018.361,1486771228005,-1,-1,1018.128,1486771227772
8,2,2,0.3,1,3,3,1019.595,1486771229239,-1,-1,1019.361,1486771229009
8,3,2,0.3,1,1,2,1020.828,1486771230471,1021.294,1486771230938,1020.595,1486771230241
8,4,2,0.3,1,2,2,1022.061,1486771231705,-1,-1,1021.828,1486771231474
8,5,2,0.3,1,0,1,1023.294,1486771232938,-1,-1,1023.061,1486771232707
8,6,2,0.3,1,2,1,1024.528,1486771234172,-1,-1,1024.295,1486771233941
8,7,2,0.3,1,1,1,1025.761,1486771235405,1026.429,1486771236073,1025.528,1486771235174
8,8,2,0.3,1,0,0,1026.995,1486771236638,-1,-1,1026.761,1486771236409
8,9,2,0.3,1,0,2,1028.228,1486771237872,-1,-1,1027.995,1486771237641
8,10,2,0.3,1,0,3,1029.462,1486771239105,-1,-1,1029.228,1486771238874
8,11,2,0.3,1,2,3,1030.695,1486771240339,-1,-1,1030.462,1486771240109
8,12,2,0.3,1,0,1,1031.929,1486771241573,-1,-1,1031.695,1486771241342
8,13,2,0.3,1,0,0,1033.162,1486771242805,-1,-1,1032.928,1486771242576
8,14,2,0.3,1,1,1,1034.395,1486771244039,1035.195,1486771244840,1034.162,1486771243808
8,15,2,0.3,1,1,0,1035.629,1486771245272,1036.129,1486771245772,1035.395,1486771245042
8,16,2,0.3,1,1,1,1036.862,1486771246506,1037.395,1486771247039,1036.629,1486771246275
8,17,2,0.3,0,2,1,1038.095,1486771247740,1038.662,1486771248306,1037.862,1486771247509
8,18,2,0.3,1,0,2,1039.328,1486771248972,-1,-1,1039.095,1486771248744
8,19,2,0.3,1,0,0,1040.562,1486771250206,-1,-1,1040.329,1486771249976
8,20,2,0.3,0,2,1,1041.796,1486771251439,1042.529,1486771252173,1041.563,1486771251209
8,21,2,0.3,1,2,2,1043.029,1486771252673,-1,-1,1042.796,1486771252442
8,22,2,0.3,0,1,1,1044.262,1486771253906,-1,-1,1044.029,1486771253676
8,1,2,0.3,1,3,2,1046.363,1486771256007,-1,-1,1046.129,1486771255774
8,2,2,0.3,1,3,3,1047.596,1486771257240,-1,-1,1047.362,1486771257010
8,3,2,0.3,1,2,3,1048.83,1486771258474,-1,-1,1048.596,1486771258243
8,4,2,0.3,1,0,0,1050.063,1486771259706,-1,-1,1049.829,1486771259476
8,5,2,0.3,1,1,3,1051.296,1486771260940,1052.063,1486771261707,1051.063,1486771260709
8,6,2,0.3,1,0,1,1052.529,1486771262173,-1,-1,1052.296,1486771261943
8,7,2,0.3,1,1,3,1053.763,1486771263407,1054.53,1486771264174,1053.53,1486771263177
8,8,2,0.3,1,0,0,1054.996,1486771264640,-1,-1,1054.764,1486771264410
8,9,2,0.3,1,0,2,1056.23,1486771265873,-1,-1,1055.996,1486771265643
8,10,2,0.3,1,1,0,1057.463,1486771267107,1058.03,1486771267674,1057.23,1486771266876
8,11,2,0.3,1,0,3,1058.696,1486771268340,-1,-1,1058.463,1486771268110
8,12,2,0.3,1,1,0,1059.93,1486771269574,1060.564,1486771270208,1059.697,1486771269344
8,13,2,0.3,1,2,0,1061.163,1486771270808,-1,-1,1060.93,1486771270577
8,14,2,0.3,1,0,1,1062.397,1486771272040,-1,-1,1062.163,1486771271810
8,15,2,0.3,1,1,0,1063.63,1486771273274,1064.497,1486771274141,1063.397,1486771273044
8,16,2,0.3,1,2,0,1064.863,1486771274507,-1,-1,1064.63,1486771274277
8,17,2,0.3,1,0,3,1066.097,1486771275741,-1,-1,1065.863,1486771275511
8,18,2,0.3,1,2,3,1067.331,1486771276975,-1,-1,1067.097,1486771276745
8,19,2,0.3,1,1,3,1068.564,1486771278207,1069.297,1486771278941,1068.33,1486771277977
8,20,2,0.3,1,2,2,1069.797,1486771279441,-1,-1,1069.564,1486771279211
8,21,2,0.3,1,0,1,1071.03,1486771280674,-1,-1,1070.798,1486771280444
8,22,2,0.3,0,2,3,1072.264,1486771281908,1072.931,1486771282575,1072.031,1486771281677
8,1,2,0.3,1,3,1,1074.331,1486771283976,-1,-1,1074.097,1486771283742
8,2,2,0.3,1,3,0,1075.464,1486771285108,-1,-1,1075.231,1486771284878
8,3,2,0.3,1,0,2,1076.598,1486771286242,-1,-1,1076.364,1486771286011
8,4,2,0.3,1,0,1,1077.731,1486771287375,-1,-1,1077.498,1486771287145
8,5,2,0.3,1,2,0,1078.864,1486771288508,-1,-1,1078.631,1486771288277
8,6,2,0.3,0,0,3,1079.998,1486771289642,1080.065,1486771289709,1079.764,1486771289412
8,7,2,0.3,1,1,0,1081.131,1486771290775,1081.698,1486771291342,1080.898,1486771290544
8,8,2,0.3,1,2,0,1082.265,1486771291908,-1,-1,1082.031,1486771291678
8,9,2,0.3,1,0,1,1083.398,1486771293042,-1,-1,1083.164,1486771292811
8,10,2,0.3,1,0,3,1084.531,1486771294175,-1,-1,1084.298,1486771293944
8,11,2,0.3,1,0,2,1085.665,1486771295308,-1,-1,1085.431,1486771295079
8,12,2,0.3,0,2,2,1086.798,1486771296442,1087.598,1486771297242,1086.565,1486771296211
8,13,2,0.3,0,2,3,1087.932,1486771297576,1088.465,1486771298109,1087.698,1486771297345
8,14,2,0.3,1,1,2,1089.065,1486771298709,1089.698,1486771299342,1088.831,1486771298478
8,15,2,0.3,1,0,1,1090.198,1486771299842,-1,-1,1089.965,1486771299611
8,16,2,0.3,1,1,2,1091.332,1486771300975,1092.066,1486771301710,1091.098,1486771300745
8,17,2,0.3,1,1,1,1092.465,1486771302109,1093.032,1486771302676,1092.232,1486771301879
8,18,2,0.3,0,2,1,1093.599,1486771303242,1094.132,1486771303776,1093.366,1486771303012
8,19,2,0.3,1,1,1,1094.732,1486771304376,1095.332,1486771304976,1094.498,1486771304145
8,20,2,0.3,0,1,1,1095.865,1486771305509,-1,-1,1095.632,1486771305279
8,21,2,0.3,1,0,2,1096.999,1486771306642,-1,-1,1096.765,1486771306413
8,22,2,0.3,0,2,2,1098.132,1486771307777,1098.799,1486771308443,1097.899,1486771307547
8,1,2,0.3,1,3,3,1100.132,1486771309776,-1,-1,1099.899,1486771309544
8,2,2,0.3,0,3,1,1101.366,1486771311009,1102.199,1486771311843,1101.132,1486771310780
8,3,2,0.3,1,1,3,1102.599,1486771312243,1103.099,1486771312743,1102.366,1486771312012
8,4,2,0.3,1,0,0,1103.832,1486771313477,-1,-1,1103.599,1486771313245
8,5,2,0.3,1,1,3,1105.066,1486771314710,1105.866,1486771315510,1104.832,1486771314480
8,6,2,0.3,1,0,2,1106.299,1486771315943,-1,-1,1106.066,1486771315713
8,7,2,0.3,1,1,3,1107.533,1486771317176,1108.266,1486771317910,1107.299,1486771316946
8,8,2,0.3,1,2,3,1108.766,1486771318410,-1,-1,1108.533,1486771318179
8,9,2,0.3,1,1,3,1109.999,1486771319643,1110.533,1486771320177,1109.766,1486771319412
8,10,2,0.3,1,2,0,1111.233,1486771320877,-1,-1,1110.999,1486771320648
8,11,2,0.3,1,2,0,1112.466,1486771322110,-1,-1,1112.233,1486771321879
8,12,2,0.3,1,2,3,1113.7,1486771323343,-1,-1,1113.466,1486771323113
8,13,2,0.3,1,2,3,1114.933,1486771324577,-1,-1,1114.7,1486771324346
8,14,2,0.3,1,0,1,1116.166,1486771325810,-1,-1,1115.933,1486771325580
8,15,2,0.3,1,0,0,1117.4,1486771327044,-1,-1,1117.167,1486771326813
8,16,2,0.3,1,0,2,1118.633,1486771328277,-1,-1,1118.4,1486771328047
8,17,2,0.3,1,1,0,1119.867,1486771329510,1120.467,1486771330111,1119.633,1486771329280
8,18,2,0.3,1,0,3,1121.1,1486771330744,-1,-1,1120.867,1486771330513
8,19,2,0.3,1,1,0,1122.333,1486771331977,1123,1486771332644,1122.1,1486771331747
8,20,2,0.3,1,2,0,1123.567,1486771333211,-1,-1,1123.333,1486771332980
8,21,2,0.3,1,0,2,1124.8,1486771334444,-1,-1,1124.567,1486771334214
8,22,2,0.3,1,0,1,1126.034,1486771335677,-1,-1,1125.801,1486771335448
8,1,2,0.3,1,3,1,1128.167,1486771337811,-1,-1,1127.934,1486771337579
8,2,2,0.3,1,3,0,1129.301,1486771338944,-1,-1,1129.067,1486771338714
8,3,2,0.3,1,2,0,1130.434,1486771340078,-1,-1,1130.201,1486771339848
8,4,2,0.3,1,2,2,1131.567,1486771341211,-1,-1,1131.334,1486771340983
8,5,2,0.3,1,0,1,1132.701,1486771342344,-1,-1,1132.467,1486771342114
8,6,2,0.3,1,0,3,1133.834,1486771343478,-1,-1,1133.601,1486771343247
8,7,2,0.3,1,2,3,1134.967,1486771344611,-1,-1,1134.734,1486771344380
8,8,2,0.3,1,0,2,1136.101,1486771345745,-1,-1,1135.868,1486771345514
8,9,2,0.3,1,1,3,1137.234,1486771346878,1137.968,1486771347612,1137.001,1486771346648
8,10,2,0.3,1,0,1,1138.368,1486771348011,-1,-1,1138.134,1486771347782
8,11,2,0.3,1,2,1,1139.501,1486771349145,-1,-1,1139.268,1486771348914
8,12,2,0.3,1,1,1,1140.634,1486771350278,1141.301,1486771350945,1140.401,1486771350047
8,13,2,0.3,1,2,0,1141.768,1486771351412,-1,-1,1141.535,1486771351181
8,14,2,0.3,1,1,1,1142.901,1486771352545,1143.535,1486771353179,1142.668,1486771352313
8,15,2,0.3,1,0,3,1144.035,1486771353678,-1,-1,1143.801,1486771353449
8,16,2,0.3,1,0,2,1145.168,1486771354812,-1,-1,1144.935,1486771354581
8,17,2,0.3,1,0,0,1146.301,1486771355945,-1,-1,1146.068,1486771355714
8,18,2,0.3,0,1,2,1147.435,1486771357079,-1,-1,1147.201,1486771356848
8,19,2,0.3,0,1,0,1148.568,1486771358212,-1,-1,1148.335,1486771357981
8,20,2,0.3,0,0,3,1149.702,1486771359345,1150.101,1486771359746,1149.468,1486771359116
8,21,2,0.3,0,2,2,1150.835,1486771360479,1151.369,1486771361013,1150.602,1486771360249
8,22,2,0.3,1,1,3,1151.968,1486771361612,1152.535,1486771362179,1151.735,1486771361382
8,1,2,0.3,1,3,0,1153.935,1486771363579,-1,-1,1153.702,1486771363346
8,2,2,0.3,1,3,2,1155.068,1486771364713,-1,-1,1154.835,1486771364482
8,3,2,0.3,1,2,2,1156.203,1486771365846,-1,-1,1155.969,1486771365615
8,4,2,0.3,1,0,3,1157.335,1486771366979,-1,-1,1157.102,1486771366750
8,5,2,0.3,1,1,2,1158.469,1486771368113,1159.335,1486771368979,1158.235,1486771367882
8,6,2,0.3,1,0,0,1159.602,1486771369246,-1,-1,1159.369,1486771369015
8,7,2,0.3,1,2,0,1160.735,1486771370379,-1,-1,1160.502,1486771370148
8,8,2,0.3,0,2,2,1161.869,1486771371513,1162.736,1486771372380,1161.635,1486771371282
8,9,2,0.3,1,0,1,1163.002,1486771372646,-1,-1,1162.769,1486771372417
8,10,2,0.3,0,2,0,1164.136,1486771373780,1165.003,1486771374647,1163.902,1486771373549
8,11,2,0.3,0,0,3,1165.269,1486771374913,1165.837,1486771375481,1165.036,1486771374682
8,12,2,0.3,0,2,1,1166.402,1486771376046,1166.97,1486771376614,1166.169,1486771375815
8,13,2,0.3,1,1,3,1167.536,1486771377180,1168.036,1486771377680,1167.303,1486771376949
8,14,2,0.3,1,1,1,1168.669,1486771378313,1169.136,1486771378780,1168.436,1486771378085
8,15,2,0.3,1,1,3,1169.803,1486771379447,1170.269,1486771379914,1169.569,1486771379216
8,16,2,0.3,0,2,3,1170.936,1486771380580,1171.403,1486771381047,1170.703,1486771380350
8,17,2,0.3,1,0,0,1172.069,1486771381713,-1,-1,1171.836,1486771381483
8,18,2,0.3,1,1,3,1173.203,1486771382847,1173.736,1486771383381,1172.97,1486771382616
8,19,2,0.3,1,1,0,1174.336,1486771383980,1174.803,1486771384447,1174.103,1486771383750
8,20,2,0.3,1,0,1,1175.47,1486771385114,-1,-1,1175.236,1486771384885
8,21,2,0.3,1,0,2,1176.603,1486771386247,-1,-1,1176.37,1486771386016
8,22,2,0.3,1,0,3,1177.737,1486771387381,-1,-1,1177.503,1486771387150
8,1,2,0.3,1,3,0,1179.838,1486771389481,-1,-1,1179.603,1486771389249
8,2,2,0.3,1,3,2,1180.97,1486771390614,-1,-1,1180.737,1486771390383
8,3,2,0.3,1,1,0,1182.104,1486771391748,1182.67,1486771392314,1181.87,1486771391518
8,4,2,0.3,1,0,1,1183.237,1486771392881,-1,-1,1183.004,1486771392650
8,5,2,0.3,1,1,0,1184.37,1486771394014,1185.004,1486771394648,1184.137,1486771393783
8,6,2,0.3,0,0,2,1185.504,1486771395147,1186.37,1486771396015,1185.271,1486771394917
8,7,2,0.3,1,2,2,1186.637,1486771396281,-1,-1,1186.404,1486771396050
8,8,2,0.3,0,1,2,1187.771,1486771397414,-1,-1,1187.537,1486771397185
8,9,2,0.3,0,0,0,1188.904,1486771398548,1189.004,1486771398648,1188.671,1486771398317
8,10,2,0.3,1,0,3,1190.037,1486771399681,-1,-1,1189.804,1486771399451
8,11,2,0.3,1,1,0,1191.171,1486771400814,1191.804,1486771401448,1190.937,1486771400584
8,12,2,0.3,1,1,3,1192.304,1486771401948,1192.804,1486771402449,1192.071,1486771401717
8,13,2,0.3,1,2,3,1193.437,1486771403081,-1,-1,1193.204,1486771402850
8,14,2,0.3,1,2,0,1194.571,1486771404215,-1,-1,1194.337,1486771403985
8,15,2,0.3,1,1,3,1195.704,1486771405348,1196.371,1486771406015,1195.471,1486771405117
8,16,2,0.3,1,0,2,1196.838,1486771406481,-1,-1,1196.604,1486771406251
8,17,2,0.3,1,2,2,1197.971,1486771407615,-1,-1,1197.738,1486771407385
8,18,2,0.3,1,2,3,1199.104,1486771408748,-1,-1,1198.871,1486771408518
8,19,2,0.3,1,0,0,1200.238,1486771409882,-1,-1,1200.004,1486771409652
8,20,2,0.3,1,0,1,1201.371,1486771411015,-1,-1,1201.138,1486771410785
8,21,2,0.3,1,2,3,1202.505,1486771412148,-1,-1,1202.271,1486771411918
8,22,2,0.3,1,0,2,1203.638,1486771413282,-1,-1,1203.405,1486771413051
