%Recollect Version 2.3. Scene/Level: , Game Number: 008
%Note: All true/false values are represented as "1" and "0" respectively.
%Damage:1,Player X Position,Player Y Position,Hearts Left,Time (Relative),Time (Absolute)
%LameBackObject:Algorithm Condition,Trial Number,Current N Level,Lure Rate,Is Correct,Stimulus Type,Stimulus Color,Presentation Time (R),Presentation Time (A),Response Time (R),Response Time (A),Expire Time (R),Expire Time (A)
%Possible values for "Color":Red=0,Blue=1,Green=2,Yellow=3,Purple=4,LightBlue=5,Brown=6,White=7,
%Possible values for "Type":NonTarget=0,Target=1,Lure=2,lessThanN=3,
8,1,2,0.3,1,3,2,30.5547,1486411170587,-1,-1,30.02151,1486411170054
8,2,2,0.3,0,3,3,33.62146,1486411173653,33.92168,1486411173954,33.05492,1486411173090
8,3,2,0.3,1,1,2,36.65501,1486411176687,37.82234,1486411177855,36.1216,1486411176156
8,4,2,0.3,1,2,2,39.68892,1486411179721,-1,-1,39.15508,1486411179190
8,5,2,0.3,1,2,3,42.75529,1486411182787,-1,-1,42.22194,1486411182257
8,6,2,0.3,1,1,2,45.78881,1486411185821,46.45644,1486411186489,45.25545,1486411185291
8,7,2,0.3,1,0,0,48.82317,1486411188855,-1,-1,48.28897,1486411188324
8,8,2,0.3,1,0,1,51.88915,1486411191921,-1,-1,51.35578,1486411191391
8,9,2,0.3,1,2,2,54.92261,1486411194955,-1,-1,54.38933,1486411194424
8,10,2,0.3,1,1,1,57.95624,1486411197988,59.08979,1486411199122,57.42288,1486411197457
8,11,2,0.3,1,0,0,60.98975,1486411201022,-1,-1,60.45638,1486411200491
8,12,2,0.3,1,1,1,63.98984,1486411204022,64.68977,1486411204722,63.4898,1486411203525
8,13,2,0.3,1,1,0,67.02333,1486411207055,67.75673,1486411207789,66.48995,1486411206524
8,14,2,0.3,1,0,2,70.05683,1486411210089,-1,-1,69.5236,1486411209560
8,15,2,0.3,1,2,1,73.09106,1486411213123,-1,-1,72.55698,1486411212592
8,16,2,0.3,1,2,1,76.15708,1486411216189,-1,-1,75.6238,1486411215659
8,17,2,0.3,1,0,0,79.1907,1486411219223,-1,-1,78.65771,1486411218692
8,18,2,0.3,1,2,0,82.19121,1486411222223,-1,-1,81.69077,1486411221726
8,19,2,0.3,1,0,2,85.29103,1486411225323,-1,-1,84.72442,1486411224759
8,20,2,0.3,1,0,3,88.32471,1486411228357,-1,-1,87.79153,1486411227826
8,21,2,0.3,1,0,1,91.32527,1486411231357,-1,-1,90.82477,1486411230860
8,22,2,0.3,1,1,3,94.39154,1486411234424,95.05885,1486411235091,93.85818,1486411233893
8,1,2,0.3,1,3,3,101.1752,1486411241207,-1,-1,100.6751,1486411240708
8,2,2,0.3,1,3,1,103.9421,1486411243974,-1,-1,103.442,1486411243477
8,3,2,0.3,1,1,3,106.7088,1486411246741,107.4092,1486411247441,106.2095,1486411246244
8,4,2,0.3,1,2,3,109.4758,1486411249508,-1,-1,108.9758,1486411249011
8,5,2,0.3,1,0,0,112.2427,1486411252275,-1,-1,111.7425,1486411251777
8,6,2,0.3,1,0,1,115.0094,1486411255041,-1,-1,114.5093,1486411254544
8,7,2,0.3,1,0,2,117.7762,1486411257808,-1,-1,117.2764,1486411257312
8,8,2,0.3,1,1,1,120.5431,1486411260575,121.5766,1486411261609,120.0431,1486411260077
8,9,2,0.3,1,0,3,123.3104,1486411263342,-1,-1,122.8098,1486411262844
8,10,2,0.3,1,1,1,126.0769,1486411266109,127.5103,1486411267542,125.5766,1486411265611
8,11,2,0.3,1,2,1,128.8436,1486411268876,-1,-1,128.3433,1486411268380
8,12,2,0.3,1,0,2,131.6104,1486411271642,-1,-1,131.1103,1486411271145
8,13,2,0.3,1,1,1,134.3771,1486411274409,134.9771,1486411275009,133.8771,1486411273912
8,14,2,0.3,1,2,1,137.144,1486411277176,-1,-1,136.644,1486411276679
8,15,2,0.3,0,2,2,139.9108,1486411279943,140.4775,1486411280510,139.4107,1486411279447
8,16,2,0.3,1,1,1,142.6777,1486411282710,143.611,1486411283643,142.1776,1486411282213
8,17,2,0.3,1,0,0,145.4445,1486411285476,-1,-1,144.9443,1486411284979
8,18,2,0.3,1,1,1,148.2112,1486411288243,148.8782,1486411288911,147.7112,1486411287746
8,19,2,0.3,1,2,1,150.9781,1486411291010,-1,-1,150.478,1486411290513
8,20,2,0.3,1,0,3,153.7449,1486411293777,-1,-1,153.2449,1486411293280
8,21,2,0.3,1,2,3,156.5117,1486411296544,-1,-1,156.0117,1486411296046
8,22,2,0.3,1,0,0,159.2785,1486411299311,-1,-1,158.7785,1486411298813
8,1,2,0.3,1,3,0,163.5455,1486411303577,-1,-1,163.112,1486411303145
8,2,2,0.3,1,3,2,166.0122,1486411306044,-1,-1,165.5788,1486411305613
8,3,2,0.3,1,0,1,168.479,1486411308511,-1,-1,168.0458,1486411308080
8,4,2,0.3,1,0,0,170.9459,1486411310978,-1,-1,170.5125,1486411310547
8,5,2,0.3,1,0,3,173.4128,1486411313445,-1,-1,172.9792,1486411313014
8,6,2,0.3,1,1,0,175.88,1486411315913,176.58,1486411316612,175.4464,1486411315481
8,7,2,0.3,1,1,3,178.3463,1486411318378,179.1798,1486411319212,177.9129,1486411317947
8,8,2,0.3,1,2,3,180.8132,1486411320845,-1,-1,180.3798,1486411320415
8,9,2,0.3,1,0,1,183.2799,1486411323312,-1,-1,182.8464,1486411322881
8,10,2,0.3,1,0,2,185.7467,1486411325779,-1,-1,185.3134,1486411325348
8,11,2,0.3,1,1,1,188.2136,1486411328246,188.7803,1486411328812,187.7801,1486411327815
8,12,2,0.3,1,2,1,190.6803,1486411330712,-1,-1,190.2469,1486411330282
8,13,2,0.3,1,1,1,193.1472,1486411333179,194.1805,1486411334213,192.7139,1486411332750
8,14,2,0.3,0,1,1,195.614,1486411335646,-1,-1,195.1806,1486411335216
8,15,2,0.3,1,0,0,198.0809,1486411338113,-1,-1,197.6475,1486411337682
8,16,2,0.3,1,2,0,200.5475,1486411340580,-1,-1,200.1141,1486411340149
8,17,2,0.3,1,0,2,203.0143,1486411343046,-1,-1,202.5809,1486411342616
8,18,2,0.3,1,0,3,205.4811,1486411345513,-1,-1,205.0477,1486411345081
8,19,2,0.3,1,2,0,207.9479,1486411347980,-1,-1,207.5145,1486411347549
8,20,2,0.3,1,1,3,210.4147,1486411350447,211.1481,1486411351180,209.9814,1486411350016
8,21,2,0.3,1,2,3,212.8814,1486411352913,-1,-1,212.4482,1486411352483
8,22,2,0.3,0,2,0,215.3483,1486411355380,216.0818,1486411356114,214.915,1486411354949
8,1,2,0.3,1,3,3,219.2152,1486411359247,-1,-1,218.8152,1486411358848
8,2,2,0.3,1,3,1,221.4487,1486411361481,-1,-1,221.0487,1486411361083
8,3,2,0.3,1,1,3,223.6828,1486411363715,224.4157,1486411364448,223.2821,1486411363319
8,4,2,0.3,1,0,2,225.9156,1486411365948,-1,-1,225.5156,1486411365550
8,5,2,0.3,1,0,0,228.1496,1486411368182,-1,-1,227.7492,1486411367784
8,6,2,0.3,1,2,0,230.3826,1486411370415,-1,-1,229.9826,1486411370018
8,7,2,0.3,1,0,3,232.616,1486411372648,-1,-1,232.216,1486411372250
8,8,2,0.3,1,2,3,234.8495,1486411374882,-1,-1,234.4494,1486411374484
8,9,2,0.3,1,0,2,237.083,1486411377115,-1,-1,236.6829,1486411376717
8,10,2,0.3,1,0,0,239.3164,1486411379348,-1,-1,238.9163,1486411378951
8,11,2,0.3,1,1,2,241.5505,1486411381582,242.4499,1486411382482,241.1498,1486411381185
8,12,2,0.3,1,1,0,243.7834,1486411383815,244.5836,1486411384616,243.3839,1486411383419
8,13,2,0.3,1,0,3,246.0167,1486411386049,-1,-1,245.6167,1486411385651
8,14,2,0.3,1,0,1,248.2507,1486411388283,-1,-1,247.8502,1486411387885
8,15,2,0.3,1,2,1,250.4835,1486411390516,-1,-1,250.0837,1486411390119
8,16,2,0.3,1,2,3,252.7172,1486411392749,-1,-1,252.3171,1486411392352
8,17,2,0.3,1,2,3,254.9505,1486411394983,-1,-1,254.5506,1486411394585
8,18,2,0.3,1,1,3,257.1841,1486411397216,258.051,1486411398083,256.7841,1486411396819
8,19,2,0.3,1,1,3,259.4175,1486411399449,260.1511,1486411400183,259.0175,1486411399053
8,20,2,0.3,1,1,3,261.651,1486411401683,262.4177,1486411402450,261.2509,1486411401286
8,21,2,0.3,1,0,1,263.8844,1486411403916,-1,-1,263.4844,1486411403520
8,22,2,0.3,1,2,1,266.1179,1486411406150,-1,-1,265.7179,1486411405752
8,1,2,0.3,1,3,0,270.6182,1486411410650,-1,-1,270.2848,1486411410318
8,2,2,0.3,1,3,3,272.6185,1486411412650,-1,-1,272.2849,1486411412319
8,3,2,0.3,1,2,3,274.6184,1486411414650,-1,-1,274.285,1486411414320
8,4,2,0.3,1,0,1,276.6185,1486411416651,-1,-1,276.2858,1486411416321
8,5,2,0.3,1,1,3,278.6186,1486411418651,279.5189,1486411419551,278.2858,1486411418321
8,6,2,0.3,1,1,1,280.6187,1486411420651,281.6521,1486411421684,280.2854,1486411420320
8,7,2,0.3,1,2,1,282.6188,1486411422651,-1,-1,282.2856,1486411422320
8,8,2,0.3,1,0,0,284.6189,1486411424651,-1,-1,284.2856,1486411424320
8,9,2,0.3,1,0,3,286.619,1486411426651,-1,-1,286.2858,1486411426321
8,10,2,0.3,1,2,1,288.6192,1486411428651,-1,-1,288.2859,1486411428321
8,11,2,0.3,1,0,2,290.6193,1486411430651,-1,-1,290.2859,1486411430322
8,12,2,0.3,1,0,0,292.6194,1486411432651,-1,-1,292.2865,1486411432321
8,13,2,0.3,1,1,2,294.6195,1486411434652,295.3198,1486411435352,294.2862,1486411434321
8,14,2,0.3,1,0,3,296.6196,1486411436652,-1,-1,296.2863,1486411436321
8,15,2,0.3,0,2,0,298.6197,1486411438652,299.7867,1486411439819,298.2864,1486411438321
8,16,2,0.3,1,0,1,300.6198,1486411440652,-1,-1,300.2864,1486411440321
8,17,2,0.3,1,2,1,302.62,1486411442652,-1,-1,302.2866,1486411442322
8,18,2,0.3,1,1,1,304.6201,1486411444652,305.3201,1486411445352,304.2867,1486411444322
8,19,2,0.3,1,2,3,306.6201,1486411446652,-1,-1,306.2868,1486411446321
8,20,2,0.3,1,1,1,308.6203,1486411448652,309.287,1486411449319,308.2869,1486411448322
8,21,2,0.3,1,1,3,310.6204,1486411450652,311.2538,1486411451286,310.287,1486411450321
8,22,2,0.3,1,0,0,312.6205,1486411452653,-1,-1,312.2872,1486411452322
8,1,2,0.3,1,3,1,316.3542,1486411456386,-1,-1,316.0209,1486411456054
8,2,2,0.3,1,3,2,318.1875,1486411458219,-1,-1,317.8542,1486411457890
8,3,2,0.3,1,1,1,320.0214,1486411460053,320.7542,1486411460786,319.6876,1486411459723
8,4,2,0.3,1,2,1,321.8544,1486411461886,-1,-1,321.521,1486411461556
8,5,2,0.3,0,2,2,323.6878,1486411463720,324.488,1486411464520,323.3545,1486411463389
8,6,2,0.3,1,2,2,325.5212,1486411465554,-1,-1,325.1878,1486411465222
8,7,2,0.3,1,0,3,327.3548,1486411467387,-1,-1,327.0213,1486411467057
8,8,2,0.3,1,1,2,329.1881,1486411469220,329.955,1486411469987,328.8548,1486411468889
8,9,2,0.3,1,0,0,331.022,1486411471054,-1,-1,330.6882,1486411470723
8,10,2,0.3,1,2,0,332.855,1486411472887,-1,-1,332.5221,1486411472557
8,11,2,0.3,1,1,0,334.6884,1486411474720,335.422,1486411475454,334.3556,1486411474391
8,12,2,0.3,1,0,2,336.5218,1486411476554,-1,-1,336.1885,1486411476223
8,13,2,0.3,1,0,3,338.3553,1486411478387,-1,-1,338.0219,1486411478056
8,14,2,0.3,1,1,2,340.1887,1486411480221,340.9557,1486411480988,339.8555,1486411479890
8,15,2,0.3,1,0,0,342.0222,1486411482054,-1,-1,341.6888,1486411481723
8,16,2,0.3,1,0,1,343.8557,1486411483888,-1,-1,343.5222,1486411483557
8,17,2,0.3,1,2,1,345.689,1486411485721,-1,-1,345.3557,1486411485390
8,18,2,0.3,1,2,0,347.5225,1486411487554,-1,-1,347.1891,1486411487224
8,19,2,0.3,1,1,1,349.356,1486411489388,350.7559,1486411490788,349.0226,1486411489059
8,20,2,0.3,1,0,3,351.1893,1486411491221,-1,-1,350.856,1486411490890
8,21,2,0.3,1,1,1,353.0228,1486411493055,353.7231,1486411493755,352.6894,1486411492725
8,22,2,0.3,1,0,0,354.8562,1486411494888,-1,-1,354.5229,1486411494557
8,1,2,0.3,1,3,1,358.3898,1486411498423,-1,-1,358.09,1486411498123
8,2,2,0.3,1,3,2,360.0235,1486411500055,-1,-1,359.7232,1486411499758
8,3,2,0.3,1,0,3,361.6565,1486411501688,-1,-1,361.3566,1486411501391
8,4,2,0.3,1,1,2,363.29,1486411503322,364.1903,1486411504222,362.9904,1486411503026
8,5,2,0.3,1,2,2,364.9235,1486411504955,-1,-1,364.6235,1486411504658
8,6,2,0.3,1,0,1,366.5569,1486411506589,-1,-1,366.2569,1486411506291
8,7,2,0.3,1,2,1,368.1903,1486411508222,-1,-1,367.8903,1486411507926
8,8,2,0.3,1,2,2,369.8238,1486411509856,-1,-1,369.5238,1486411509558
8,9,2,0.3,1,0,3,371.4572,1486411511489,-1,-1,371.1571,1486411511192
8,10,2,0.3,1,2,1,373.0906,1486411513123,-1,-1,372.7912,1486411512826
8,11,2,0.3,1,0,0,374.7241,1486411514756,-1,-1,374.4241,1486411514459
8,12,2,0.3,1,0,2,376.3574,1486411516389,-1,-1,376.0574,1486411516092
8,13,2,0.3,1,2,1,377.9908,1486411518023,-1,-1,377.6908,1486411517725
8,14,2,0.3,1,0,3,379.6243,1486411519656,-1,-1,379.3242,1486411519361
8,15,2,0.3,1,1,1,381.2577,1486411521290,381.9577,1486411521990,380.9577,1486411520992
8,16,2,0.3,1,0,0,382.8912,1486411522923,-1,-1,382.5911,1486411522626
8,17,2,0.3,1,2,3,384.5246,1486411524557,-1,-1,384.2245,1486411524259
8,18,2,0.3,1,1,0,386.1579,1486411526190,386.8247,1486411526857,385.8579,1486411525893
8,19,2,0.3,1,1,3,387.7914,1486411527823,388.525,1486411528557,387.4914,1486411527526
8,20,2,0.3,1,1,0,389.4254,1486411529457,390.2581,1486411530290,389.1255,1486411529160
8,21,2,0.3,1,0,1,391.0583,1486411531090,-1,-1,390.7582,1486411530795
8,22,2,0.3,1,1,0,392.6917,1486411532724,393.492,1486411533524,392.3917,1486411532426
8,1,2,0.3,1,3,1,396.0252,1486411536057,-1,-1,395.7588,1486411535791
8,2,2,0.3,1,3,3,397.4926,1486411537525,-1,-1,397.2253,1486411537260
8,3,2,0.3,1,1,1,398.9587,1486411538991,399.6258,1486411539658,398.692,1486411538726
8,4,2,0.3,1,0,2,400.4254,1486411540457,-1,-1,400.1588,1486411540193
8,5,2,0.3,1,1,1,401.8922,1486411541924,402.5923,1486411542625,401.6256,1486411541660
8,6,2,0.3,1,2,1,403.3589,1486411543391,-1,-1,403.0923,1486411543128
8,7,2,0.3,1,1,1,404.8257,1486411544858,405.5257,1486411545558,404.559,1486411544594
8,8,2,0.3,1,0,2,406.2924,1486411546325,-1,-1,406.0258,1486411546061
8,9,2,0.3,1,1,1,407.7592,1486411547791,408.4593,1486411548492,407.4926,1486411547527
8,10,2,0.3,1,0,0,409.226,1486411549258,-1,-1,408.9594,1486411548994
8,11,2,0.3,1,0,3,410.6928,1486411550725,-1,-1,410.426,1486411550464
8,12,2,0.3,1,0,2,412.1595,1486411552191,-1,-1,411.8929,1486411551927
8,13,2,0.3,1,2,0,413.6266,1486411553659,-1,-1,413.3595,1486411553394
8,14,2,0.3,1,0,1,415.0937,1486411555126,-1,-1,414.8268,1486411554861
8,15,2,0.3,1,2,2,416.5597,1486411556592,-1,-1,416.293,1486411556328
8,16,2,0.3,1,0,3,418.0268,1486411558059,-1,-1,417.7598,1486411557794
8,17,2,0.3,1,1,2,419.4933,1486411559525,420.2933,1486411560326,419.2265,1486411559261
8,18,2,0.3,1,2,2,420.96,1486411560992,-1,-1,420.6933,1486411560728
8,19,2,0.3,1,2,3,422.4267,1486411562459,-1,-1,422.1602,1486411562195
8,20,2,0.3,1,1,2,423.8935,1486411563925,424.527,1486411564559,423.6273,1486411563662
8,21,2,0.3,1,0,0,425.3602,1486411565392,-1,-1,425.0936,1486411565129
8,22,2,0.3,1,2,3,426.8269,1486411566859,-1,-1,426.5602,1486411566595
8,1,2,0.3,1,3,0,429.7604,1486411569792,-1,-1,429.5271,1486411569560
8,2,2,0.3,1,3,3,431.0939,1486411571126,-1,-1,430.8605,1486411570895
8,3,2,0.3,1,0,1,432.4272,1486411572459,-1,-1,432.1939,1486411572228
8,4,2,0.3,1,1,3,433.7607,1486411573793,434.4609,1486411574493,433.5273,1486411573562
8,5,2,0.3,1,0,0,435.0941,1486411575126,-1,-1,434.8607,1486411574895
8,6,2,0.3,1,1,3,436.4275,1486411576459,437.0276,1486411577060,436.1942,1486411576229
8,7,2,0.3,1,0,1,437.7612,1486411577793,-1,-1,437.5276,1486411577562
8,8,2,0.3,1,0,2,439.0943,1486411579126,-1,-1,438.8612,1486411578898
8,9,2,0.3,1,1,1,440.4283,1486411580460,440.9279,1486411580960,440.1944,1486411580229
8,10,2,0.3,1,0,3,441.7611,1486411581793,-1,-1,441.5278,1486411581562
8,11,2,0.3,1,0,0,443.0944,1486411583126,-1,-1,442.8612,1486411582896
8,12,2,0.3,1,2,0,444.4279,1486411584460,-1,-1,444.1946,1486411584229
8,13,2,0.3,1,2,3,445.7614,1486411585793,-1,-1,445.5285,1486411585564
8,14,2,0.3,1,2,3,447.0948,1486411587127,-1,-1,446.8614,1486411586896
8,15,2,0.3,1,1,3,448.4281,1486411588460,448.9285,1486411588961,448.1954,1486411588230
8,16,2,0.3,1,1,3,449.7615,1486411589793,450.3616,1486411590394,449.5282,1486411589563
8,17,2,0.3,1,0,0,451.095,1486411591127,-1,-1,450.8616,1486411590896
8,18,2,0.3,1,0,2,452.4284,1486411592460,-1,-1,452.195,1486411592229
8,19,2,0.3,1,2,3,453.7618,1486411593794,-1,-1,453.5284,1486411593563
8,20,2,0.3,1,2,0,455.0953,1486411595127,-1,-1,454.8619,1486411594896
8,21,2,0.3,0,1,3,456.4286,1486411596461,-1,-1,456.1953,1486411596230
8,22,2,0.3,0,2,3,457.762,1486411597794,458.8621,1486411598894,457.5291,1486411597564
8,1,2,0.3,1,3,0,460.0288,1486411600061,-1,-1,459.7956,1486411599829
8,2,2,0.3,1,3,3,461.2628,1486411601295,-1,-1,461.0288,1486411601064
8,3,2,0.3,1,0,1,462.4956,1486411602528,-1,-1,462.2623,1486411602297
8,4,2,0.3,1,0,2,463.7291,1486411603761,-1,-1,463.4956,1486411603531
8,5,2,0.3,0,1,1,464.9624,1486411604994,-1,-1,464.7291,1486411604764
8,6,2,0.3,1,2,1,466.1958,1486411606228,-1,-1,465.9632,1486411606001
8,7,2,0.3,1,1,1,467.4293,1486411607461,468.1629,1486411608195,467.1959,1486411607230
8,8,2,0.3,1,0,3,468.6626,1486411608695,-1,-1,468.4294,1486411608464
8,9,2,0.3,1,1,1,469.8965,1486411609928,470.7632,1486411610795,469.6628,1486411609697
8,10,2,0.3,1,2,1,471.1296,1486411611162,-1,-1,470.8962,1486411610932
8,11,2,0.3,1,0,2,472.3629,1486411612395,-1,-1,472.1295,1486411612164
8,12,2,0.3,1,0,3,473.5962,1486411613628,-1,-1,473.3629,1486411613397
8,13,2,0.3,0,2,1,474.8297,1486411614862,475.3631,1486411615395,474.5963,1486411614631
8,14,2,0.3,1,0,0,476.064,1486411616096,-1,-1,475.8296,1486411615864
8,15,2,0.3,1,0,2,477.2964,1486411617328,-1,-1,477.0639,1486411617099
8,16,2,0.3,1,1,0,478.5299,1486411618560,479.4634,1486411619492,478.2965,1486411618330
8,17,2,0.3,1,2,0,479.7634,1486411619792,-1,-1,479.5299,1486411619561
8,18,2,0.3,0,2,2,480.9968,1486411621025,481.7301,1486411621759,480.7634,1486411620795
8,19,2,0.3,1,1,0,482.2299,1486411622259,482.9969,1486411623026,481.9966,1486411622028
8,20,2,0.3,1,2,0,483.4635,1486411623492,-1,-1,483.2301,1486411623261
8,21,2,0.3,1,1,0,484.6969,1486411624726,485.2971,1486411625326,484.4635,1486411624495
8,22,2,0.3,1,0,2,485.9305,1486411625959,-1,-1,485.6969,1486411625728
8,1,2,0.3,1,3,1,488.9643,1486411628993,-1,-1,488.7306,1486411628760
8,2,2,0.3,1,3,3,490.1973,1486411630226,-1,-1,489.964,1486411629995
8,3,2,0.3,1,0,2,491.4306,1486411631459,-1,-1,491.1971,1486411631229
8,4,2,0.3,1,1,3,492.6642,1486411632693,493.3976,1486411633426,492.4312,1486411632463
8,5,2,0.3,1,0,1,493.8974,1486411633926,-1,-1,493.6646,1486411633696
8,6,2,0.3,1,2,2,495.1308,1486411635159,-1,-1,494.8974,1486411634928
8,7,2,0.3,1,0,0,496.3643,1486411636393,-1,-1,496.1308,1486411636162
8,8,2,0.3,1,1,2,497.598,1486411637627,498.1642,1486411638193,497.3642,1486411637395
8,9,2,0.3,1,0,1,498.831,1486411638860,-1,-1,498.5976,1486411638629
8,10,2,0.3,1,0,3,500.0644,1486411640093,-1,-1,499.8311,1486411639862
8,11,2,0.3,0,1,1,501.2978,1486411641326,-1,-1,501.0644,1486411641095
8,12,2,0.3,0,1,3,502.5312,1486411642560,-1,-1,502.2984,1486411642331
8,13,2,0.3,1,0,0,503.7646,1486411643793,-1,-1,503.5313,1486411643563
8,14,2,0.3,0,2,1,504.998,1486411645027,505.5981,1486411645627,504.7648,1486411644796
8,15,2,0.3,1,2,3,506.2314,1486411646260,-1,-1,505.9981,1486411646029
8,16,2,0.3,0,2,0,507.4648,1486411647493,508.1318,1486411648161,507.2315,1486411647263
8,17,2,0.3,1,2,1,508.6982,1486411648727,-1,-1,508.4654,1486411648497
8,18,2,0.3,0,2,1,509.9316,1486411649960,510.5317,1486411650561,509.6983,1486411649729
8,19,2,0.3,1,0,3,511.165,1486411651194,-1,-1,510.9317,1486411650963
8,20,2,0.3,0,1,1,512.3984,1486411652427,-1,-1,512.1652,1486411652197
8,21,2,0.3,1,0,2,513.6318,1486411653660,-1,-1,513.3989,1486411653430
8,22,2,0.3,0,1,1,514.8652,1486411654894,-1,-1,514.6318,1486411654664
8,1,2,0.3,1,3,3,517.3987,1486411657427,-1,-1,517.1653,1486411657195
8,2,2,0.3,1,3,1,518.7321,1486411658761,-1,-1,518.4987,1486411658531
8,3,2,0.3,1,1,3,520.0655,1486411660094,520.5991,1486411660628,519.8328,1486411659864
8,4,2,0.3,1,1,1,521.3993,1486411661428,522.0327,1486411662061,521.1655,1486411661197
8,5,2,0.3,1,0,2,522.7324,1486411662761,-1,-1,522.499,1486411662530
8,6,2,0.3,1,1,1,524.0657,1486411664094,524.7324,1486411664761,523.8324,1486411663864
8,7,2,0.3,1,0,0,525.3991,1486411665428,-1,-1,525.1659,1486411665197
8,8,2,0.3,1,1,1,526.7326,1486411666761,527.3329,1486411667362,526.4992,1486411666530
8,9,2,0.3,1,2,1,528.066,1486411668095,-1,-1,527.8326,1486411667864
8,10,2,0.3,1,2,0,529.3994,1486411669428,-1,-1,529.166,1486411669198
8,11,2,0.3,1,0,2,530.7328,1486411670762,-1,-1,530.4994,1486411670531
8,12,2,0.3,1,0,3,532.0661,1486411672095,-1,-1,531.8328,1486411671864
8,13,2,0.3,1,0,1,533.3996,1486411673428,-1,-1,533.1663,1486411673197
8,14,2,0.3,1,2,1,534.733,1486411674762,-1,-1,534.4996,1486411674532
8,15,2,0.3,1,0,2,536.0664,1486411676095,-1,-1,535.8331,1486411675864
8,16,2,0.3,1,0,0,537.4004,1486411677429,-1,-1,537.1664,1486411677198
8,17,2,0.3,1,2,0,538.7333,1486411678762,-1,-1,538.4999,1486411678531
8,18,2,0.3,1,1,0,540.0667,1486411680095,540.6334,1486411680662,539.8334,1486411679865
8,19,2,0.3,1,0,2,541.4,1486411681429,-1,-1,541.1667,1486411681200
8,20,2,0.3,1,1,0,542.7335,1486411682762,543.3336,1486411683362,542.5001,1486411682531
8,21,2,0.3,1,2,0,544.0668,1486411684095,-1,-1,543.8335,1486411683865
8,22,2,0.3,1,2,2,545.4002,1486411685429,-1,-1,545.1669,1486411685198
8,1,2,0.3,1,3,1,548.0004,1486411688029,-1,-1,547.7673,1486411687797
8,2,2,0.3,1,3,3,549.2338,1486411689262,-1,-1,549.0004,1486411689031
8,3,2,0.3,1,1,1,550.4672,1486411690496,551.2009,1486411691230,550.2338,1486411690266
8,4,2,0.3,1,1,3,551.7006,1486411691729,552.2341,1486411692263,551.4673,1486411691500
8,5,2,0.3,1,0,0,552.9341,1486411692963,-1,-1,552.7007,1486411692732
8,6,2,0.3,1,2,1,554.1674,1486411694196,-1,-1,553.9341,1486411693965
8,7,2,0.3,1,0,2,555.4008,1486411695429,-1,-1,555.1675,1486411695198
8,8,2,0.3,1,1,1,556.6342,1486411696663,557.4343,1486411697464,556.4009,1486411696433
8,9,2,0.3,1,0,3,557.8676,1486411697896,-1,-1,557.6349,1486411697666
8,10,2,0.3,1,1,1,559.101,1486411699130,559.701,1486411699730,558.8677,1486411698900
8,11,2,0.3,1,2,1,560.3344,1486411700363,-1,-1,560.1011,1486411700133
8,12,2,0.3,1,0,0,561.5678,1486411701596,-1,-1,561.335,1486411701366
8,13,2,0.3,1,2,0,562.8018,1486411702830,-1,-1,562.5679,1486411702599
8,14,2,0.3,1,1,0,564.0346,1486411704063,564.5348,1486411704564,563.8013,1486411703832
8,15,2,0.3,1,0,1,565.268,1486411705297,-1,-1,565.0348,1486411705066
8,16,2,0.3,1,0,3,566.5015,1486411706530,-1,-1,566.2681,1486411706300
8,17,2,0.3,1,1,1,567.7349,1486411707764,568.2018,1486411708231,567.5015,1486411707533
8,18,2,0.3,1,0,2,568.9683,1486411708997,-1,-1,568.7351,1486411708766
8,19,2,0.3,1,0,0,570.2018,1486411710230,-1,-1,569.9683,1486411709999
8,20,2,0.3,1,2,1,571.4351,1486411711464,-1,-1,571.2017,1486411711233
8,21,2,0.3,0,2,2,572.6684,1486411712697,573.402,1486411713431,572.4351,1486411712469
8,22,2,0.3,1,2,0,573.9018,1486411713930,-1,-1,573.6685,1486411713700
8,1,2,0.3,1,3,3,584.2024,1486411724232,-1,-1,583.9691,1486411723998
8,2,2,0.3,1,3,0,585.3358,1486411725365,-1,-1,585.1025,1486411725134
8,3,2,0.3,1,2,0,586.4692,1486411726498,-1,-1,586.2359,1486411726267
8,4,2,0.3,1,1,0,587.6027,1486411727631,588.2693,1486411728298,587.3692,1486411727401
8,5,2,0.3,1,0,3,588.7363,1486411728765,-1,-1,588.5027,1486411728534
8,6,2,0.3,1,0,1,589.8694,1486411729898,-1,-1,589.636,1486411729668
8,7,2,0.3,1,0,2,591.0029,1486411731032,-1,-1,590.7695,1486411730801
8,8,2,0.3,1,0,0,592.1362,1486411732165,-1,-1,591.903,1486411731934
8,9,2,0.3,1,2,0,593.2697,1486411733298,-1,-1,593.0363,1486411733068
8,10,2,0.3,1,2,2,594.4037,1486411734432,-1,-1,594.1697,1486411734201
8,11,2,0.3,1,1,0,595.5364,1486411735565,596.3367,1486411736366,595.3032,1486411735335
8,12,2,0.3,1,1,2,596.6698,1486411736698,597.5366,1486411737565,596.4365,1486411736468
8,13,2,0.3,0,1,0,597.8032,1486411737832,-1,-1,597.5705,1486411737602
8,14,2,0.3,1,0,3,598.9367,1486411738965,-1,-1,598.7033,1486411738735
8,15,2,0.3,1,1,0,600.07,1486411740099,600.8702,1486411740899,599.8368,1486411739868
8,16,2,0.3,1,2,0,601.2036,1486411741232,-1,-1,600.97,1486411741001
8,17,2,0.3,0,2,3,602.3368,1486411742365,602.9035,1486411742932,602.1033,1486411742134
8,18,2,0.3,1,0,2,603.4702,1486411743499,-1,-1,603.2368,1486411743269
8,19,2,0.3,1,1,3,604.6037,1486411744632,605.2372,1486411745266,604.3702,1486411744401
8,20,2,0.3,1,2,3,605.7371,1486411745766,-1,-1,605.5039,1486411745535
8,21,2,0.3,1,0,0,606.8704,1486411746900,-1,-1,606.637,1486411746668
8,22,2,0.3,1,0,2,608.0038,1486411748032,-1,-1,607.7704,1486411747802
8,1,2,0.3,1,3,3,621.3046,1486411761334,-1,-1,621.1378,1486411761167
8,2,2,0.3,1,3,0,622.2713,1486411762300,-1,-1,622.1047,1486411762136
8,3,2,0.3,1,0,1,623.238,1486411763267,-1,-1,623.0713,1486411763103
8,4,2,0.3,1,2,1,624.2048,1486411764234,-1,-1,624.0381,1486411764069
8,5,2,0.3,1,1,1,625.1714,1486411765200,625.8381,1486411765867,625.0048,1486411765036
8,6,2,0.3,1,0,3,626.1385,1486411766167,-1,-1,625.9714,1486411766003
8,7,2,0.3,1,1,1,627.1055,1486411767134,627.8048,1486411767834,626.9382,1486411766969
8,8,2,0.3,1,1,3,628.0716,1486411768100,628.8718,1486411768901,627.9049,1486411767937
8,9,2,0.3,1,2,3,629.0383,1486411769067,-1,-1,628.8718,1486411768904
8,10,2,0.3,1,0,0,630.0049,1486411770034,-1,-1,629.8383,1486411769871
8,11,2,0.3,1,0,2,630.9717,1486411771000,-1,-1,630.8055,1486411770837
8,12,2,0.3,1,1,0,631.9385,1486411771967,632.472,1486411772501,631.7718,1486411771803
8,13,2,0.3,1,1,2,632.9059,1486411772935,633.5054,1486411773534,632.7388,1486411772770
8,14,2,0.3,1,2,2,633.8719,1486411773901,-1,-1,633.7051,1486411773737
8,15,2,0.3,0,1,2,634.8386,1486411774867,-1,-1,634.6719,1486411774704
8,16,2,0.3,1,2,1,635.8054,1486411775834,-1,-1,635.6387,1486411775670
8,17,2,0.3,0,2,1,636.772,1486411776801,637.5723,1486411777601,636.6054,1486411776637
8,18,2,0.3,1,0,3,637.7388,1486411777767,-1,-1,637.5723,1486411777604
8,19,2,0.3,1,0,2,638.7061,1486411778735,-1,-1,638.5388,1486411778570
8,20,2,0.3,1,0,0,639.6722,1486411779701,-1,-1,639.5054,1486411779539
8,21,2,0.3,1,0,1,640.6389,1486411780668,-1,-1,640.4723,1486411780504
8,22,2,0.3,1,2,2,641.6057,1486411781634,-1,-1,641.439,1486411781470
8,1,2,0.3,1,3,2,656.8899,1486411796919,-1,-1,656.7234,1486411796753
8,2,2,0.3,1,3,0,657.8566,1486411797885,-1,-1,657.6899,1486411797721
8,3,2,0.3,1,0,3,658.8234,1486411798852,-1,-1,658.6566,1486411798688
8,4,2,0.3,1,1,0,659.79,1486411799819,660.2902,1486411800319,659.6234,1486411799655
8,5,2,0.3,1,2,0,660.7576,1486411800786,-1,-1,660.5901,1486411800621
8,6,2,0.3,1,1,0,661.7234,1486411801752,662.3569,1486411802386,661.5568,1486411801588
8,7,2,0.3,1,2,3,662.6902,1486411802719,-1,-1,662.5236,1486411802555
8,8,2,0.3,1,1,0,663.6569,1486411803686,664.2903,1486411804319,663.4902,1486411803522
8,9,2,0.3,0,1,3,664.6237,1486411804652,-1,-1,664.457,1486411804488
8,10,2,0.3,1,0,2,665.5903,1486411805619,-1,-1,665.4249,1486411805458
8,11,2,0.3,1,1,3,666.5571,1486411806586,667.2573,1486411807286,666.3904,1486411806422
8,12,2,0.3,1,1,2,667.5237,1486411807552,668.2241,1486411808253,667.3571,1486411807388
8,13,2,0.3,1,0,1,668.4905,1486411808519,-1,-1,668.3239,1486411808356
8,14,2,0.3,1,2,3,669.4572,1486411809486,-1,-1,669.2911,1486411809322
8,15,2,0.3,1,0,0,670.4241,1486411810453,-1,-1,670.2573,1486411810289
8,16,2,0.3,1,2,0,671.3906,1486411811419,-1,-1,671.2241,1486411811255
8,17,2,0.3,1,0,1,672.3573,1486411812386,-1,-1,672.1907,1486411812222
8,18,2,0.3,1,2,1,673.3242,1486411813354,-1,-1,673.1576,1486411813189
8,19,2,0.3,1,2,0,674.2908,1486411814319,-1,-1,674.1241,1486411814156
8,20,2,0.3,1,0,2,675.2576,1486411815286,-1,-1,675.0909,1486411815123
8,21,2,0.3,1,0,3,676.2244,1486411816253,-1,-1,676.0577,1486411816089
8,22,2,0.3,1,0,1,677.191,1486411817220,-1,-1,677.0244,1486411817057
8,1,2,0.3,1,3,3,683.058,1486411823087,-1,-1,682.8917,1486411822921
8,2,2,0.3,1,3,2,683.9581,1486411823987,-1,-1,683.7914,1486411823823
8,3,2,0.3,0,1,3,684.8581,1486411824887,-1,-1,684.6914,1486411824724
8,4,2,0.3,1,0,0,685.7582,1486411825787,-1,-1,685.5914,1486411825622
8,5,2,0.3,0,1,3,686.6589,1486411826688,-1,-1,686.4915,1486411826523
8,6,2,0.3,0,0,1,687.5582,1486411827587,687.6919,1486411827721,687.3916,1486411827423
8,7,2,0.3,1,0,2,688.4583,1486411828487,-1,-1,688.2916,1486411828323
8,8,2,0.3,1,1,1,689.3584,1486411829387,690.0924,1486411830121,689.1917,1486411829223
8,9,2,0.3,1,0,3,690.2583,1486411830287,-1,-1,690.0924,1486411830124
8,10,2,0.3,1,0,0,691.1584,1486411831187,-1,-1,690.9918,1486411831024
8,11,2,0.3,0,2,1,692.0585,1486411832087,692.6919,1486411832721,691.8918,1486411831923
8,12,2,0.3,1,0,2,692.9586,1486411832987,-1,-1,692.7919,1486411832825
8,13,2,0.3,1,0,3,693.8589,1486411833888,-1,-1,693.692,1486411833723
8,14,2,0.3,1,1,2,694.7587,1486411834787,695.3254,1486411835354,694.5922,1486411834624
8,15,2,0.3,1,1,3,695.659,1486411835688,696.1255,1486411836154,695.4922,1486411835523
8,16,2,0.3,1,0,0,696.5588,1486411836588,-1,-1,696.3921,1486411836424
8,17,2,0.3,1,1,3,697.4587,1486411837487,697.959,1486411837988,697.2921,1486411837323
8,18,2,0.3,1,2,3,698.3589,1486411838388,-1,-1,698.1922,1486411838223
8,19,2,0.3,1,2,0,699.2589,1486411839288,-1,-1,699.0922,1486411839124
8,20,2,0.3,1,2,0,700.1589,1486411840188,-1,-1,699.9923,1486411840024
8,21,2,0.3,1,2,3,701.059,1486411841088,-1,-1,700.8925,1486411840924
8,22,2,0.3,1,2,3,701.9597,1486411841988,-1,-1,701.7924,1486411841824
8,1,2,0.3,1,3,3,711.3598,1486411851388,-1,-1,711.1933,1486411851223
8,2,2,0.3,1,3,2,712.2597,1486411852289,-1,-1,712.0931,1486411852126
8,3,2,0.3,1,0,0,713.1597,1486411853188,-1,-1,712.993,1486411853024
8,4,2,0.3,1,2,0,714.0598,1486411854088,-1,-1,713.8931,1486411853924
8,5,2,0.3,1,0,1,714.9599,1486411854989,-1,-1,714.7932,1486411854825
8,6,2,0.3,1,2,1,715.8599,1486411855889,-1,-1,715.6932,1486411855725
8,7,2,0.3,1,2,0,716.7599,1486411856789,-1,-1,716.5931,1486411856624
8,8,2,0.3,1,0,3,717.6604,1486411857689,-1,-1,717.4933,1486411857524
8,9,2,0.3,1,2,1,718.56,1486411858589,-1,-1,718.3934,1486411858425
8,10,2,0.3,0,1,3,719.46,1486411859489,-1,-1,719.2934,1486411859325
8,11,2,0.3,1,0,0,720.3601,1486411860389,-1,-1,720.1935,1486411860225
8,12,2,0.3,0,1,3,721.2601,1486411861289,-1,-1,721.094,1486411861125
8,13,2,0.3,0,1,0,722.1603,1486411862189,-1,-1,721.9935,1486411862025
8,14,2,0.3,1,0,1,723.0602,1486411863089,-1,-1,722.8935,1486411862926
8,15,2,0.3,1,0,2,723.9603,1486411863989,-1,-1,723.7936,1486411863825
8,16,2,0.3,1,1,1,724.8604,1486411864889,725.2941,1486411865323,724.6937,1486411864725
8,17,2,0.3,1,2,1,725.7604,1486411865789,-1,-1,725.5939,1486411865625
8,18,2,0.3,1,0,0,726.6604,1486411866689,-1,-1,726.4938,1486411866525
8,19,2,0.3,1,1,1,727.5605,1486411867589,728.1279,1486411868157,727.3939,1486411867425
8,20,2,0.3,1,1,0,728.4605,1486411868489,729.1276,1486411869157,728.2939,1486411868325
8,21,2,0.3,1,2,0,729.3611,1486411869390,-1,-1,729.194,1486411869226
8,22,2,0.3,1,0,2,730.2612,1486411870290,-1,-1,730.094,1486411870125
8,1,2,0.3,1,3,0,743.3948,1486411883423,-1,-1,743.2283,1486411883258
8,2,2,0.3,1,3,3,744.2948,1486411884323,-1,-1,744.1281,1486411884161
8,3,2,0.3,1,2,3,745.1949,1486411885224,-1,-1,745.0284,1486411885060
8,4,2,0.3,1,0,2,746.095,1486411886124,-1,-1,745.9282,1486411885961
8,5,2,0.3,1,1,3,746.9951,1486411887024,747.5618,1486411887591,746.8282,1486411886860
8,6,2,0.3,1,0,1,747.895,1486411887924,-1,-1,747.7283,1486411887759
8,7,2,0.3,1,2,2,748.795,1486411888824,-1,-1,748.6283,1486411888659
8,8,2,0.3,1,0,0,749.6951,1486411889724,-1,-1,749.5284,1486411889560
8,9,2,0.3,1,0,3,750.5952,1486411890624,-1,-1,750.4285,1486411890460
8,10,2,0.3,1,1,0,751.4951,1486411891524,752.1285,1486411892157,751.3285,1486411891360
8,11,2,0.3,1,1,3,752.3953,1486411892424,752.962,1486411892991,752.2286,1486411892260
8,12,2,0.3,1,2,3,753.2953,1486411893324,-1,-1,753.1286,1486411893160
8,13,2,0.3,1,1,3,754.196,1486411894225,754.6958,1486411894725,754.0287,1486411894060
8,14,2,0.3,1,1,3,755.0954,1486411895124,755.6628,1486411895692,754.9287,1486411894960
8,15,2,0.3,1,0,0,755.9954,1486411896024,-1,-1,755.8288,1486411895860
8,16,2,0.3,1,0,1,756.8958,1486411896924,-1,-1,756.7288,1486411896761
8,17,2,0.3,1,2,3,757.7955,1486411897824,-1,-1,757.6294,1486411897661
8,18,2,0.3,1,2,3,758.6957,1486411898724,-1,-1,758.5289,1486411898560
8,19,2,0.3,1,1,3,759.5957,1486411899624,760.129,1486411900158,759.429,1486411899460
8,20,2,0.3,1,0,1,760.4957,1486411900524,-1,-1,760.329,1486411900360
8,21,2,0.3,0,2,1,761.3958,1486411901424,761.996,1486411902025,761.2291,1486411901260
8,22,2,0.3,1,0,0,762.296,1486411902325,-1,-1,762.1292,1486411902160
8,1,2,0.3,1,3,0,772.3631,1486411912392,-1,-1,772.1966,1486411912226
8,2,2,0.3,1,3,3,773.1969,1486411913226,-1,-1,773.0299,1486411913061
8,3,2,0.3,0,1,0,774.0298,1486411914058,-1,-1,773.8632,1486411913895
8,4,2,0.3,0,1,3,774.8298,1486411914858,-1,-1,774.6655,1486411914697
8,5,2,0.3,1,0,2,775.6635,1486411915692,-1,-1,775.4968,1486411915531
8,6,2,0.3,1,2,2,776.4966,1486411916525,-1,-1,776.3303,1486411916362
8,7,2,0.3,1,2,3,777.33,1486411917359,-1,-1,777.1634,1486411917195
8,8,2,0.3,1,0,1,778.1638,1486411918192,-1,-1,777.9967,1486411918028
8,9,2,0.3,1,0,0,778.9968,1486411919025,-1,-1,778.8301,1486411918861
8,10,2,0.3,1,2,0,779.8301,1486411919859,-1,-1,779.6641,1486411919695
8,11,2,0.3,1,2,1,780.6635,1486411920692,-1,-1,780.4968,1486411920528
8,12,2,0.3,1,0,3,781.4969,1486411921526,-1,-1,781.3303,1486411921363
8,13,2,0.3,1,2,3,782.3304,1486411922359,-1,-1,782.1636,1486411922195
8,14,2,0.3,1,2,1,783.1637,1486411923192,-1,-1,782.9971,1486411923028
8,15,2,0.3,1,0,0,783.9969,1486411924026,-1,-1,783.8303,1486411923861
8,16,2,0.3,0,1,1,784.8304,1486411924859,-1,-1,784.6638,1486411924695
8,17,2,0.3,0,1,0,785.6637,1486411925692,-1,-1,785.4971,1486411925529
8,18,2,0.3,0,1,1,786.4973,1486411926526,-1,-1,786.3305,1486411926363
8,19,2,0.3,1,0,2,787.3304,1486411927359,-1,-1,787.1639,1486411927195
8,20,2,0.3,1,0,3,788.164,1486411928193,-1,-1,787.9973,1486411928029
8,21,2,0.3,1,0,0,788.9973,1486411929026,-1,-1,788.8306,1486411928862
8,22,2,0.3,1,1,3,789.8307,1486411929859,790.4308,1486411930460,789.6641,1486411929696
8,1,2,0.3,1,3,1,794.5649,1486411934594,-1,-1,794.3978,1486411934428
8,2,2,0.3,1,3,3,795.398,1486411935427,-1,-1,795.231,1486411935263
8,3,2,0.3,1,0,0,796.231,1486411936260,-1,-1,796.0644,1486411936097
8,4,2,0.3,1,0,2,797.0645,1486411937093,-1,-1,796.8977,1486411936929
8,5,2,0.3,1,2,3,797.8981,1486411937927,-1,-1,797.7311,1486411937762
8,6,2,0.3,0,1,2,798.7312,1486411938760,-1,-1,798.5645,1486411938596
8,7,2,0.3,1,2,2,799.5645,1486411939594,-1,-1,799.3979,1486411939429
8,8,2,0.3,1,2,3,800.3979,1486411940427,-1,-1,800.2314,1486411940265
8,9,2,0.3,1,0,1,801.2313,1486411941260,-1,-1,801.0648,1486411941096
8,10,2,0.3,1,0,0,802.0647,1486411942093,-1,-1,801.8986,1486411941930
8,11,2,0.3,1,0,2,802.8981,1486411942927,-1,-1,802.7314,1486411942763
8,12,2,0.3,1,2,2,803.7314,1486411943760,-1,-1,803.5649,1486411943597
8,13,2,0.3,1,0,1,804.5648,1486411944593,-1,-1,804.3982,1486411944429
8,14,2,0.3,1,1,2,805.3983,1486411945427,805.9984,1486411946027,805.2321,1486411945263
8,15,2,0.3,1,2,2,806.2316,1486411946260,-1,-1,806.0649,1486411946096
8,16,2,0.3,0,1,2,807.0651,1486411947094,-1,-1,806.8984,1486411946930
8,17,2,0.3,1,1,2,807.8984,1486411947927,808.3986,1486411948427,807.7317,1486411947763
8,18,2,0.3,0,1,2,808.7318,1486411948760,-1,-1,808.5654,1486411948596
8,19,2,0.3,0,2,0,809.5652,1486411949594,809.632,1486411949661,809.3984,1486411949430
8,20,2,0.3,1,0,3,810.3985,1486411950427,-1,-1,810.232,1486411950264
8,21,2,0.3,1,1,0,811.2319,1486411951261,811.7319,1486411951761,811.0656,1486411951097
8,22,2,0.3,1,0,1,812.0652,1486411952094,-1,-1,811.8986,1486411951930
8,1,2,0.3,1,3,3,824.2327,1486411964261,-1,-1,824.0662,1486411964096
8,2,2,0.3,1,3,0,825.1328,1486411965162,-1,-1,824.966,1486411964997
8,3,2,0.3,1,2,0,826.0327,1486411966061,-1,-1,825.866,1486411965897
8,4,2,0.3,1,0,2,826.9329,1486411966963,-1,-1,826.7668,1486411966798
8,5,2,0.3,1,0,1,827.8333,1486411967862,-1,-1,827.6661,1486411967699
8,6,2,0.3,1,0,3,828.7328,1486411968761,-1,-1,828.5662,1486411968598
8,7,2,0.3,1,1,1,829.6329,1486411969662,830.3663,1486411970395,829.4662,1486411969498
8,8,2,0.3,1,2,1,830.5329,1486411970562,-1,-1,830.3663,1486411970398
8,9,2,0.3,1,0,0,831.4331,1486411971462,-1,-1,831.2669,1486411971298
8,10,2,0.3,1,1,1,832.3331,1486411972362,833.0667,1486411973096,832.1676,1486411972200
8,11,2,0.3,1,0,3,833.2332,1486411973262,-1,-1,833.0667,1486411973098
8,12,2,0.3,0,1,1,834.1332,1486411974162,-1,-1,833.9665,1486411973998
8,13,2,0.3,1,2,1,835.0331,1486411975062,-1,-1,834.8665,1486411974898
8,14,2,0.3,1,1,1,835.9333,1486411975962,836.4668,1486411976496,835.7666,1486411975798
8,15,2,0.3,1,0,3,836.8334,1486411976862,-1,-1,836.6666,1486411976698
8,16,2,0.3,1,1,1,837.7333,1486411977762,838.467,1486411978496,837.5667,1486411977599
8,17,2,0.3,1,2,1,838.6334,1486411978662,-1,-1,838.467,1486411978499
8,18,2,0.3,1,2,3,839.5335,1486411979562,-1,-1,839.3668,1486411979398
8,19,2,0.3,0,2,3,840.4335,1486411980462,841.1002,1486411981129,840.2668,1486411980298
8,20,2,0.3,1,0,2,841.3337,1486411981362,-1,-1,841.1669,1486411981198
8,21,2,0.3,1,0,0,842.2336,1486411982262,-1,-1,842.067,1486411982098
8,22,2,0.3,1,1,2,843.1337,1486411983162,843.6004,1486411983629,842.967,1486411982999
8,1,2,0.3,1,3,3,852.7676,1486411992796,-1,-1,852.6011,1486411992631
8,2,2,0.3,1,3,2,853.601,1486411993630,-1,-1,853.4349,1486411993466
8,3,2,0.3,1,0,0,854.4348,1486411994463,-1,-1,854.2676,1486411994299
8,4,2,0.3,1,1,2,855.2677,1486411995296,855.8345,1486411995863,855.101,1486411995132
8,5,2,0.3,1,1,0,856.1011,1486411996130,856.6686,1486411996697,855.9344,1486411995966
8,6,2,0.3,1,0,3,856.9344,1486411996963,-1,-1,856.7687,1486411996800
8,7,2,0.3,1,0,1,857.7678,1486411997796,-1,-1,857.6011,1486411997633
8,8,2,0.3,1,2,1,858.6012,1486411998630,-1,-1,858.4346,1486411998465
8,9,2,0.3,1,2,3,859.4346,1486411999463,-1,-1,859.2679,1486411999299
8,10,2,0.3,1,2,3,860.2679,1486412000297,-1,-1,860.1019,1486412000133
8,11,2,0.3,1,2,1,861.1014,1486412001130,-1,-1,860.9347,1486412000966
8,12,2,0.3,1,0,2,861.9347,1486412001963,-1,-1,861.7687,1486412001801
8,13,2,0.3,1,0,0,862.7681,1486412002797,-1,-1,862.6014,1486412002633
8,14,2,0.3,1,1,2,863.6015,1486412003630,864.1685,1486412004197,863.4348,1486412003466
8,15,2,0.3,1,1,0,864.4349,1486412004464,864.9683,1486412004997,864.2682,1486412004299
8,16,2,0.3,1,0,1,865.2685,1486412005297,-1,-1,865.1021,1486412005133
8,17,2,0.3,0,1,0,866.1016,1486412006130,-1,-1,865.9351,1486412005966
8,18,2,0.3,0,1,1,866.9351,1486412006964,-1,-1,866.7688,1486412006800
8,19,2,0.3,1,2,1,867.7684,1486412007797,-1,-1,867.6017,1486412007634
8,20,2,0.3,0,2,0,868.6018,1486412008630,868.7354,1486412008764,868.4351,1486412008466
8,21,2,0.3,1,0,3,869.4351,1486412009464,-1,-1,869.269,1486412009300
8,22,2,0.3,1,0,2,870.2687,1486412010297,-1,-1,870.1019,1486412010134
8,1,2,0.3,1,3,0,875.3356,1486412015364,-1,-1,875.1689,1486412015198
8,2,2,0.3,1,3,2,876.1689,1486412016198,-1,-1,876.0021,1486412016033
8,3,2,0.3,1,0,3,877.0023,1486412017031,-1,-1,876.8356,1486412016867
8,4,2,0.3,1,1,2,877.8367,1486412017865,878.3025,1486412018331,877.6694,1486412017700
8,5,2,0.3,1,2,2,878.669,1486412018698,-1,-1,878.5023,1486412018534
8,6,2,0.3,1,2,3,879.5024,1486412019531,-1,-1,879.3364,1486412019368
8,7,2,0.3,1,2,3,880.3358,1486412020364,-1,-1,880.1691,1486412020200
8,8,2,0.3,1,1,3,881.1692,1486412021198,881.6363,1486412021665,881.003,1486412021034
8,9,2,0.3,1,1,3,882.0026,1486412022031,882.6028,1486412022632,881.8359,1486412021868
8,10,2,0.3,1,2,1,882.8359,1486412022865,-1,-1,882.6697,1486412022701
8,11,2,0.3,1,0,2,883.6693,1486412023698,-1,-1,883.5026,1486412023534
8,12,2,0.3,1,0,0,884.5028,1486412024531,-1,-1,884.3367,1486412024368
8,13,2,0.3,1,1,2,885.3361,1486412025365,885.8362,1486412025865,885.1694,1486412025201
8,14,2,0.3,1,2,2,886.1694,1486412026198,-1,-1,886.0029,1486412026035
8,15,2,0.3,1,2,0,887.0029,1486412027032,-1,-1,886.8372,1486412026868
8,16,2,0.3,1,0,1,887.8362,1486412027865,-1,-1,887.6695,1486412027701
8,17,2,0.3,1,1,0,888.6696,1486412028698,889.1364,1486412029165,888.5029,1486412028535
8,18,2,0.3,1,0,2,889.5031,1486412029532,-1,-1,889.3363,1486412029368
8,19,2,0.3,1,0,3,890.3364,1486412030365,-1,-1,890.1697,1486412030201
8,20,2,0.3,0,1,2,891.1697,1486412031198,-1,-1,891.0031,1486412031035
8,21,2,0.3,1,0,0,892.0032,1486412032032,-1,-1,891.8364,1486412031868
8,22,2,0.3,1,0,1,892.8364,1486412032865,-1,-1,892.6703,1486412032701
8,1,2,0.3,1,3,1,902.0375,1486412042066,-1,-1,901.8705,1486412041900
8,2,2,0.3,1,3,2,902.8038,1486412042833,-1,-1,902.637,1486412042668
8,3,2,0.3,1,0,0,903.5704,1486412043599,-1,-1,903.4037,1486412043436
8,4,2,0.3,1,2,0,904.3371,1486412044366,-1,-1,904.1705,1486412044202
8,5,2,0.3,1,0,3,905.1039,1486412045133,-1,-1,904.9373,1486412044969
8,6,2,0.3,0,1,0,905.8705,1486412045899,-1,-1,905.7039,1486412045736
8,7,2,0.3,1,0,1,906.6373,1486412046666,-1,-1,906.4706,1486412046502
8,8,2,0.3,1,2,3,907.4041,1486412047433,-1,-1,907.2373,1486412047269
8,9,2,0.3,1,0,2,908.1707,1486412048199,-1,-1,908.004,1486412048036
8,10,2,0.3,1,0,0,908.9375,1486412048966,-1,-1,908.7708,1486412048802
8,11,2,0.3,1,1,2,909.7041,1486412049733,910.3044,1486412050333,909.5374,1486412049571
8,12,2,0.3,1,2,2,910.4708,1486412050499,-1,-1,910.3044,1486412050337
8,13,2,0.3,0,1,2,911.2377,1486412051266,-1,-1,911.0709,1486412051102
8,14,2,0.3,0,1,2,912.0042,1486412052033,-1,-1,911.8377,1486412051869
8,15,2,0.3,1,1,2,912.771,1486412052800,912.8376,1486412052866,912.6042,1486412052636
8,16,2,0.3,1,2,3,913.5377,1486412053566,-1,-1,913.371,1486412053403
8,17,2,0.3,1,0,0,914.3044,1486412054333,-1,-1,914.1377,1486412054169
8,18,2,0.3,1,2,0,915.071,1486412055100,-1,-1,914.9044,1486412054936
8,19,2,0.3,1,1,0,915.8384,1486412055867,916.2714,1486412056300,915.6711,1486412055702
8,20,2,0.3,1,0,1,916.6045,1486412056633,-1,-1,916.4378,1486412056469
8,21,2,0.3,1,0,2,917.3712,1486412057400,-1,-1,917.2045,1486412057236
8,22,2,0.3,1,2,0,918.1379,1486412058167,-1,-1,917.9712,1486412058003
8,1,2,0.3,1,3,3,920.6714,1486412060700,-1,-1,920.5047,1486412060534
8,2,2,0.3,1,3,1,921.4381,1486412061467,-1,-1,921.2714,1486412061303
8,3,2,0.3,1,2,1,922.2048,1486412062233,-1,-1,922.0381,1486412062069
8,4,2,0.3,1,1,1,922.9715,1486412063000,923.4382,1486412063467,922.805,1486412062836
8,5,2,0.3,1,1,1,923.7382,1486412063767,924.2722,1486412064301,923.5715,1486412063603
8,6,2,0.3,1,1,1,924.5049,1486412064534,925.0386,1486412065068,924.3383,1486412064369
8,7,2,0.3,1,0,0,925.2717,1486412065300,-1,-1,925.105,1486412065136
8,8,2,0.3,1,2,0,926.0386,1486412066067,-1,-1,925.8717,1486412065903
8,9,2,0.3,1,1,0,926.8051,1486412066834,927.2387,1486412067268,926.6384,1486412066670
8,10,2,0.3,1,1,0,927.5718,1486412067600,928.0387,1486412068068,927.4051,1486412067436
8,11,2,0.3,1,0,2,928.3386,1486412068367,-1,-1,928.1718,1486412068203
8,12,2,0.3,1,0,1,929.1055,1486412069134,-1,-1,928.9384,1486412068969
8,13,2,0.3,1,2,0,929.8719,1486412069901,-1,-1,929.7053,1486412069738
8,14,2,0.3,1,0,3,930.6389,1486412070667,-1,-1,930.4719,1486412070503
8,15,2,0.3,1,2,3,931.4059,1486412071435,-1,-1,931.2386,1486412071270
8,16,2,0.3,1,0,1,932.1721,1486412072201,-1,-1,932.0053,1486412072036
8,17,2,0.3,0,1,3,932.9387,1486412072967,-1,-1,932.772,1486412072803
8,18,2,0.3,1,2,3,933.7054,1486412073734,-1,-1,933.5394,1486412073573
8,19,2,0.3,1,0,0,934.4722,1486412074501,-1,-1,934.3055,1486412074337
8,20,2,0.3,1,0,2,935.2393,1486412075268,-1,-1,935.0721,1486412075103
8,21,2,0.3,1,2,3,936.0056,1486412076034,-1,-1,935.8389,1486412075870
8,22,2,0.3,1,0,1,936.7723,1486412076801,-1,-1,936.6055,1486412076637
8,1,2,0.3,1,3,1,940.1725,1486412080201,-1,-1,940.0391,1486412080069
8,2,2,0.3,1,3,2,940.8392,1486412080868,-1,-1,940.7059,1486412080737
8,3,2,0.3,1,1,1,941.5059,1486412081535,942.0392,1486412082068,941.3726,1486412081405
8,4,2,0.3,0,1,2,942.1725,1486412082201,-1,-1,942.0392,1486412082071
8,5,2,0.3,1,2,2,942.8395,1486412082868,-1,-1,942.706,1486412082738
8,6,2,0.3,1,0,3,943.506,1486412083535,-1,-1,943.3727,1486412083404
8,7,2,0.3,1,2,3,944.1728,1486412084201,-1,-1,944.0393,1486412084070
8,8,2,0.3,1,1,3,944.84,1486412084869,945.2397,1486412085269,944.7061,1486412084737
8,9,2,0.3,1,2,1,945.5061,1486412085535,-1,-1,945.3729,1486412085404
8,10,2,0.3,1,0,0,946.1729,1486412086202,-1,-1,946.0395,1486412086071
8,11,2,0.3,1,0,2,946.8395,1486412086868,-1,-1,946.7067,1486412086738
8,12,2,0.3,1,2,1,947.5062,1486412087535,-1,-1,947.3729,1486412087404
8,13,2,0.3,1,0,3,948.173,1486412088202,-1,-1,948.0396,1486412088070
8,14,2,0.3,1,0,0,948.8397,1486412088868,-1,-1,948.7063,1486412088738
8,15,2,0.3,1,0,2,949.5062,1486412089535,-1,-1,949.373,1486412089405
8,16,2,0.3,1,0,1,950.1732,1486412090202,-1,-1,950.0397,1486412090071
8,17,2,0.3,1,2,1,950.8397,1486412090868,-1,-1,950.7064,1486412090738
8,18,2,0.3,1,2,2,951.5064,1486412091535,-1,-1,951.3732,1486412091405
8,19,2,0.3,0,1,1,952.1733,1486412092202,-1,-1,952.0399,1486412092071
8,20,2,0.3,0,1,2,952.8397,1486412092868,-1,-1,952.7064,1486412092739
8,21,2,0.3,0,1,1,953.5066,1486412093535,-1,-1,953.3733,1486412093405
8,22,2,0.3,1,0,3,954.1732,1486412094202,-1,-1,954.0399,1486412094071
8,1,2,0.3,1,3,1,955.8067,1486412095835,-1,-1,955.6736,1486412095703
8,2,2,0.3,1,3,3,956.4742,1486412096503,-1,-1,956.34,1486412096371
8,3,2,0.3,1,0,2,957.1401,1486412097169,-1,-1,957.0072,1486412097038
8,4,2,0.3,0,1,3,957.8068,1486412097836,-1,-1,957.6735,1486412097706
8,5,2,0.3,1,0,1,958.4741,1486412098503,-1,-1,958.3406,1486412098376
8,6,2,0.3,1,1,3,959.1402,1486412099169,959.6404,1486412099669,959.0069,1486412099038
8,7,2,0.3,1,0,2,959.8069,1486412099836,-1,-1,959.6736,1486412099705
8,8,2,0.3,0,1,3,960.4736,1486412100502,-1,-1,960.3407,1486412100372
8,9,2,0.3,1,2,3,961.1403,1486412101169,-1,-1,961.007,1486412101039
8,10,2,0.3,1,1,3,961.8069,1486412101836,962.2408,1486412102270,961.6738,1486412101705
8,11,2,0.3,1,2,2,962.4736,1486412102502,-1,-1,962.3404,1486412102372
8,12,2,0.3,1,0,1,963.1409,1486412103170,-1,-1,963.0071,1486412103040
8,13,2,0.3,1,2,3,963.8071,1486412103836,-1,-1,963.6738,1486412103705
8,14,2,0.3,0,1,1,964.4739,1486412104503,-1,-1,964.3405,1486412104372
8,15,2,0.3,1,0,0,965.1407,1486412105170,-1,-1,965.0078,1486412105039
8,16,2,0.3,1,2,0,965.8071,1486412105836,-1,-1,965.6739,1486412105705
8,17,2,0.3,1,0,3,966.4745,1486412106503,-1,-1,966.3406,1486412106373
8,18,2,0.3,0,1,0,967.1407,1486412107169,-1,-1,967.0073,1486412107038
8,19,2,0.3,1,0,1,967.8074,1486412107836,-1,-1,967.674,1486412107706
8,20,2,0.3,0,2,1,968.4741,1486412108503,969.0076,1486412109036,968.3416,1486412108373
8,21,2,0.3,1,2,0,969.1407,1486412109169,-1,-1,969.0076,1486412109040
8,22,2,0.3,1,0,3,969.8081,1486412109837,-1,-1,969.6743,1486412109706
8,1,2,0.3,1,3,2,976.0078,1486412116036,-1,-1,975.8747,1486412115905
8,2,2,0.3,1,3,0,976.6746,1486412116703,-1,-1,976.5412,1486412116572
8,3,2,0.3,1,1,2,977.3412,1486412117370,977.7748,1486412117804,977.2079,1486412117239
8,4,2,0.3,0,2,2,978.0079,1486412118037,978.4749,1486412118504,977.8746,1486412117906
8,5,2,0.3,1,2,0,978.6747,1486412118704,-1,-1,978.5413,1486412118577
8,6,2,0.3,0,1,2,979.3413,1486412119370,-1,-1,979.208,1486412119239
8,7,2,0.3,1,0,1,980.0081,1486412120037,-1,-1,979.8759,1486412119909
8,8,2,0.3,1,0,3,980.6747,1486412120703,-1,-1,980.5414,1486412120573
8,9,2,0.3,1,1,1,981.3414,1486412121370,981.775,1486412121804,981.2081,1486412121239
8,10,2,0.3,1,2,1,982.0082,1486412122037,-1,-1,981.8749,1486412121906
8,11,2,0.3,1,2,3,982.6754,1486412122704,-1,-1,982.5421,1486412122573
8,12,2,0.3,1,2,3,983.3416,1486412123370,-1,-1,983.2083,1486412123239
8,13,2,0.3,1,1,3,984.0083,1486412124037,984.4417,1486412124471,983.8749,1486412123906
8,14,2,0.3,1,0,2,984.675,1486412124704,-1,-1,984.5421,1486412124573
8,15,2,0.3,1,2,2,985.3417,1486412125370,-1,-1,985.2084,1486412125240
8,16,2,0.3,1,1,2,986.0085,1486412126037,986.5086,1486412126537,985.8756,1486412125907
8,17,2,0.3,1,0,0,986.6751,1486412126704,-1,-1,986.5417,1486412126573
8,18,2,0.3,1,0,1,987.3418,1486412127371,-1,-1,987.2084,1486412127240
8,19,2,0.3,1,0,3,988.0085,1486412128037,-1,-1,987.8752,1486412127907
8,20,2,0.3,1,0,2,988.6752,1486412128704,-1,-1,988.5419,1486412128573
8,21,2,0.3,1,0,0,989.3419,1486412129371,-1,-1,989.2092,1486412129240
8,22,2,0.3,1,1,2,990.0086,1486412130037,990.4425,1486412130471,989.8752,1486412129906
8,1,2,0.3,1,3,2,992.9088,1486412132937,-1,-1,992.7753,1486412132805
8,2,2,0.3,1,3,1,993.5087,1486412133537,-1,-1,993.3754,1486412133407
8,3,2,0.3,1,1,2,994.1089,1486412134138,994.5755,1486412134604,993.9755,1486412134007
8,4,2,0.3,1,0,0,994.7092,1486412134738,-1,-1,994.5755,1486412134607
8,5,2,0.3,1,2,0,995.3089,1486412135338,-1,-1,995.1755,1486412135207
8,6,2,0.3,1,1,0,995.909,1486412135938,996.3426,1486412136371,995.7762,1486412135807
8,7,2,0.3,1,0,3,996.509,1486412136538,-1,-1,996.3757,1486412136407
8,8,2,0.3,0,1,0,997.1091,1486412137138,-1,-1,996.9756,1486412137007
8,9,2,0.3,0,2,0,997.713,1486412137742,997.8093,1486412137838,997.5757,1486412137608
8,10,2,0.3,1,0,1,998.3425,1486412138371,-1,-1,998.209,1486412138240
8,11,2,0.3,1,2,1,998.9424,1486412138971,-1,-1,998.8096,1486412138841
8,12,2,0.3,1,1,1,999.5427,1486412139571,999.9428,1486412139972,999.4091,1486412139440
8,13,2,0.3,1,2,0,1000.143,1486412140171,-1,-1,1000.009,1486412140040
8,14,2,0.3,1,0,2,1000.743,1486412140771,-1,-1,1000.609,1486412140640
8,15,2,0.3,0,1,0,1001.343,1486412141371,-1,-1,1001.209,1486412141242
8,16,2,0.3,0,1,2,1001.943,1486412141972,-1,-1,1001.809,1486412141842
8,17,2,0.3,0,0,1,1002.543,1486412142571,1002.876,1486412142905,1002.409,1486412142441
8,18,2,0.3,1,0,3,1003.143,1486412143171,-1,-1,1003.009,1486412143041
8,19,2,0.3,1,2,2,1003.743,1486412143771,-1,-1,1003.609,1486412143641
8,20,2,0.3,1,0,0,1004.343,1486412144371,-1,-1,1004.212,1486412144243
8,21,2,0.3,1,2,3,1004.943,1486412144971,-1,-1,1004.809,1486412144842
8,22,2,0.3,0,0,1,1005.543,1486412145572,1006.01,1486412146039,1005.409,1486412145441
8,1,2,0.3,1,3,2,1007.176,1486412147205,-1,-1,1007.043,1486412147073
8,2,2,0.3,1,3,3,1007.843,1486412147872,-1,-1,1007.71,1486412147741
8,3,2,0.3,1,2,3,1008.51,1486412148538,-1,-1,1008.376,1486412148407
8,4,2,0.3,1,0,1,1009.176,1486412149205,-1,-1,1009.043,1486412149075
8,5,2,0.3,0,1,3,1009.843,1486412149872,-1,-1,1009.71,1486412149741
8,6,2,0.3,1,1,1,1010.51,1486412150539,1010.576,1486412150605,1010.376,1486412150408
8,7,2,0.3,0,2,1,1011.176,1486412151205,1011.677,1486412151706,1011.043,1486412151076
8,8,2,0.3,0,1,1,1011.843,1486412151872,-1,-1,1011.71,1486412151742
8,9,2,0.3,1,0,0,1012.51,1486412152539,-1,-1,1012.377,1486412152408
8,10,2,0.3,1,0,3,1013.177,1486412153205,-1,-1,1013.043,1486412153074
8,11,2,0.3,0,1,0,1013.843,1486412153872,-1,-1,1013.71,1486412153743
8,12,2,0.3,0,2,0,1014.51,1486412154539,1014.944,1486412154973,1014.377,1486412154409
8,13,2,0.3,1,0,2,1015.177,1486412155205,-1,-1,1015.043,1486412155074
8,14,2,0.3,1,2,2,1015.843,1486412155872,-1,-1,1015.71,1486412155742
8,15,2,0.3,1,0,3,1016.51,1486412156539,-1,-1,1016.377,1486412156408
8,16,2,0.3,1,0,0,1017.177,1486412157205,-1,-1,1017.043,1486412157075
8,17,2,0.3,1,0,1,1017.844,1486412157872,-1,-1,1017.71,1486412157742
8,18,2,0.3,1,2,1,1018.511,1486412158540,-1,-1,1018.377,1486412158408
8,19,2,0.3,1,1,1,1019.177,1486412159206,1019.21,1486412159239,1019.044,1486412159075
8,20,2,0.3,1,1,1,1019.844,1486412159872,1020.377,1486412160406,1019.71,1486412159742
8,21,2,0.3,1,2,3,1020.51,1486412160539,-1,-1,1020.377,1486412160409
8,22,2,0.3,1,0,2,1021.177,1486412161206,-1,-1,1021.044,1486412161075
8,1,2,0.3,1,3,1,1030.578,1486412170606,-1,-1,1030.445,1486412170474
8,2,2,0.3,1,3,0,1031.244,1486412171273,-1,-1,1031.111,1486412171143
8,3,2,0.3,1,0,3,1031.911,1486412171940,-1,-1,1031.778,1486412171809
8,4,2,0.3,1,0,2,1032.578,1486412172606,-1,-1,1032.444,1486412172476
8,5,2,0.3,0,1,3,1033.245,1486412173273,-1,-1,1033.111,1486412173143
8,6,2,0.3,1,2,3,1033.911,1486412173940,-1,-1,1033.778,1486412173810
8,7,2,0.3,0,2,2,1034.578,1486412174607,1034.611,1486412174640,1034.444,1486412174475
8,8,2,0.3,0,2,2,1035.245,1486412175273,1035.778,1486412175807,1035.111,1486412175143
8,9,2,0.3,1,2,3,1035.911,1486412175940,-1,-1,1035.778,1486412175810
8,10,2,0.3,1,0,0,1036.578,1486412176607,-1,-1,1036.445,1486412176476
8,11,2,0.3,1,1,3,1037.245,1486412177273,1037.678,1486412177708,1037.111,1486412177143
8,12,2,0.3,0,1,0,1037.911,1486412177940,-1,-1,1037.778,1486412177809
8,13,2,0.3,0,0,2,1038.578,1486412178607,1038.645,1486412178674,1038.445,1486412178478
8,14,2,0.3,1,0,1,1039.245,1486412179274,-1,-1,1039.111,1486412179143
8,15,2,0.3,0,1,2,1039.911,1486412179940,-1,-1,1039.778,1486412179809
8,16,2,0.3,0,2,2,1040.578,1486412180607,1040.645,1486412180674,1040.445,1486412180477
8,17,2,0.3,1,0,0,1041.245,1486412181274,-1,-1,1041.112,1486412181143
8,18,2,0.3,1,0,1,1041.912,1486412181940,-1,-1,1041.778,1486412181809
8,19,2,0.3,1,2,1,1042.579,1486412182608,-1,-1,1042.445,1486412182478
8,20,2,0.3,1,0,3,1043.245,1486412183274,-1,-1,1043.112,1486412183143
8,21,2,0.3,0,1,1,1043.912,1486412183940,-1,-1,1043.778,1486412183810
8,22,2,0.3,0,1,3,1044.578,1486412184607,-1,-1,1044.446,1486412184477
8,1,2,0.3,1,3,2,1046.013,1486412186041,-1,-1,1045.845,1486412185874
8,2,2,0.3,1,3,0,1046.779,1486412186807,-1,-1,1046.612,1486412186643
8,3,2,0.3,1,1,2,1047.545,1486412187574,1047.979,1486412188008,1047.379,1486412187411
8,4,2,0.3,1,1,0,1048.312,1486412188341,1048.712,1486412188741,1048.145,1486412188176
8,5,2,0.3,1,0,1,1049.079,1486412189107,-1,-1,1048.912,1486412188943
8,6,2,0.3,1,1,0,1049.845,1486412189874,1050.446,1486412190475,1049.679,1486412189710
8,7,2,0.3,1,2,0,1050.613,1486412190641,-1,-1,1050.446,1486412190477
8,8,2,0.3,0,2,1,1051.379,1486412191407,1051.879,1486412191908,1051.212,1486412191243
8,9,2,0.3,0,1,0,1052.146,1486412192174,-1,-1,1051.979,1486412192010
8,10,2,0.3,1,2,0,1052.912,1486412192941,-1,-1,1052.746,1486412192777
8,11,2,0.3,1,0,3,1053.679,1486412193708,-1,-1,1053.512,1486412193544
8,12,2,0.3,1,1,0,1054.446,1486412194474,1054.846,1486412194875,1054.279,1486412194310
8,13,2,0.3,1,0,1,1055.212,1486412195241,-1,-1,1055.046,1486412195077
8,14,2,0.3,1,0,2,1055.979,1486412196008,-1,-1,1055.813,1486412195844
8,15,2,0.3,0,2,2,1056.746,1486412196774,1057.313,1486412197341,1056.579,1486412196612
8,16,2,0.3,1,0,3,1057.512,1486412197541,-1,-1,1057.346,1486412197377
8,17,2,0.3,1,0,1,1058.279,1486412198308,-1,-1,1058.113,1486412198143
8,18,2,0.3,1,2,1,1059.046,1486412199074,-1,-1,1058.88,1486412198911
8,19,2,0.3,0,0,0,1059.813,1486412199842,1059.879,1486412199908,1059.646,1486412199678
8,20,2,0.3,1,0,2,1060.579,1486412200608,-1,-1,1060.413,1486412200444
8,21,2,0.3,1,2,2,1061.346,1486412201375,-1,-1,1061.179,1486412201211
8,22,2,0.3,1,1,2,1062.113,1486412202141,1062.646,1486412202675,1061.946,1486412201978
8,1,2,0.3,1,3,3,1065.18,1486412205208,-1,-1,1065.013,1486412205043
8,2,2,0.3,1,3,0,1065.946,1486412205975,-1,-1,1065.78,1486412205811
8,3,2,0.3,1,2,0,1066.713,1486412206742,-1,-1,1066.547,1486412206578
8,4,2,0.3,1,0,2,1067.48,1486412207508,-1,-1,1067.313,1486412207344
8,5,2,0.3,1,0,1,1068.246,1486412208275,-1,-1,1068.08,1486412208112
8,6,2,0.3,0,1,2,1069.013,1486412209042,-1,-1,1068.847,1486412208879
8,7,2,0.3,0,1,1,1069.78,1486412209808,-1,-1,1069.614,1486412209645
8,8,2,0.3,1,1,2,1070.547,1486412210575,1070.68,1486412210709,1070.38,1486412210412
8,9,2,0.3,1,0,3,1071.313,1486412211342,-1,-1,1071.147,1486412211178
8,10,2,0.3,1,0,0,1072.08,1486412212109,-1,-1,1071.913,1486412211944
8,11,2,0.3,1,1,3,1072.847,1486412212875,1073.413,1486412213442,1072.68,1486412212711
8,12,2,0.3,1,1,0,1073.614,1486412213642,1074.18,1486412214209,1073.447,1486412213478
8,13,2,0.3,1,2,0,1074.381,1486412214409,-1,-1,1074.214,1486412214245
8,14,2,0.3,1,0,1,1075.147,1486412215175,-1,-1,1074.98,1486412215011
8,15,2,0.3,1,2,1,1075.913,1486412215942,-1,-1,1075.747,1486412215779
8,16,2,0.3,1,2,0,1076.68,1486412216709,-1,-1,1076.514,1486412216545
8,17,2,0.3,1,0,3,1077.447,1486412217476,-1,-1,1077.28,1486412217313
8,18,2,0.3,1,1,0,1078.214,1486412218242,1078.68,1486412218709,1078.047,1486412218078
8,19,2,0.3,1,2,0,1078.98,1486412219009,-1,-1,1078.814,1486412218845
8,20,2,0.3,1,2,3,1079.747,1486412219776,-1,-1,1079.58,1486412219612
8,21,2,0.3,1,0,2,1080.514,1486412220542,-1,-1,1080.347,1486412220378
8,22,2,0.3,1,0,1,1081.281,1486412221309,-1,-1,1081.114,1486412221145
8,1,2,0.3,1,3,2,1093.781,1486412233810,-1,-1,1093.648,1486412233678
8,2,2,0.3,1,3,3,1094.448,1486412234476,-1,-1,1094.315,1486412234347
8,3,2,0.3,1,0,0,1095.115,1486412235143,-1,-1,1094.982,1486412235013
8,4,2,0.3,1,1,3,1095.781,1486412235810,1096.281,1486412236310,1095.648,1486412235679
8,5,2,0.3,1,0,1,1096.448,1486412236477,-1,-1,1096.315,1486412236346
8,6,2,0.3,0,1,3,1097.115,1486412237143,-1,-1,1096.981,1486412237013
8,7,2,0.3,1,2,3,1097.782,1486412237810,-1,-1,1097.648,1486412237680
8,8,2,0.3,1,0,2,1098.448,1486412238477,-1,-1,1098.315,1486412238345
8,9,2,0.3,1,0,0,1099.115,1486412239144,-1,-1,1098.981,1486412239013
8,10,2,0.3,1,0,1,1099.781,1486412239810,-1,-1,1099.648,1486412239679
8,11,2,0.3,1,2,2,1100.448,1486412240477,-1,-1,1100.315,1486412240346
8,12,2,0.3,0,1,1,1101.115,1486412241144,-1,-1,1100.982,1486412241013
8,13,2,0.3,0,1,2,1101.782,1486412241811,-1,-1,1101.648,1486412241680
8,14,2,0.3,1,2,2,1102.448,1486412242477,-1,-1,1102.316,1486412242347
8,15,2,0.3,0,0,3,1103.115,1486412243144,1103.549,1486412243577,1102.982,1486412243013
8,16,2,0.3,0,1,2,1103.782,1486412243811,-1,-1,1103.648,1486412243680
8,17,2,0.3,1,0,0,1104.449,1486412244477,-1,-1,1104.315,1486412244346
8,18,2,0.3,1,2,0,1105.115,1486412245144,-1,-1,1104.982,1486412245013
8,19,2,0.3,1,2,2,1105.782,1486412245811,-1,-1,1105.649,1486412245681
8,20,2,0.3,1,2,2,1106.449,1486412246477,-1,-1,1106.315,1486412246346
8,21,2,0.3,0,1,2,1107.116,1486412247144,-1,-1,1106.982,1486412247013
8,22,2,0.3,1,0,1,1107.782,1486412247811,-1,-1,1107.649,1486412247680
8,1,2,0.3,1,3,3,1115.082,1486412255111,-1,-1,1114.916,1486412254945
8,2,2,0.3,1,3,0,1115.849,1486412255878,-1,-1,1115.682,1486412255714
8,3,2,0.3,1,2,0,1116.616,1486412256644,-1,-1,1116.449,1486412256480
8,4,2,0.3,1,2,3,1117.383,1486412257412,-1,-1,1117.216,1486412257248
8,5,2,0.3,1,1,0,1118.149,1486412258178,1118.716,1486412258745,1117.983,1486412258013
8,6,2,0.3,0,1,3,1118.916,1486412258945,-1,-1,1118.749,1486412258780
8,7,2,0.3,1,0,2,1119.683,1486412259712,-1,-1,1119.516,1486412259548
8,8,2,0.3,1,0,1,1120.449,1486412260478,-1,-1,1120.283,1486412260315
8,9,2,0.3,1,2,1,1121.216,1486412261245,-1,-1,1121.049,1486412261081
8,10,2,0.3,1,0,0,1121.983,1486412262012,-1,-1,1121.816,1486412261847
8,11,2,0.3,1,1,1,1122.75,1486412262779,1123.283,1486412263312,1122.583,1486412262614
8,12,2,0.3,1,1,0,1123.516,1486412263545,1124.083,1486412264112,1123.35,1486412263381
8,13,2,0.3,0,1,1,1124.283,1486412264311,-1,-1,1124.116,1486412264148
8,14,2,0.3,1,0,3,1125.05,1486412265078,-1,-1,1124.883,1486412264915
8,15,2,0.3,1,0,2,1125.816,1486412265845,-1,-1,1125.65,1486412265681
8,16,2,0.3,1,0,0,1126.583,1486412266612,-1,-1,1126.416,1486412266447
8,17,2,0.3,1,1,2,1127.35,1486412267379,1127.95,1486412267979,1127.183,1486412267214
8,18,2,0.3,1,2,2,1128.117,1486412268145,-1,-1,1127.95,1486412267981
8,19,2,0.3,1,0,3,1128.883,1486412268912,-1,-1,1128.717,1486412268749
8,20,2,0.3,1,0,0,1129.65,1486412269678,-1,-1,1129.483,1486412269515
8,21,2,0.3,1,2,0,1130.417,1486412270445,-1,-1,1130.25,1486412270282
8,22,2,0.3,1,2,3,1131.183,1486412271212,-1,-1,1131.017,1486412271048
8,1,2,0.3,1,3,0,1139.117,1486412279146,-1,-1,1138.984,1486412279013
8,2,2,0.3,1,3,2,1139.784,1486412279812,-1,-1,1139.65,1486412279683
8,3,2,0.3,1,1,0,1140.45,1486412280479,1140.917,1486412280946,1140.317,1486412280348
8,4,2,0.3,1,1,2,1141.117,1486412281146,1141.618,1486412281647,1140.984,1486412281016
8,5,2,0.3,1,0,1,1141.784,1486412281813,-1,-1,1141.651,1486412281682
8,6,2,0.3,1,1,2,1142.451,1486412282479,1142.984,1486412283013,1142.317,1486412282349
8,7,2,0.3,1,2,2,1143.117,1486412283146,-1,-1,1142.984,1486412283016
8,8,2,0.3,1,0,0,1143.784,1486412283813,-1,-1,1143.651,1486412283682
8,9,2,0.3,1,2,0,1144.451,1486412284479,-1,-1,1144.318,1486412284349
8,10,2,0.3,1,0,1,1145.118,1486412285146,-1,-1,1144.985,1486412285017
8,11,2,0.3,1,2,1,1145.784,1486412285813,-1,-1,1145.651,1486412285683
8,12,2,0.3,1,1,1,1146.451,1486412286479,1146.984,1486412287013,1146.318,1486412286349
8,13,2,0.3,1,0,3,1147.118,1486412287146,-1,-1,1146.984,1486412287017
8,14,2,0.3,1,2,3,1147.784,1486412287813,-1,-1,1147.651,1486412287683
8,15,2,0.3,1,0,2,1148.451,1486412288480,-1,-1,1148.318,1486412288348
8,16,2,0.3,1,0,1,1149.118,1486412289147,-1,-1,1148.984,1486412289016
8,17,2,0.3,1,0,0,1149.784,1486412289813,-1,-1,1149.651,1486412289682
8,18,2,0.3,1,0,3,1150.451,1486412290480,-1,-1,1150.318,1486412290349
8,19,2,0.3,0,1,0,1151.118,1486412291146,-1,-1,1150.984,1486412291016
8,20,2,0.3,0,2,0,1151.787,1486412291815,1151.885,1486412291913,1151.651,1486412291682
8,21,2,0.3,1,2,3,1152.451,1486412292480,-1,-1,1152.318,1486412292349
8,22,2,0.3,0,1,0,1153.118,1486412293146,-1,-1,1152.984,1486412293015
8,1,2,0.3,1,3,0,1156.218,1486412296247,-1,-1,1156.085,1486412296114
8,2,2,0.3,1,3,3,1156.885,1486412296914,-1,-1,1156.751,1486412296782
8,3,2,0.3,1,0,1,1157.551,1486412297580,-1,-1,1157.419,1486412297450
8,4,2,0.3,1,1,3,1158.218,1486412298247,1158.652,1486412298681,1158.085,1486412298116
8,5,2,0.3,1,2,3,1158.885,1486412298914,-1,-1,1158.751,1486412298784
8,6,2,0.3,1,2,1,1159.552,1486412299580,-1,-1,1159.418,1486412299449
8,7,2,0.3,0,1,3,1160.218,1486412300247,-1,-1,1160.085,1486412300116
8,8,2,0.3,0,1,1,1160.885,1486412300914,-1,-1,1160.752,1486412300786
8,9,2,0.3,1,0,0,1161.552,1486412301580,-1,-1,1161.418,1486412301450
8,10,2,0.3,0,1,1,1162.219,1486412302247,-1,-1,1162.085,1486412302116
8,11,2,0.3,0,2,1,1162.885,1486412302914,1163.018,1486412303047,1162.752,1486412302783
8,12,2,0.3,1,0,3,1163.552,1486412303580,-1,-1,1163.419,1486412303450
8,13,2,0.3,1,2,3,1164.219,1486412304247,-1,-1,1164.085,1486412304117
8,14,2,0.3,0,0,2,1164.885,1486412304914,1164.918,1486412304947,1164.752,1486412304783
8,15,2,0.3,1,0,1,1165.552,1486412305581,-1,-1,1165.419,1486412305450
8,16,2,0.3,0,1,2,1166.219,1486412306248,-1,-1,1166.085,1486412306116
8,17,2,0.3,0,1,1,1166.885,1486412306914,-1,-1,1166.752,1486412306784
8,18,2,0.3,0,2,1,1167.552,1486412307581,1168.085,1486412308114,1167.419,1486412307450
8,19,2,0.3,1,0,3,1168.219,1486412308248,-1,-1,1168.085,1486412308117
8,20,2,0.3,1,0,0,1168.885,1486412308914,-1,-1,1168.752,1486412308784
8,21,2,0.3,0,2,1,1169.552,1486412309581,1169.752,1486412309781,1169.419,1486412309451
8,22,2,0.3,1,0,2,1170.219,1486412310247,-1,-1,1170.085,1486412310117
8,1,2,0.3,1,3,2,1173.786,1486412313814,-1,-1,1173.619,1486412313649
8,2,2,0.3,1,3,1,1174.552,1486412314581,-1,-1,1174.386,1486412314417
8,3,2,0.3,1,0,0,1175.319,1486412315348,-1,-1,1175.152,1486412315183
8,4,2,0.3,1,0,2,1176.086,1486412316115,-1,-1,1175.919,1486412315950
8,5,2,0.3,1,2,1,1176.853,1486412316881,-1,-1,1176.686,1486412316717
8,6,2,0.3,1,2,1,1177.619,1486412317648,-1,-1,1177.453,1486412317484
8,7,2,0.3,1,2,2,1178.386,1486412318415,-1,-1,1178.219,1486412318251
8,8,2,0.3,0,1,1,1179.153,1486412319181,-1,-1,1178.986,1486412319018
8,9,2,0.3,1,1,2,1179.919,1486412319948,1180.019,1486412320048,1179.753,1486412319784
8,10,2,0.3,0,1,1,1180.686,1486412320715,-1,-1,1180.519,1486412320552
8,11,2,0.3,1,0,3,1181.453,1486412321481,-1,-1,1181.286,1486412321317
8,12,2,0.3,1,0,0,1182.219,1486412322248,-1,-1,1182.053,1486412322084
8,13,2,0.3,1,2,0,1182.986,1486412323015,-1,-1,1182.82,1486412322851
8,14,2,0.3,0,2,3,1183.753,1486412323782,1184.253,1486412324282,1183.586,1486412323617
8,15,2,0.3,1,0,2,1184.52,1486412324548,-1,-1,1184.353,1486412324385
8,16,2,0.3,0,1,3,1185.286,1486412325315,-1,-1,1185.12,1486412325151
8,17,2,0.3,1,0,1,1186.02,1486412326048,-1,-1,1185.886,1486412325918
8,18,2,0.3,1,2,1,1186.786,1486412326815,-1,-1,1186.62,1486412326651
8,19,2,0.3,1,0,0,1187.553,1486412327582,-1,-1,1187.386,1486412327417
8,20,2,0.3,1,1,1,1188.32,1486412328349,1188.787,1486412328816,1188.153,1486412328185
8,21,2,0.3,1,0,3,1189.087,1486412329115,-1,-1,1188.92,1486412328952
8,22,2,0.3,0,1,1,1189.853,1486412329882,-1,-1,1189.687,1486412329718
8,1,2,0.3,1,3,3,1190.853,1486412330882,-1,-1,1190.687,1486412330716
8,2,2,0.3,1,3,1,1191.62,1486412331649,-1,-1,1191.453,1486412331485
8,3,2,0.3,1,0,2,1192.387,1486412332415,-1,-1,1192.22,1486412332252
8,4,2,0.3,0,1,1,1193.154,1486412333182,-1,-1,1192.987,1486412333019
8,5,2,0.3,1,0,3,1193.92,1486412333949,-1,-1,1193.754,1486412333785
8,6,2,0.3,1,0,0,1194.687,1486412334715,-1,-1,1194.52,1486412334551
8,7,2,0.3,1,0,2,1195.454,1486412335482,-1,-1,1195.287,1486412335318
8,8,2,0.3,0,1,0,1196.22,1486412336249,-1,-1,1196.054,1486412336085
8,9,2,0.3,1,0,1,1196.987,1486412337016,-1,-1,1196.821,1486412336853
8,10,2,0.3,1,0,3,1197.754,1486412337782,-1,-1,1197.587,1486412337619
8,11,2,0.3,1,2,3,1198.52,1486412338549,-1,-1,1198.354,1486412338386
8,12,2,0.3,1,2,1,1199.287,1486412339316,-1,-1,1199.12,1486412339153
8,13,2,0.3,0,1,3,1200.054,1486412340083,-1,-1,1199.887,1486412339918
8,14,2,0.3,0,1,1,1200.82,1486412340849,-1,-1,1200.654,1486412340685
8,15,2,0.3,1,2,1,1201.587,1486412341616,-1,-1,1201.421,1486412341452
8,16,2,0.3,1,0,0,1202.354,1486412342383,-1,-1,1202.187,1486412342218
8,17,2,0.3,1,0,2,1203.121,1486412343149,-1,-1,1202.954,1486412342986
8,18,2,0.3,1,2,2,1203.887,1486412343916,-1,-1,1203.721,1486412343753
8,19,2,0.3,1,1,2,1204.654,1486412344683,1205.055,1486412345083,1204.487,1486412344518
8,20,2,0.3,1,2,3,1205.421,1486412345450,-1,-1,1205.254,1486412345285
8,21,2,0.3,1,2,3,1206.188,1486412346216,-1,-1,1206.021,1486412346052
8,22,2,0.3,1,1,3,1206.954,1486412346983,1207.354,1486412347383,1206.788,1486412346819
