%Recollect Version 2.3. Scene/Level: , Game Number: 000
%Note: All true/false values are represented as "1" and "0" respectively.
%Damage:1,Player X Position,Player Y Position,Hearts Left,Time (Relative),Time (Absolute)
%LameBackObject:Algorithm Condition,Trial Number,Current N Level,Lure Rate,Is Correct,Stimulus Type,Stimulus Color,Presentation Time (R),Presentation Time (A),Response Time (R),Response Time (A),Expire Time (R),Expire Time (A)
%Possible values for "Color":Red=0,Blue=1,Green=2,Yellow=3,Purple=4,LightBlue=5,Brown=6,White=7,
%Possible values for "Type":NonTarget=0,Target=1,Lure=2,lessThanN=3,
8,1,2,0.3,1,3,2,15.52098,1487290859797,-1,-1,15.02095,1487290859297
8,2,2,0.3,1,3,3,18.5878,1487290862864,-1,-1,18.02112,1487290862300
8,3,2,0.3,1,0,0,21.62133,1487290865897,-1,-1,21.08817,1487290865368
8,4,2,0.3,1,1,3,24.6215,1487290868897,25.18828,1487290869464,24.12144,1487290868400
8,5,2,0.3,1,1,0,27.65499,1487290871931,28.42173,1487290872698,27.12163,1487290871400
8,6,2,0.3,1,2,0,30.68845,1487290874964,-1,-1,30.15514,1487290874434
8,7,2,0.3,1,1,0,33.722,1487290877998,34.55539,1487290878832,33.18856,1487290877468
8,8,2,0.3,1,2,3,36.75554,1487290881031,-1,-1,36.22223,1487290880501
8,9,2,0.3,1,0,2,39.78905,1487290884065,-1,-1,39.25563,1487290883535
8,10,2,0.3,1,1,3,42.82254,1487290887099,43.68969,1487290887966,42.28925,1487290886568
8,11,2,0.3,1,2,3,45.8227,1487290890099,-1,-1,45.32266,1487290889602
8,12,2,0.3,1,1,3,48.85674,1487290893133,49.75645,1487290894033,48.32291,1487290892601
8,13,2,0.3,1,2,1,51.88979,1487290896166,-1,-1,51.38965,1487290895668
8,14,2,0.3,1,0,2,54.92356,1487290899200,-1,-1,54.38991,1487290898669
8,15,2,0.3,1,0,0,57.99004,1487290902266,-1,-1,57.45676,1487290901737
8,16,2,0.3,1,2,1,61.02354,1487290905300,-1,-1,60.49018,1487290904769
8,17,2,0.3,1,0,3,64.05705,1487290908333,-1,-1,63.52422,1487290907803
8,18,2,0.3,1,0,2,67.09056,1487290911367,-1,-1,66.55719,1487290910836
8,19,2,0.3,1,0,0,70.12415,1487290914400,-1,-1,69.5907,1487290913869
8,20,2,0.3,1,2,0,73.19089,1487290917467,-1,-1,72.65767,1487290916936
8,21,2,0.3,1,1,0,76.19106,1487290920467,77.09126,1487290921368,75.69104,1487290919970
8,22,2,0.3,1,0,2,79.19124,1487290923467,-1,-1,78.69119,1487290922970
8,1,2,0.3,1,3,3,97.49226,1487290941768,-1,-1,96.99223,1487290941268
8,2,2,0.3,1,3,2,100.2592,1487290944535,-1,-1,99.75909,1487290944039
8,3,2,0.3,1,1,3,103.0259,1487290947302,103.5594,1487290947836,102.5261,1487290946805
8,4,2,0.3,1,0,0,105.7927,1487290950069,-1,-1,105.2927,1487290949571
8,5,2,0.3,1,1,3,108.56,1487290952836,109.0933,1487290953370,108.0596,1487290952338
8,6,2,0.3,1,2,3,111.3265,1487290955602,-1,-1,110.8263,1487290955106
8,7,2,0.3,1,2,0,114.0932,1487290958369,-1,-1,113.5932,1487290957873
8,8,2,0.3,1,0,2,116.8612,1487290961137,-1,-1,116.36,1487290960639
8,9,2,0.3,1,0,1,119.6268,1487290963903,-1,-1,119.1269,1487290963405
8,10,2,0.3,1,1,2,122.3937,1487290966670,122.9937,1487290967270,121.8936,1487290966173
8,11,2,0.3,1,2,2,125.1605,1487290969436,-1,-1,124.6604,1487290968939
8,12,2,0.3,1,0,3,127.9277,1487290972204,-1,-1,127.4274,1487290971706
8,13,2,0.3,1,1,2,130.6941,1487290974970,131.2944,1487290975571,130.1941,1487290974473
8,14,2,0.3,1,1,3,133.4612,1487290977737,134.1943,1487290978470,132.9609,1487290977240
8,15,2,0.3,1,1,2,136.2278,1487290980504,136.8954,1487290981172,135.7299,1487290980010
8,16,2,0.3,1,2,2,138.9951,1487290983271,-1,-1,138.4947,1487290982773
8,17,2,0.3,1,2,3,141.7614,1487290986037,-1,-1,141.2614,1487290985540
8,18,2,0.3,1,0,1,144.5282,1487290988804,-1,-1,144.0288,1487290988308
8,19,2,0.3,1,2,2,147.2951,1487290991571,-1,-1,146.795,1487290991075
8,20,2,0.3,1,0,0,150.0618,1487290994338,-1,-1,149.5618,1487290993840
8,21,2,0.3,1,0,3,152.8286,1487290997105,-1,-1,152.3292,1487290996607
8,22,2,0.3,1,0,1,155.5955,1487290999871,-1,-1,155.096,1487290999375
8,1,2,0.3,1,3,2,173.5967,1487291017873,-1,-1,173.1632,1487291017439
8,2,2,0.3,1,3,0,176.0635,1487291020339,-1,-1,175.63,1487291019908
8,3,2,0.3,1,2,0,178.5302,1487291022806,-1,-1,178.0968,1487291022376
8,4,2,0.3,1,2,2,180.9969,1487291025273,-1,-1,180.5637,1487291024843
8,5,2,0.3,1,2,2,183.4638,1487291027740,-1,-1,183.0307,1487291027309
8,6,2,0.3,1,2,0,185.9305,1487291030207,-1,-1,185.4974,1487291029776
8,7,2,0.3,1,0,3,188.3975,1487291032673,-1,-1,187.964,1487291032243
8,8,2,0.3,1,1,0,190.8642,1487291035140,191.7977,1487291036074,190.4308,1487291034709
8,9,2,0.3,1,0,2,193.3314,1487291037607,-1,-1,192.8977,1487291037176
8,10,2,0.3,1,0,1,195.7983,1487291040074,-1,-1,195.3644,1487291039645
8,11,2,0.3,1,1,2,198.2646,1487291042541,199.1982,1487291043474,197.8312,1487291042110
8,12,2,0.3,1,1,1,200.7314,1487291045007,201.5316,1487291045808,200.2981,1487291044577
8,13,2,0.3,1,1,2,203.1983,1487291047474,204.065,1487291048341,202.7652,1487291047044
8,14,2,0.3,1,0,3,205.665,1487291049941,-1,-1,205.2316,1487291049510
8,15,2,0.3,1,0,0,208.1318,1487291052408,-1,-1,207.6985,1487291051977
8,16,2,0.3,1,1,3,210.5989,1487291054875,211.0987,1487291055375,210.1656,1487291054445
8,17,2,0.3,1,1,0,213.0654,1487291057341,213.5994,1487291057876,212.6321,1487291056911
8,18,2,0.3,1,0,1,215.5322,1487291059808,-1,-1,215.099,1487291059378
8,19,2,0.3,1,2,3,217.999,1487291062275,-1,-1,217.5657,1487291061844
8,20,2,0.3,1,0,2,220.4659,1487291064742,-1,-1,220.0325,1487291064311
8,21,2,0.3,1,0,0,222.9326,1487291067209,-1,-1,222.4993,1487291066779
8,22,2,0.3,1,2,3,225.3995,1487291069676,-1,-1,224.9664,1487291069246
8,1,2,0.3,1,3,2,243.1006,1487291087377,-1,-1,242.7004,1487291086977
8,2,2,0.3,1,3,0,245.3339,1487291089610,-1,-1,244.9339,1487291089213
8,3,2,0.3,1,0,3,247.5674,1487291091843,-1,-1,247.1674,1487291091446
8,4,2,0.3,1,1,0,249.8008,1487291094077,250.7011,1487291094977,249.4009,1487291093679
8,5,2,0.3,1,0,1,252.0344,1487291096310,-1,-1,251.6343,1487291095913
8,6,2,0.3,1,2,3,254.2678,1487291098544,-1,-1,253.8677,1487291098147
8,7,2,0.3,1,1,1,256.5012,1487291100777,257.4353,1487291101712,256.1012,1487291100380
8,8,2,0.3,1,0,0,258.7347,1487291103011,-1,-1,258.3346,1487291102613
8,9,2,0.3,1,2,3,260.9682,1487291105244,-1,-1,260.5682,1487291104847
8,10,2,0.3,1,2,3,263.2014,1487291107477,-1,-1,262.8016,1487291107080
8,11,2,0.3,1,2,0,265.4353,1487291109711,-1,-1,265.035,1487291109314
8,12,2,0.3,1,0,1,267.6688,1487291111945,-1,-1,267.269,1487291111547
8,13,2,0.3,1,0,2,269.9019,1487291114178,-1,-1,269.502,1487291113780
8,14,2,0.3,1,2,2,272.1354,1487291116411,-1,-1,271.7353,1487291116014
8,15,2,0.3,1,0,0,274.3688,1487291118645,-1,-1,273.9689,1487291118248
8,16,2,0.3,1,0,1,276.6024,1487291120878,-1,-1,276.2023,1487291120481
8,17,2,0.3,1,1,0,278.8357,1487291123112,279.5693,1487291123846,278.4357,1487291122715
8,18,2,0.3,1,1,1,281.0693,1487291125345,281.7029,1487291125979,280.6693,1487291124949
8,19,2,0.3,1,1,0,283.303,1487291127579,283.8696,1487291128146,282.9027,1487291127181
8,20,2,0.3,1,2,0,285.5362,1487291129812,-1,-1,285.1361,1487291129416
8,21,2,0.3,1,1,0,287.7696,1487291132046,288.403,1487291132679,287.3696,1487291131648
8,22,2,0.3,1,0,1,290.0031,1487291134279,-1,-1,289.6031,1487291133882
8,1,2,0.3,1,3,0,307.4041,1487291151680,-1,-1,307.0707,1487291151347
8,2,2,0.3,1,3,3,309.4042,1487291153680,-1,-1,309.0708,1487291153350
8,3,2,0.3,1,1,0,311.4043,1487291155680,311.9712,1487291156247,311.071,1487291155351
8,4,2,0.3,1,0,2,313.4044,1487291157680,-1,-1,313.071,1487291157350
8,5,2,0.3,1,1,0,315.4045,1487291159680,316.2712,1487291160547,315.0713,1487291159351
8,6,2,0.3,1,0,3,317.4046,1487291161681,-1,-1,317.0712,1487291161350
8,7,2,0.3,1,2,2,319.4048,1487291163681,-1,-1,319.0716,1487291163350
8,8,2,0.3,1,0,1,321.4048,1487291165681,-1,-1,321.0717,1487291165350
8,9,2,0.3,1,2,1,323.405,1487291167681,-1,-1,323.0716,1487291167350
8,10,2,0.3,1,1,1,325.4052,1487291169681,326.0719,1487291170348,325.0717,1487291169351
8,11,2,0.3,1,2,0,327.4052,1487291171681,-1,-1,327.0718,1487291171350
8,12,2,0.3,1,2,0,329.4054,1487291173682,-1,-1,329.072,1487291173350
8,13,2,0.3,1,1,0,331.4055,1487291175681,332.1057,1487291176382,331.0721,1487291175351
8,14,2,0.3,1,0,2,333.4055,1487291177682,-1,-1,333.0722,1487291177351
8,15,2,0.3,1,0,1,335.4056,1487291179682,-1,-1,335.0723,1487291179352
8,16,2,0.3,1,1,2,337.4059,1487291181682,338.0057,1487291182282,337.0724,1487291181352
8,17,2,0.3,1,2,2,339.4059,1487291183682,-1,-1,339.0724,1487291183351
8,18,2,0.3,1,0,3,341.406,1487291185682,-1,-1,341.0726,1487291185352
8,19,2,0.3,1,2,3,343.4061,1487291187682,-1,-1,343.0728,1487291187351
8,20,2,0.3,1,1,3,345.4062,1487291189682,346.0063,1487291190283,345.0729,1487291189352
8,21,2,0.3,1,0,2,347.407,1487291191683,-1,-1,347.073,1487291191351
8,22,2,0.3,1,0,0,349.4064,1487291193682,-1,-1,349.0731,1487291193352
8,1,2,0.3,1,3,1,366.6074,1487291210883,-1,-1,366.274,1487291210550
8,2,2,0.3,1,3,3,368.4409,1487291212717,-1,-1,368.1081,1487291212387
8,3,2,0.3,1,0,2,370.2748,1487291214551,-1,-1,369.9415,1487291214220
8,4,2,0.3,1,2,2,372.1077,1487291216384,-1,-1,371.7744,1487291216053
8,5,2,0.3,1,1,2,373.9412,1487291218217,374.5412,1487291218817,373.6079,1487291217888
8,6,2,0.3,1,2,1,375.7749,1487291220051,-1,-1,375.4413,1487291219721
8,7,2,0.3,1,2,1,377.608,1487291221884,-1,-1,377.2747,1487291221553
8,8,2,0.3,1,1,1,379.4415,1487291223717,380.075,1487291224352,379.1081,1487291223387
8,9,2,0.3,1,0,0,381.2754,1487291225551,-1,-1,380.9415,1487291225220
8,10,2,0.3,1,1,1,383.1083,1487291227384,383.7086,1487291227985,382.775,1487291227054
8,11,2,0.3,1,0,2,384.9418,1487291229218,-1,-1,384.6084,1487291228887
8,12,2,0.3,1,0,3,386.7752,1487291231051,-1,-1,386.4424,1487291230721
8,13,2,0.3,1,1,2,388.6087,1487291232885,389.2419,1487291233518,388.2753,1487291232554
8,14,2,0.3,1,1,3,390.442,1487291234718,391.1755,1487291235452,390.1093,1487291234388
8,15,2,0.3,1,0,0,392.2755,1487291236552,-1,-1,391.9422,1487291236221
8,16,2,0.3,1,2,2,394.109,1487291238385,-1,-1,393.7756,1487291238054
8,17,2,0.3,1,0,1,395.9429,1487291240219,-1,-1,395.6093,1487291239889
8,18,2,0.3,1,0,3,397.7758,1487291242052,-1,-1,397.4425,1487291241722
8,19,2,0.3,1,1,1,399.6093,1487291243885,400.2097,1487291244486,399.2759,1487291243554
8,20,2,0.3,1,0,0,401.4427,1487291245719,-1,-1,401.1093,1487291245388
8,21,2,0.3,1,2,3,403.2762,1487291247552,-1,-1,402.9428,1487291247221
8,22,2,0.3,1,2,1,405.1096,1487291249386,-1,-1,404.7762,1487291249055
8,1,2,0.3,1,3,1,422.1105,1487291266387,-1,-1,421.8105,1487291266087
8,2,2,0.3,1,3,0,423.744,1487291268020,-1,-1,423.4439,1487291267724
8,3,2,0.3,1,0,2,425.3775,1487291269653,-1,-1,425.0775,1487291269356
8,4,2,0.3,1,0,1,427.0108,1487291271287,-1,-1,426.7108,1487291270989
8,5,2,0.3,1,0,3,428.6442,1487291272920,-1,-1,428.3442,1487291272623
8,6,2,0.3,1,0,0,430.2781,1487291274554,-1,-1,429.9777,1487291274256
8,7,2,0.3,1,0,2,431.911,1487291276187,-1,-1,431.6111,1487291275890
8,8,2,0.3,1,2,3,433.5445,1487291277820,-1,-1,433.2445,1487291277523
8,9,2,0.3,1,2,3,435.1779,1487291279454,-1,-1,434.8779,1487291279156
8,10,2,0.3,1,1,3,436.8114,1487291281087,437.5449,1487291281821,436.5114,1487291280790
8,11,2,0.3,1,2,2,438.4448,1487291282721,-1,-1,438.1448,1487291282423
8,12,2,0.3,1,1,3,440.0783,1487291284354,440.8123,1487291285088,439.7783,1487291284057
8,13,2,0.3,1,0,0,441.7115,1487291285987,-1,-1,441.4116,1487291285690
8,14,2,0.3,1,0,1,443.3456,1487291287622,-1,-1,443.045,1487291287325
8,15,2,0.3,1,1,0,444.9785,1487291289254,445.7455,1487291290022,444.679,1487291288957
8,16,2,0.3,1,1,1,446.612,1487291290888,447.3455,1487291291622,446.3119,1487291290590
8,17,2,0.3,1,1,0,448.2453,1487291292521,448.912,1487291293188,447.9453,1487291292224
8,18,2,0.3,1,1,1,449.8788,1487291294155,450.4455,1487291294722,449.5788,1487291293857
8,19,2,0.3,1,2,1,451.5123,1487291295788,-1,-1,451.2122,1487291295491
8,20,2,0.3,1,2,0,453.1456,1487291297422,-1,-1,452.8456,1487291297124
8,21,2,0.3,1,2,0,454.7791,1487291299055,-1,-1,454.4792,1487291298758
8,22,2,0.3,1,0,2,456.4125,1487291300688,-1,-1,456.1125,1487291300391
8,1,2,0.3,1,3,3,473.1802,1487291317456,-1,-1,472.9138,1487291317190
8,2,2,0.3,1,3,2,474.6467,1487291318923,-1,-1,474.3802,1487291318659
8,3,2,0.3,1,1,3,476.1142,1487291320390,476.7472,1487291321023,475.8469,1487291320125
8,4,2,0.3,1,0,1,477.5804,1487291321856,-1,-1,477.3136,1487291321593
8,5,2,0.3,1,1,3,479.0471,1487291323323,479.6139,1487291323890,478.7804,1487291323060
8,6,2,0.3,1,0,0,480.5139,1487291324790,-1,-1,480.2472,1487291324526
8,7,2,0.3,1,1,3,481.9806,1487291326257,482.5476,1487291326824,481.7139,1487291325993
8,8,2,0.3,1,0,1,483.4477,1487291327724,-1,-1,483.1806,1487291327459
8,9,2,0.3,1,1,3,484.9141,1487291329190,485.4807,1487291329757,484.6478,1487291328927
8,10,2,0.3,1,1,1,486.3808,1487291330657,486.9475,1487291331224,486.1142,1487291330393
8,11,2,0.3,1,0,0,487.8475,1487291332123,-1,-1,487.5809,1487291331859
8,12,2,0.3,1,0,2,489.3144,1487291333590,-1,-1,489.0478,1487291333326
8,13,2,0.3,1,2,1,490.781,1487291335057,-1,-1,490.5144,1487291334793
8,14,2,0.3,1,2,1,492.248,1487291336524,-1,-1,491.9813,1487291336261
8,15,2,0.3,1,0,0,493.7146,1487291337991,-1,-1,493.4479,1487291337726
8,16,2,0.3,1,2,0,495.1813,1487291339457,-1,-1,494.9147,1487291339193
8,17,2,0.3,1,2,1,496.6482,1487291340924,-1,-1,496.3814,1487291340660
8,18,2,0.3,1,2,1,498.1148,1487291342391,-1,-1,497.8482,1487291342127
8,19,2,0.3,1,2,0,499.5816,1487291343858,-1,-1,499.3152,1487291343595
8,20,2,0.3,1,0,3,501.0483,1487291345324,-1,-1,500.7816,1487291345060
8,21,2,0.3,1,1,0,502.515,1487291346791,503.1487,1487291347425,502.2484,1487291346527
8,22,2,0.3,1,0,2,503.982,1487291348258,-1,-1,503.7151,1487291347994
8,1,2,0.3,1,3,1,520.5828,1487291364859,-1,-1,520.3494,1487291364626
8,2,2,0.3,1,3,0,521.9166,1487291366193,-1,-1,521.6829,1487291365962
8,3,2,0.3,1,1,1,523.2496,1487291367526,523.6832,1487291367959,523.0162,1487291367295
8,4,2,0.3,1,0,2,524.584,1487291368860,-1,-1,524.3497,1487291368628
8,5,2,0.3,1,2,2,525.9166,1487291370192,-1,-1,525.6831,1487291369962
8,6,2,0.3,1,2,1,527.2498,1487291371526,-1,-1,527.0165,1487291371295
8,7,2,0.3,1,2,1,528.5833,1487291372859,-1,-1,528.3503,1487291372630
8,8,2,0.3,1,2,2,529.9166,1487291374193,-1,-1,529.6833,1487291373962
8,9,2,0.3,1,0,3,531.2501,1487291375526,-1,-1,531.0168,1487291375296
8,10,2,0.3,1,1,2,532.5834,1487291376859,533.0835,1487291377360,532.3503,1487291376629
8,11,2,0.3,1,1,3,533.9169,1487291378193,534.3503,1487291378627,533.6835,1487291377962
8,12,2,0.3,1,0,1,535.2502,1487291379526,-1,-1,535.017,1487291379297
8,13,2,0.3,1,0,0,536.5837,1487291380860,-1,-1,536.3507,1487291380629
8,14,2,0.3,1,0,2,537.9171,1487291382193,-1,-1,537.6838,1487291381963
8,15,2,0.3,1,2,2,539.2506,1487291383527,-1,-1,539.0172,1487291383296
8,16,2,0.3,1,1,2,540.5842,1487291384860,541.0174,1487291385294,540.3506,1487291384629
8,17,2,0.3,1,1,2,541.9173,1487291386193,542.3843,1487291386660,541.6839,1487291385963
8,18,2,0.3,1,2,1,543.2507,1487291387527,-1,-1,543.0175,1487291387296
8,19,2,0.3,1,0,3,544.5842,1487291388860,-1,-1,544.3508,1487291388629
8,20,2,0.3,1,1,1,545.9175,1487291390193,546.4512,1487291390727,545.6842,1487291389963
8,21,2,0.3,1,0,0,547.2509,1487291391527,-1,-1,547.0176,1487291391296
8,22,2,0.3,1,0,2,548.5844,1487291392860,-1,-1,548.351,1487291392630
8,1,2,0.3,1,3,3,565.0519,1487291409328,-1,-1,564.8185,1487291409095
8,2,2,0.3,1,3,0,566.2853,1487291410561,-1,-1,566.052,1487291410331
8,3,2,0.3,1,2,0,567.5189,1487291411795,-1,-1,567.2859,1487291411564
8,4,2,0.3,1,2,1,568.7521,1487291413028,-1,-1,568.5188,1487291412798
8,5,2,0.3,1,2,1,569.9855,1487291414261,-1,-1,569.7521,1487291414031
8,6,2,0.3,1,0,2,571.2191,1487291415495,-1,-1,570.9856,1487291415264
8,7,2,0.3,1,1,1,572.4522,1487291416728,572.8859,1487291417162,572.2192,1487291416498
8,8,2,0.3,1,0,0,573.6859,1487291417962,-1,-1,573.4524,1487291417731
8,9,2,0.3,1,0,3,574.9193,1487291419195,-1,-1,574.6858,1487291418966
8,10,2,0.3,1,2,1,576.1526,1487291420428,-1,-1,575.9202,1487291420198
8,11,2,0.3,1,0,2,577.386,1487291421662,-1,-1,577.1526,1487291421431
8,12,2,0.3,1,0,0,578.6194,1487291422895,-1,-1,578.3864,1487291422665
8,13,2,0.3,1,1,2,579.8528,1487291424129,580.3532,1487291424629,579.6194,1487291423898
8,14,2,0.3,1,0,3,581.0865,1487291425363,-1,-1,580.8528,1487291425133
8,15,2,0.3,1,0,1,582.3195,1487291426595,-1,-1,582.0862,1487291426365
8,16,2,0.3,1,1,3,583.553,1487291427829,584.0867,1487291428363,583.3196,1487291427598
8,17,2,0.3,1,1,1,584.7866,1487291429063,585.2531,1487291429529,584.553,1487291428834
8,18,2,0.3,1,1,3,586.0198,1487291430296,586.4534,1487291430730,585.7864,1487291430065
8,19,2,0.3,1,2,3,587.2532,1487291431529,-1,-1,587.0198,1487291431300
8,20,2,0.3,1,1,3,588.4866,1487291432763,589.12,1487291433396,588.2532,1487291432532
8,21,2,0.3,1,0,1,589.72,1487291433996,-1,-1,589.4868,1487291433765
8,22,2,0.3,1,2,1,590.9534,1487291435229,-1,-1,590.7202,1487291434999
8,1,2,0.3,1,3,3,607.321,1487291451597,-1,-1,607.0876,1487291451364
8,2,2,0.3,1,3,1,608.4543,1487291452730,-1,-1,608.221,1487291452500
8,3,2,0.3,1,0,0,609.5879,1487291453864,-1,-1,609.3544,1487291453633
8,4,2,0.3,0,0,3,610.7212,1487291454997,611.2885,1487291455565,610.488,1487291454767
8,5,2,0.3,1,1,0,611.8547,1487291456131,612.5214,1487291456798,611.6212,1487291455900
8,6,2,0.3,1,2,0,612.9885,1487291457264,-1,-1,612.7546,1487291457033
8,7,2,0.3,1,1,0,614.1216,1487291458397,614.7549,1487291459031,613.888,1487291458167
8,8,2,0.3,1,0,2,615.2548,1487291459531,-1,-1,615.0214,1487291459301
8,9,2,0.3,1,0,3,616.3882,1487291460664,-1,-1,616.1558,1487291460434
8,10,2,0.3,1,2,3,617.5215,1487291461798,-1,-1,617.2882,1487291461567
8,11,2,0.3,1,0,1,618.655,1487291462931,-1,-1,618.4216,1487291462700
8,12,2,0.3,1,0,2,619.7884,1487291464064,-1,-1,619.5549,1487291463835
8,13,2,0.3,1,0,0,620.9222,1487291465198,-1,-1,620.6884,1487291464967
8,14,2,0.3,1,2,0,622.0552,1487291466331,-1,-1,621.8218,1487291466100
8,15,2,0.3,1,1,0,623.1885,1487291467464,623.7552,1487291468031,622.9552,1487291467234
8,16,2,0.3,1,2,1,624.322,1487291468598,-1,-1,624.0886,1487291468367
8,17,2,0.3,1,2,1,625.4553,1487291469731,-1,-1,625.222,1487291469502
8,18,2,0.3,1,1,1,626.5887,1487291470865,627.189,1487291471465,626.3553,1487291470634
8,19,2,0.3,1,0,3,627.7222,1487291471998,-1,-1,627.4887,1487291471767
8,20,2,0.3,1,1,1,628.8555,1487291473131,629.4224,1487291473699,628.6222,1487291472900
8,21,2,0.3,1,1,3,629.989,1487291474265,630.5223,1487291474798,629.7568,1487291474035
8,22,2,0.3,1,2,3,631.1224,1487291475398,-1,-1,630.8889,1487291475169
8,1,2,0.3,1,3,2,647.3232,1487291491599,-1,-1,647.1566,1487291491433
8,2,2,0.3,1,3,0,648.29,1487291492566,-1,-1,648.1233,1487291492402
8,3,2,0.3,1,2,0,649.2568,1487291493533,-1,-1,649.09,1487291493368
8,4,2,0.3,1,1,0,650.224,1487291494500,650.7904,1487291495068,650.0569,1487291494336
8,5,2,0.3,1,2,1,651.1902,1487291495466,-1,-1,651.0236,1487291495303
8,6,2,0.3,1,0,2,652.1569,1487291496433,-1,-1,651.9901,1487291496269
8,7,2,0.3,1,0,3,653.1236,1487291497400,-1,-1,652.9569,1487291497235
8,8,2,0.3,1,2,1,654.0902,1487291498366,-1,-1,653.9236,1487291498202
8,9,2,0.3,1,1,3,655.0571,1487291499333,655.524,1487291499800,654.8903,1487291499169
8,10,2,0.3,1,0,0,656.0237,1487291500300,-1,-1,655.8571,1487291500137
8,11,2,0.3,1,0,2,656.9904,1487291501266,-1,-1,656.8245,1487291501103
8,12,2,0.3,1,1,0,657.9573,1487291502233,658.5908,1487291502867,657.7905,1487291502069
8,13,2,0.3,1,0,1,658.9238,1487291503200,-1,-1,658.7573,1487291503036
8,14,2,0.3,1,2,2,659.8906,1487291504167,-1,-1,659.7239,1487291504002
8,15,2,0.3,1,2,2,660.8574,1487291505133,-1,-1,660.6907,1487291504970
8,16,2,0.3,1,0,0,661.824,1487291506100,-1,-1,661.6575,1487291505936
8,17,2,0.3,1,0,1,662.7907,1487291507067,-1,-1,662.6243,1487291506903
8,18,2,0.3,1,1,0,663.7575,1487291508033,664.3242,1487291508600,663.5917,1487291507872
8,19,2,0.3,1,1,1,664.7242,1487291509000,665.1588,1487291509435,664.5582,1487291508836
8,20,2,0.3,1,0,2,665.6909,1487291509967,-1,-1,665.5244,1487291509804
8,21,2,0.3,1,1,1,666.6576,1487291510934,667.4244,1487291511701,666.491,1487291510770
8,22,2,0.3,1,2,1,667.6244,1487291511900,-1,-1,667.4584,1487291511737
8,1,2,0.3,1,3,1,683.6918,1487291527968,-1,-1,683.5253,1487291527802
8,2,2,0.3,1,3,2,684.592,1487291528868,-1,-1,684.4254,1487291528705
8,3,2,0.3,1,1,1,685.4921,1487291529768,685.9587,1487291530235,685.3254,1487291529604
8,4,2,0.3,1,0,3,686.3921,1487291530668,-1,-1,686.2254,1487291530504
8,5,2,0.3,1,1,1,687.2928,1487291531569,687.759,1487291532035,687.1255,1487291531404
8,6,2,0.3,1,0,2,688.1921,1487291532468,-1,-1,688.0255,1487291532304
8,7,2,0.3,1,0,0,689.0922,1487291533368,-1,-1,688.9256,1487291533205
8,8,2,0.3,1,2,1,689.9924,1487291534268,-1,-1,689.8256,1487291534104
8,9,2,0.3,1,2,2,690.8923,1487291535168,-1,-1,690.7261,1487291535005
8,10,2,0.3,1,0,3,691.7923,1487291536068,-1,-1,691.6257,1487291535904
8,11,2,0.3,1,2,3,692.6924,1487291536968,-1,-1,692.5258,1487291536805
8,12,2,0.3,1,1,3,693.5925,1487291537868,694.0259,1487291538302,693.4258,1487291537705
8,13,2,0.3,1,1,3,694.4926,1487291538768,694.9595,1487291539236,694.3259,1487291538606
8,14,2,0.3,1,2,1,695.3925,1487291539668,-1,-1,695.226,1487291539505
8,15,2,0.3,1,2,1,696.2927,1487291540569,-1,-1,696.126,1487291540405
8,16,2,0.3,1,1,1,697.1927,1487291541469,697.6261,1487291541902,697.0266,1487291541305
8,17,2,0.3,1,0,3,698.0928,1487291542369,-1,-1,697.9261,1487291542205
8,18,2,0.3,1,1,1,698.993,1487291543269,699.4594,1487291543736,698.8262,1487291543106
8,19,2,0.3,1,0,0,699.8929,1487291544169,-1,-1,699.7262,1487291544005
8,20,2,0.3,1,2,3,700.7932,1487291545069,-1,-1,700.6262,1487291544904
8,21,2,0.3,1,0,2,701.6934,1487291545969,-1,-1,701.5263,1487291545805
8,22,2,0.3,1,0,1,702.5929,1487291546869,-1,-1,702.4263,1487291546705
8,1,2,0.3,1,3,1,718.5939,1487291562870,-1,-1,718.4273,1487291562704
8,2,2,0.3,1,3,0,719.4274,1487291563703,-1,-1,719.2606,1487291563539
8,3,2,0.3,1,1,1,720.2607,1487291564537,720.7609,1487291565037,720.094,1487291564372
8,4,2,0.3,1,1,0,721.0941,1487291565370,721.5941,1487291565870,720.9279,1487291565206
8,5,2,0.3,1,2,0,721.9274,1487291566203,-1,-1,721.7607,1487291566040
8,6,2,0.3,1,0,3,722.7608,1487291567037,-1,-1,722.5941,1487291566873
8,7,2,0.3,1,2,3,723.5942,1487291567870,-1,-1,723.4276,1487291567706
8,8,2,0.3,1,0,2,724.4277,1487291568704,-1,-1,724.2609,1487291568540
8,9,2,0.3,1,2,2,725.261,1487291569537,-1,-1,725.0943,1487291569373
8,10,2,0.3,1,0,1,726.0943,1487291570370,-1,-1,725.9276,1487291570206
8,11,2,0.3,1,1,2,726.9279,1487291571204,727.4277,1487291571704,726.761,1487291571041
8,12,2,0.3,1,1,1,727.762,1487291572038,728.1945,1487291572471,727.5944,1487291571873
8,13,2,0.3,1,0,0,728.5945,1487291572870,-1,-1,728.4279,1487291572706
8,14,2,0.3,1,2,0,729.4279,1487291573704,-1,-1,729.2612,1487291573540
8,15,2,0.3,1,2,1,730.2613,1487291574537,-1,-1,730.0945,1487291574373
8,16,2,0.3,1,0,2,731.0946,1487291575371,-1,-1,730.928,1487291575208
8,17,2,0.3,1,1,1,731.928,1487291576204,732.3947,1487291576671,731.7613,1487291576040
8,18,2,0.3,1,0,3,732.7614,1487291577037,-1,-1,732.5947,1487291576873
8,19,2,0.3,1,0,0,733.5948,1487291577871,-1,-1,733.4282,1487291577707
8,20,2,0.3,1,1,3,734.4282,1487291578704,734.8951,1487291579171,734.2615,1487291578540
8,21,2,0.3,1,0,1,735.2615,1487291579537,-1,-1,735.0948,1487291579375
8,22,2,0.3,1,2,1,736.0949,1487291580371,-1,-1,735.9282,1487291580207
8,1,2,0.3,1,3,1,752.0291,1487291596305,-1,-1,751.863,1487291596139
8,2,2,0.3,1,3,0,752.7958,1487291597072,-1,-1,752.6292,1487291596908
8,3,2,0.3,1,2,0,753.5626,1487291597839,-1,-1,753.3959,1487291597676
8,4,2,0.3,1,0,1,754.3293,1487291598605,-1,-1,754.1626,1487291598441
8,5,2,0.3,1,0,2,755.0959,1487291599372,-1,-1,754.9294,1487291599208
8,6,2,0.3,1,1,1,755.8627,1487291600139,756.463,1487291600739,755.696,1487291599975
8,7,2,0.3,1,0,0,756.6295,1487291600905,-1,-1,756.463,1487291600742
8,8,2,0.3,1,1,1,757.3961,1487291601672,757.9303,1487291602206,757.2295,1487291601509
8,9,2,0.3,1,2,1,758.1632,1487291602439,-1,-1,757.9962,1487291602275
8,10,2,0.3,1,1,1,758.9295,1487291603205,759.4633,1487291603739,758.7629,1487291603041
8,11,2,0.3,1,0,0,759.6962,1487291603972,-1,-1,759.5295,1487291603808
8,12,2,0.3,1,1,1,760.463,1487291604739,760.9296,1487291605206,760.2963,1487291604575
8,13,2,0.3,0,2,1,761.2297,1487291605506,761.7631,1487291606039,761.063,1487291605342
8,14,2,0.3,1,2,0,761.9963,1487291606272,-1,-1,761.8297,1487291606108
8,15,2,0.3,1,0,3,762.7631,1487291607039,-1,-1,762.5964,1487291606875
8,16,2,0.3,1,0,2,763.5298,1487291607806,-1,-1,763.3631,1487291607642
8,17,2,0.3,1,2,0,764.2964,1487291608572,-1,-1,764.1298,1487291608408
8,18,2,0.3,1,0,1,765.0632,1487291609339,-1,-1,764.8966,1487291609178
8,19,2,0.3,0,1,0,765.8299,1487291610106,-1,-1,765.6636,1487291609942
8,20,2,0.3,1,0,2,766.5967,1487291610873,-1,-1,766.4301,1487291610709
8,21,2,0.3,1,1,0,767.3633,1487291611639,767.9637,1487291612240,767.1967,1487291611475
8,22,2,0.3,1,2,0,768.1309,1487291612407,-1,-1,767.9637,1487291612243
8,1,2,0.3,1,3,1,783.9643,1487291628240,-1,-1,783.8309,1487291628107
8,2,2,0.3,1,3,0,784.631,1487291628907,-1,-1,784.4976,1487291628776
8,3,2,0.3,1,2,0,785.2977,1487291629574,-1,-1,785.1643,1487291629443
8,4,2,0.3,0,1,0,785.9643,1487291630240,-1,-1,785.831,1487291630110
8,5,2,0.3,1,2,3,786.6312,1487291630907,-1,-1,786.4977,1487291630778
8,6,2,0.3,1,2,3,787.2983,1487291631574,-1,-1,787.1644,1487291631443
8,7,2,0.3,1,0,2,787.9646,1487291632241,-1,-1,787.8311,1487291632109
8,8,2,0.3,1,0,1,788.6312,1487291632907,-1,-1,788.498,1487291632776
8,9,2,0.3,1,1,2,789.2979,1487291633574,789.7648,1487291634041,789.165,1487291633444
8,10,2,0.3,1,2,2,789.9646,1487291634241,-1,-1,789.8313,1487291634111
8,11,2,0.3,1,2,1,790.6313,1487291634907,-1,-1,790.498,1487291634776
8,12,2,0.3,1,0,0,791.298,1487291635574,-1,-1,791.1652,1487291635444
8,13,2,0.3,1,1,1,791.9648,1487291636241,792.4985,1487291636775,791.8314,1487291636110
8,14,2,0.3,1,0,3,792.6314,1487291636907,-1,-1,792.4985,1487291636777
8,15,2,0.3,1,0,2,793.2984,1487291637574,-1,-1,793.1648,1487291637444
8,16,2,0.3,1,2,1,793.9648,1487291638241,-1,-1,793.8315,1487291638110
8,17,2,0.3,1,0,0,794.632,1487291638908,-1,-1,794.4983,1487291638778
8,18,2,0.3,1,1,1,795.2982,1487291639574,795.7325,1487291640009,795.1649,1487291639443
8,19,2,0.3,1,0,3,795.965,1487291640241,-1,-1,795.8316,1487291640109
8,20,2,0.3,1,1,1,796.6317,1487291640908,797.0983,1487291641374,796.4982,1487291640779
8,21,2,0.3,0,1,3,797.2985,1487291641575,-1,-1,797.165,1487291641443
8,22,2,0.3,1,0,2,797.965,1487291642241,-1,-1,797.8317,1487291642110
8,1,2,0.3,1,3,2,813.6993,1487291657975,-1,-1,813.566,1487291657842
8,2,2,0.3,1,3,1,814.2993,1487291658575,-1,-1,814.1664,1487291658445
8,3,2,0.3,1,0,3,814.8994,1487291659175,-1,-1,814.7661,1487291659046
8,4,2,0.3,1,0,2,815.4994,1487291659775,-1,-1,815.366,1487291659644
8,5,2,0.3,1,2,1,816.0994,1487291660375,-1,-1,815.966,1487291660244
8,6,2,0.3,1,2,1,816.6994,1487291660975,-1,-1,816.5661,1487291660845
8,7,2,0.3,1,1,1,817.2995,1487291661575,817.6662,1487291661943,817.1661,1487291661445
8,8,2,0.3,1,0,0,817.8995,1487291662175,-1,-1,817.7662,1487291662047
8,9,2,0.3,1,1,1,818.4995,1487291662775,818.8996,1487291663176,818.3665,1487291662645
8,10,2,0.3,1,2,1,819.0996,1487291663376,-1,-1,818.9662,1487291663245
8,11,2,0.3,1,2,0,819.701,1487291663977,-1,-1,819.5663,1487291663845
8,12,2,0.3,0,1,1,820.3,1487291664576,-1,-1,820.1663,1487291664445
8,13,2,0.3,1,0,2,820.8998,1487291665176,-1,-1,820.77,1487291665050
8,14,2,0.3,1,0,3,821.4997,1487291665776,-1,-1,821.3665,1487291665645
8,15,2,0.3,1,0,0,822.0999,1487291666376,-1,-1,821.9664,1487291666245
8,16,2,0.3,1,2,0,822.6998,1487291666976,-1,-1,822.5667,1487291666846
8,17,2,0.3,1,2,3,823.2998,1487291667576,-1,-1,823.1666,1487291667446
8,18,2,0.3,1,0,2,823.9001,1487291668176,-1,-1,823.7666,1487291668046
8,19,2,0.3,1,1,3,824.5,1487291668776,824.967,1487291669243,824.3674,1487291668645
8,20,2,0.3,1,1,2,825.1001,1487291669376,825.5336,1487291669810,824.967,1487291669246
8,21,2,0.3,1,0,1,825.7003,1487291669976,-1,-1,825.567,1487291669845
8,22,2,0.3,1,1,2,826.3,1487291670576,826.7336,1487291671011,826.1667,1487291670445
8,1,2,0.3,1,3,3,841.9342,1487291686210,-1,-1,841.8344,1487291686111
8,2,2,0.3,1,3,0,842.4677,1487291686744,-1,-1,842.3677,1487291686647
8,3,2,0.3,1,0,1,843.0342,1487291687310,-1,-1,842.9009,1487291687179
8,4,2,0.3,1,1,0,843.601,1487291687877,844.001,1487291688277,843.4678,1487291687747
8,5,2,0.3,1,1,1,844.1676,1487291688444,844.6011,1487291688877,844.0344,1487291688314
8,6,2,0.3,1,2,1,844.7346,1487291689011,-1,-1,844.6011,1487291688880
8,7,2,0.3,0,1,1,845.2678,1487291689544,-1,-1,845.1678,1487291689446
8,8,2,0.3,0,1,1,845.8344,1487291690111,-1,-1,845.7011,1487291689980
8,9,2,0.3,0,1,1,846.4011,1487291690677,-1,-1,846.2678,1487291690546
8,10,2,0.3,1,2,2,846.9345,1487291691210,-1,-1,846.8345,1487291691114
8,11,2,0.3,1,2,2,847.468,1487291691744,-1,-1,847.368,1487291691647
8,12,2,0.3,1,0,0,848.0347,1487291692311,-1,-1,847.9012,1487291692180
8,13,2,0.3,1,0,3,848.6013,1487291692877,-1,-1,848.4679,1487291692747
8,14,2,0.3,0,2,2,849.168,1487291693444,849.6015,1487291693878,849.0347,1487291693313
8,15,2,0.3,1,0,1,849.7345,1487291694010,-1,-1,849.6015,1487291693881
8,16,2,0.3,1,0,0,850.2681,1487291694544,-1,-1,850.168,1487291694447
8,17,2,0.3,1,2,0,850.8348,1487291695111,-1,-1,850.7014,1487291694980
8,18,2,0.3,1,0,2,851.4014,1487291695677,-1,-1,851.2681,1487291695547
8,19,2,0.3,1,0,3,851.9682,1487291696244,-1,-1,851.8348,1487291696114
8,20,2,0.3,0,2,3,852.5015,1487291696777,852.9355,1487291697212,852.4014,1487291696680
8,21,2,0.3,1,0,1,853.0682,1487291697344,-1,-1,852.9355,1487291697216
8,22,2,0.3,0,1,3,853.6349,1487291697911,-1,-1,853.5015,1487291697780
8,1,2,0.3,1,3,1,869.269,1487291713545,-1,-1,869.1357,1487291713412
8,2,2,0.3,1,3,3,869.8693,1487291714145,-1,-1,869.7358,1487291714015
8,3,2,0.3,1,2,3,870.4691,1487291714745,-1,-1,870.3358,1487291714615
8,4,2,0.3,1,0,0,871.0692,1487291715345,-1,-1,870.9359,1487291715214
8,5,2,0.3,1,1,3,871.6691,1487291715945,872.1364,1487291716413,871.5358,1487291715814
8,6,2,0.3,1,1,0,872.2694,1487291716545,872.7361,1487291717012,872.1364,1487291716415
8,7,2,0.3,1,1,3,872.8693,1487291717145,873.336,1487291717612,872.7361,1487291717015
8,8,2,0.3,1,2,3,873.4692,1487291717745,-1,-1,873.336,1487291717616
8,9,2,0.3,0,1,3,874.0693,1487291718345,-1,-1,873.936,1487291718215
8,10,2,0.3,1,0,0,874.6694,1487291718945,-1,-1,874.5361,1487291718815
8,11,2,0.3,1,0,2,875.2694,1487291719545,-1,-1,875.1361,1487291719415
8,12,2,0.3,1,2,2,875.8695,1487291720145,-1,-1,875.7361,1487291720014
8,13,2,0.3,1,0,3,876.4698,1487291720746,-1,-1,876.3361,1487291720616
8,14,2,0.3,1,0,1,877.0695,1487291721345,-1,-1,876.9362,1487291721215
8,15,2,0.3,1,1,3,877.6701,1487291721946,878.1031,1487291722379,877.5362,1487291721816
8,16,2,0.3,1,1,1,878.2701,1487291722546,878.7364,1487291723013,878.1364,1487291722415
8,17,2,0.3,1,2,1,878.8696,1487291723146,-1,-1,878.7364,1487291723015
8,18,2,0.3,1,0,2,879.4697,1487291723746,-1,-1,879.3363,1487291723616
8,19,2,0.3,1,2,2,880.0697,1487291724346,-1,-1,879.9365,1487291724215
8,20,2,0.3,1,2,1,880.6697,1487291724946,-1,-1,880.5365,1487291724815
8,21,2,0.3,1,0,0,881.2698,1487291725546,-1,-1,881.137,1487291725415
8,22,2,0.3,1,0,3,881.8698,1487291726146,-1,-1,881.7365,1487291726015
8,1,2,0.3,1,3,2,897.5046,1487291741781,-1,-1,897.404,1487291741681
8,2,2,0.3,1,3,0,898.0374,1487291742313,-1,-1,897.9373,1487291742217
8,3,2,0.3,1,2,0,898.6041,1487291742880,-1,-1,898.4709,1487291742749
8,4,2,0.3,1,1,0,899.1378,1487291743414,899.5384,1487291743815,899.0381,1487291743316
8,5,2,0.3,1,2,3,899.7041,1487291743980,-1,-1,899.571,1487291743851
8,6,2,0.3,1,1,0,900.2708,1487291744547,900.6708,1487291744947,900.1378,1487291744416
8,7,2,0.3,1,1,3,900.8042,1487291745080,901.2043,1487291745481,900.7042,1487291744983
8,8,2,0.3,1,0,2,901.3708,1487291745647,-1,-1,901.2378,1487291745516
8,9,2,0.3,0,2,0,901.9377,1487291746214,902.3709,1487291746647,901.8051,1487291746083
8,10,2,0.3,1,0,1,902.5047,1487291746781,-1,-1,902.3709,1487291746651
8,11,2,0.3,0,1,0,903.0377,1487291747314,-1,-1,902.9376,1487291747216
8,12,2,0.3,1,0,3,903.6043,1487291747880,-1,-1,903.4711,1487291747750
8,13,2,0.3,1,0,2,904.1377,1487291748414,-1,-1,904.0377,1487291748316
8,14,2,0.3,1,2,2,904.7044,1487291748980,-1,-1,904.571,1487291748850
8,15,2,0.3,1,0,1,905.2379,1487291749514,-1,-1,905.1378,1487291749418
8,16,2,0.3,1,2,1,905.8044,1487291750080,-1,-1,905.6714,1487291749950
8,17,2,0.3,1,0,0,906.3379,1487291750614,-1,-1,906.2379,1487291750516
8,18,2,0.3,1,0,2,906.8712,1487291751147,-1,-1,906.7712,1487291751050
8,19,2,0.3,1,2,2,907.4379,1487291751714,-1,-1,907.3046,1487291751583
8,20,2,0.3,1,1,2,908.0046,1487291752281,908.4387,1487291752715,907.8713,1487291752150
8,21,2,0.3,1,1,2,908.538,1487291752814,908.9714,1487291753248,908.4387,1487291752719
8,22,2,0.3,1,0,0,909.1047,1487291753381,-1,-1,908.9714,1487291753250
8,1,2,0.3,1,3,2,924.7056,1487291768982,-1,-1,924.6056,1487291768882
8,2,2,0.3,1,3,1,925.2054,1487291769481,-1,-1,925.106,1487291769384
8,3,2,0.3,0,1,2,925.7056,1487291769982,-1,-1,925.6056,1487291769886
8,4,2,0.3,1,0,3,926.2057,1487291770482,-1,-1,926.1056,1487291770385
8,5,2,0.3,0,1,2,926.7056,1487291770982,-1,-1,926.6057,1487291770884
8,6,2,0.3,0,0,0,927.2058,1487291771482,927.3058,1487291771582,927.1056,1487291771385
8,7,2,0.3,0,1,2,927.7057,1487291771982,-1,-1,927.6057,1487291771884
8,8,2,0.3,1,2,2,928.2057,1487291772482,-1,-1,928.1057,1487291772386
8,9,2,0.3,1,0,1,928.7059,1487291772982,-1,-1,928.6057,1487291772885
8,10,2,0.3,1,0,3,929.2057,1487291773482,-1,-1,929.1057,1487291773385
8,11,2,0.3,1,2,2,929.7064,1487291773982,-1,-1,929.6058,1487291773884
8,12,2,0.3,1,2,1,930.2059,1487291774482,-1,-1,930.1063,1487291774385
8,13,2,0.3,0,1,2,930.7058,1487291774982,-1,-1,930.6058,1487291774885
8,14,2,0.3,0,0,0,931.2059,1487291775482,931.3061,1487291775582,931.1059,1487291775385
8,15,2,0.3,0,1,2,931.7059,1487291775982,-1,-1,931.6059,1487291775884
8,16,2,0.3,1,0,1,932.2059,1487291776482,-1,-1,932.106,1487291776385
8,17,2,0.3,1,2,0,932.7067,1487291776983,-1,-1,932.606,1487291776885
8,18,2,0.3,1,2,0,933.206,1487291777482,-1,-1,933.1061,1487291777386
8,19,2,0.3,1,2,1,933.7061,1487291777982,-1,-1,933.606,1487291777885
8,20,2,0.3,1,0,3,934.2061,1487291778482,-1,-1,934.1061,1487291778385
8,21,2,0.3,1,0,2,934.7061,1487291778982,-1,-1,934.6061,1487291778885
8,22,2,0.3,0,1,3,935.2061,1487291779482,-1,-1,935.1061,1487291779385
8,1,2,0.3,1,3,1,950.8077,1487291795084,-1,-1,950.6736,1487291794950
8,2,2,0.3,1,3,2,951.3403,1487291795616,-1,-1,951.2408,1487291795519
8,3,2,0.3,0,1,1,951.907,1487291796183,-1,-1,951.7737,1487291796052
8,4,2,0.3,1,0,3,952.4739,1487291796750,-1,-1,952.3431,1487291796623
8,5,2,0.3,1,0,0,953.0072,1487291797283,-1,-1,952.9071,1487291797187
8,6,2,0.3,1,0,2,953.5411,1487291797817,-1,-1,953.4405,1487291797719
8,7,2,0.3,1,2,2,954.1072,1487291798383,-1,-1,953.9743,1487291798253
8,8,2,0.3,1,2,0,954.6739,1487291798950,-1,-1,954.5405,1487291798819
8,9,2,0.3,1,0,1,955.2073,1487291799483,-1,-1,955.1073,1487291799386
8,10,2,0.3,1,0,3,955.7739,1487291800050,-1,-1,955.6407,1487291799919
8,11,2,0.3,1,0,2,956.3079,1487291800584,-1,-1,956.2073,1487291800487
8,12,2,0.3,1,0,0,956.874,1487291801150,-1,-1,956.7407,1487291801019
8,13,2,0.3,0,1,2,957.4075,1487291801683,-1,-1,957.3074,1487291801587
8,14,2,0.3,0,1,0,957.9409,1487291802217,-1,-1,957.8407,1487291802119
8,15,2,0.3,0,1,2,958.5075,1487291802783,-1,-1,958.3746,1487291802654
8,16,2,0.3,0,2,2,959.0741,1487291803351,959.5077,1487291803784,958.941,1487291803221
8,17,2,0.3,0,1,2,959.6408,1487291803917,-1,-1,959.5077,1487291803787
8,18,2,0.3,1,2,3,960.1743,1487291804450,-1,-1,960.0747,1487291804357
8,19,2,0.3,1,2,3,960.7076,1487291804983,-1,-1,960.6075,1487291804886
8,20,2,0.3,1,2,2,961.2742,1487291805550,-1,-1,961.1409,1487291805419
8,21,2,0.3,1,0,1,961.8077,1487291806084,-1,-1,961.7078,1487291805988
8,22,2,0.3,1,1,2,962.3743,1487291806650,962.7746,1487291807051,962.2415,1487291806520
8,1,2,0.3,1,3,3,978.0086,1487291822285,-1,-1,977.8752,1487291822152
8,2,2,0.3,1,3,1,978.61,1487291822886,-1,-1,978.4752,1487291822754
8,3,2,0.3,1,2,1,979.2092,1487291823485,-1,-1,979.0754,1487291823355
8,4,2,0.3,1,0,3,979.8087,1487291824085,-1,-1,979.6753,1487291823954
8,5,2,0.3,1,0,2,980.4086,1487291824685,-1,-1,980.2753,1487291824553
8,6,2,0.3,1,0,0,981.0087,1487291825285,-1,-1,980.8754,1487291825154
8,7,2,0.3,1,2,3,981.6088,1487291825885,-1,-1,981.4753,1487291825754
8,8,2,0.3,1,0,1,982.2088,1487291826485,-1,-1,982.0756,1487291826356
8,9,2,0.3,0,1,3,982.8089,1487291827085,-1,-1,982.6755,1487291826954
8,10,2,0.3,1,1,1,983.4088,1487291827685,983.8424,1487291828119,983.2784,1487291827558
8,11,2,0.3,1,0,2,984.0089,1487291828285,-1,-1,983.8755,1487291828154
8,12,2,0.3,1,2,3,984.6089,1487291828885,-1,-1,984.4756,1487291828754
8,13,2,0.3,0,1,2,985.2092,1487291829485,-1,-1,985.0756,1487291829355
8,14,2,0.3,0,1,3,985.8098,1487291830086,-1,-1,985.6761,1487291829955
8,15,2,0.3,0,0,1,986.4092,1487291830685,986.4759,1487291830752,986.2756,1487291830555
8,16,2,0.3,1,2,1,987.0092,1487291831285,-1,-1,986.8757,1487291831155
8,17,2,0.3,1,0,2,987.6091,1487291831885,-1,-1,987.4758,1487291831755
8,18,2,0.3,1,1,1,988.2091,1487291832485,988.6091,1487291832885,988.0758,1487291832356
8,19,2,0.3,1,2,1,988.8091,1487291833085,-1,-1,988.6758,1487291832954
8,20,2,0.3,0,1,1,989.4092,1487291833685,-1,-1,989.2759,1487291833554
8,21,2,0.3,1,2,2,990.0092,1487291834285,-1,-1,989.8762,1487291834158
8,22,2,0.3,1,0,3,990.6091,1487291834886,-1,-1,990.476,1487291834754
8,1,2,0.3,1,3,3,1006.277,1487291850553,-1,-1,1006.143,1487291850420
8,2,2,0.3,1,3,2,1006.877,1487291851153,-1,-1,1006.743,1487291851023
8,3,2,0.3,1,0,0,1007.477,1487291851753,-1,-1,1007.344,1487291851622
8,4,2,0.3,1,1,2,1008.077,1487291852353,1008.477,1487291852753,1007.944,1487291852222
8,5,2,0.3,1,2,2,1008.677,1487291852953,-1,-1,1008.543,1487291852823
8,6,2,0.3,1,2,0,1009.277,1487291853553,-1,-1,1009.144,1487291853423
8,7,2,0.3,1,0,3,1009.877,1487291854153,-1,-1,1009.744,1487291854023
8,8,2,0.3,1,1,0,1010.477,1487291854753,1010.877,1487291855153,1010.344,1487291854622
8,9,2,0.3,1,0,1,1011.077,1487291855353,-1,-1,1010.944,1487291855222
8,10,2,0.3,1,0,2,1011.677,1487291855953,-1,-1,1011.544,1487291855823
8,11,2,0.3,1,2,2,1012.277,1487291856553,-1,-1,1012.144,1487291856422
8,12,2,0.3,1,1,2,1012.878,1487291857154,1013.244,1487291857521,1012.744,1487291857023
8,13,2,0.3,1,1,2,1013.478,1487291857754,1013.878,1487291858154,1013.344,1487291857622
8,14,2,0.3,1,2,0,1014.077,1487291858353,-1,-1,1013.944,1487291858223
8,15,2,0.3,1,0,3,1014.677,1487291858953,-1,-1,1014.544,1487291858823
8,16,2,0.3,1,0,1,1015.277,1487291859553,-1,-1,1015.144,1487291859423
8,17,2,0.3,0,1,3,1015.877,1487291860153,-1,-1,1015.744,1487291860023
8,18,2,0.3,1,0,2,1016.478,1487291860753,-1,-1,1016.347,1487291860626
8,19,2,0.3,1,2,1,1017.078,1487291861353,-1,-1,1016.944,1487291861223
8,20,2,0.3,0,1,2,1017.677,1487291861953,-1,-1,1017.545,1487291861824
8,21,2,0.3,1,0,0,1018.277,1487291862553,-1,-1,1018.144,1487291862423
8,22,2,0.3,1,2,0,1018.878,1487291863154,-1,-1,1018.744,1487291863023
8,1,2,0.3,1,3,3,1034.545,1487291878821,-1,-1,1034.412,1487291878688
8,2,2,0.3,1,3,0,1035.112,1487291879388,-1,-1,1034.979,1487291879258
8,3,2,0.3,1,0,2,1035.646,1487291879921,-1,-1,1035.545,1487291879825
8,4,2,0.3,1,2,2,1036.179,1487291880455,-1,-1,1036.078,1487291880357
8,5,2,0.3,1,1,2,1036.745,1487291881021,1037.145,1487291881421,1036.612,1487291880890
8,6,2,0.3,1,0,3,1037.279,1487291881555,-1,-1,1037.179,1487291881458
8,7,2,0.3,1,1,2,1037.845,1487291882121,1038.245,1487291882522,1037.712,1487291881991
8,8,2,0.3,0,2,2,1038.412,1487291882688,1038.846,1487291883122,1038.279,1487291882558
8,9,2,0.3,1,0,1,1038.945,1487291883221,-1,-1,1038.846,1487291883124
8,10,2,0.3,1,0,3,1039.512,1487291883788,-1,-1,1039.379,1487291883657
8,11,2,0.3,0,1,1,1040.045,1487291884321,-1,-1,1039.945,1487291884224
8,12,2,0.3,1,2,1,1040.612,1487291884888,-1,-1,1040.479,1487291884758
8,13,2,0.3,0,1,1,1041.179,1487291885455,-1,-1,1041.045,1487291885326
8,14,2,0.3,1,0,3,1041.746,1487291886022,-1,-1,1041.615,1487291885894
8,15,2,0.3,0,1,1,1042.312,1487291886588,-1,-1,1042.179,1487291886457
8,16,2,0.3,1,2,1,1042.879,1487291887155,-1,-1,1042.746,1487291887025
8,17,2,0.3,1,1,1,1043.446,1487291887721,1043.88,1487291888156,1043.312,1487291887591
8,18,2,0.3,1,0,0,1044.012,1487291888288,-1,-1,1043.88,1487291888160
8,19,2,0.3,1,0,3,1044.579,1487291888855,-1,-1,1044.446,1487291888724
8,20,2,0.3,0,2,3,1045.146,1487291889422,1045.579,1487291889855,1045.012,1487291889291
8,21,2,0.3,1,0,1,1045.712,1487291889988,-1,-1,1045.579,1487291889858
8,22,2,0.3,1,2,1,1046.279,1487291890555,-1,-1,1046.146,1487291890424
8,1,2,0.3,1,3,3,1061.913,1487291906189,-1,-1,1061.78,1487291906056
8,2,2,0.3,1,3,2,1062.447,1487291906723,-1,-1,1062.347,1487291906625
8,3,2,0.3,1,1,3,1063.013,1487291907289,1063.447,1487291907723,1062.88,1487291907159
8,4,2,0.3,1,0,1,1063.58,1487291907856,-1,-1,1063.447,1487291907726
8,5,2,0.3,1,2,2,1064.147,1487291908423,-1,-1,1064.013,1487291908294
8,6,2,0.3,1,0,0,1064.713,1487291908989,-1,-1,1064.58,1487291908859
8,7,2,0.3,0,1,2,1065.247,1487291909523,-1,-1,1065.147,1487291909425
8,8,2,0.3,0,1,0,1065.813,1487291910089,-1,-1,1065.681,1487291909960
8,9,2,0.3,1,2,0,1066.347,1487291910623,-1,-1,1066.247,1487291910526
8,10,2,0.3,1,0,3,1066.913,1487291911189,-1,-1,1066.78,1487291911060
8,11,2,0.3,1,2,3,1067.447,1487291911723,-1,-1,1067.347,1487291911626
8,12,2,0.3,1,0,1,1068.014,1487291912289,-1,-1,1067.88,1487291912159
8,13,2,0.3,1,0,0,1068.58,1487291912856,-1,-1,1068.447,1487291912725
8,14,2,0.3,1,2,3,1069.147,1487291913423,-1,-1,1069.014,1487291913292
8,15,2,0.3,1,0,2,1069.714,1487291913990,-1,-1,1069.58,1487291913859
8,16,2,0.3,1,0,1,1070.247,1487291914523,-1,-1,1070.147,1487291914427
8,17,2,0.3,1,2,3,1070.814,1487291915090,-1,-1,1070.68,1487291914959
8,18,2,0.3,1,0,0,1071.38,1487291915656,-1,-1,1071.247,1487291915526
8,19,2,0.3,0,1,3,1071.948,1487291916224,-1,-1,1071.814,1487291916093
8,20,2,0.3,1,2,3,1072.514,1487291916790,-1,-1,1072.381,1487291916659
8,21,2,0.3,1,1,3,1073.047,1487291917323,1073.481,1487291917757,1072.947,1487291917227
8,22,2,0.3,0,1,3,1073.581,1487291917857,-1,-1,1073.481,1487291917762
8,1,2,0.3,1,3,3,1089.215,1487291933491,-1,-1,1089.082,1487291933358
8,2,2,0.3,1,3,2,1089.748,1487291934024,-1,-1,1089.648,1487291933927
8,3,2,0.3,1,1,3,1090.282,1487291934558,1090.682,1487291934958,1090.181,1487291934462
8,4,2,0.3,1,1,2,1090.848,1487291935124,1091.215,1487291935491,1090.715,1487291934994
8,5,2,0.3,1,2,2,1091.415,1487291935691,-1,-1,1091.282,1487291935560
8,6,2,0.3,0,2,3,1091.982,1487291936258,1092.382,1487291936658,1091.848,1487291936127
8,7,2,0.3,0,1,2,1092.515,1487291936791,-1,-1,1092.415,1487291936693
8,8,2,0.3,1,0,1,1093.049,1487291937325,-1,-1,1092.948,1487291937228
8,9,2,0.3,1,0,0,1093.615,1487291937891,-1,-1,1093.482,1487291937761
8,10,2,0.3,1,0,3,1094.182,1487291938458,-1,-1,1094.048,1487291938327
8,11,2,0.3,1,2,1,1094.749,1487291939024,-1,-1,1094.615,1487291938895
8,12,2,0.3,1,2,0,1095.282,1487291939558,-1,-1,1095.182,1487291939460
8,13,2,0.3,1,0,2,1095.849,1487291940124,-1,-1,1095.715,1487291939995
8,14,2,0.3,1,0,3,1096.382,1487291940658,-1,-1,1096.282,1487291940560
8,15,2,0.3,0,2,3,1096.915,1487291941191,1097.349,1487291941625,1096.815,1487291941094
8,16,2,0.3,0,1,3,1097.482,1487291941758,-1,-1,1097.349,1487291941628
8,17,2,0.3,0,1,3,1098.049,1487291942325,-1,-1,1097.915,1487291942195
8,18,2,0.3,1,0,1,1098.615,1487291942891,-1,-1,1098.482,1487291942762
8,19,2,0.3,1,0,0,1099.182,1487291943458,-1,-1,1099.049,1487291943327
8,20,2,0.3,1,0,2,1099.749,1487291944025,-1,-1,1099.615,1487291943894
8,21,2,0.3,1,2,2,1100.315,1487291944592,-1,-1,1100.182,1487291944460
8,22,2,0.3,1,1,2,1100.882,1487291945158,1101.282,1487291945558,1100.749,1487291945027
8,1,2,0.3,1,3,0,1116.483,1487291960759,-1,-1,1116.383,1487291960659
8,2,2,0.3,1,3,1,1117.05,1487291961326,-1,-1,1116.916,1487291961195
8,3,2,0.3,1,0,2,1117.616,1487291961892,-1,-1,1117.483,1487291961761
8,4,2,0.3,1,0,0,1118.183,1487291962459,-1,-1,1118.05,1487291962329
8,5,2,0.3,1,2,1,1118.717,1487291962993,-1,-1,1118.617,1487291962896
8,6,2,0.3,1,0,3,1119.283,1487291963559,-1,-1,1119.15,1487291963428
8,7,2,0.3,0,1,1,1119.817,1487291964092,-1,-1,1119.717,1487291963995
8,8,2,0.3,1,0,2,1120.383,1487291964659,-1,-1,1120.25,1487291964530
8,9,2,0.3,1,2,3,1120.95,1487291965226,-1,-1,1120.817,1487291965095
8,10,2,0.3,0,1,2,1121.484,1487291965759,-1,-1,1121.384,1487291965663
8,11,2,0.3,0,1,3,1122.05,1487291966326,-1,-1,1121.917,1487291966195
8,12,2,0.3,0,1,2,1122.617,1487291966893,-1,-1,1122.483,1487291966763
8,13,2,0.3,0,0,0,1123.186,1487291967462,1123.217,1487291967493,1123.05,1487291967329
8,14,2,0.3,1,0,1,1123.751,1487291968027,-1,-1,1123.617,1487291967895
8,15,2,0.3,1,1,0,1124.317,1487291968593,1124.717,1487291968993,1124.183,1487291968464
8,16,2,0.3,1,0,3,1124.883,1487291969159,-1,-1,1124.75,1487291969029
8,17,2,0.3,1,2,3,1125.45,1487291969726,-1,-1,1125.317,1487291969596
8,18,2,0.3,1,2,0,1125.984,1487291970260,-1,-1,1125.884,1487291970163
8,19,2,0.3,1,2,0,1126.517,1487291970793,-1,-1,1126.417,1487291970696
8,20,2,0.3,1,1,0,1127.084,1487291971360,1127.45,1487291971727,1126.95,1487291971230
8,21,2,0.3,1,0,1,1127.65,1487291971926,-1,-1,1127.517,1487291971796
8,22,2,0.3,1,2,1,1128.217,1487291972493,-1,-1,1128.084,1487291972363
8,1,2,0.3,1,3,0,1143.851,1487291988127,-1,-1,1143.718,1487291987995
8,2,2,0.3,1,3,2,1144.385,1487291988661,-1,-1,1144.285,1487291988563
8,3,2,0.3,1,1,0,1144.951,1487291989227,1145.385,1487291989661,1144.818,1487291989098
8,4,2,0.3,1,2,0,1145.519,1487291989795,-1,-1,1145.385,1487291989665
8,5,2,0.3,1,0,1,1146.085,1487291990361,-1,-1,1145.951,1487291990230
8,6,2,0.3,1,2,1,1146.618,1487291990894,-1,-1,1146.518,1487291990796
8,7,2,0.3,1,1,1,1147.185,1487291991461,1147.618,1487291991895,1147.051,1487291991330
8,8,2,0.3,1,2,2,1147.751,1487291992027,-1,-1,1147.618,1487291991898
8,9,2,0.3,1,1,1,1148.285,1487291992561,1148.718,1487291992994,1148.185,1487291992464
8,10,2,0.3,1,0,0,1148.851,1487291993127,-1,-1,1148.718,1487291992997
8,11,2,0.3,1,2,2,1149.385,1487291993661,-1,-1,1149.285,1487291993564
8,12,2,0.3,1,0,3,1149.952,1487291994227,-1,-1,1149.818,1487291994097
8,13,2,0.3,1,1,2,1150.518,1487291994794,1150.952,1487291995229,1150.385,1487291994665
8,14,2,0.3,1,0,1,1151.085,1487291995361,-1,-1,1150.952,1487291995232
8,15,2,0.3,1,0,0,1151.652,1487291995928,-1,-1,1151.518,1487291995797
8,16,2,0.3,1,0,3,1152.218,1487291996494,-1,-1,1152.085,1487291996364
8,17,2,0.3,1,2,3,1152.785,1487291997061,-1,-1,1152.652,1487291996930
8,18,2,0.3,1,1,3,1153.352,1487291997628,1153.685,1487291997961,1153.218,1487291997498
8,19,2,0.3,1,0,2,1153.919,1487291998194,-1,-1,1153.785,1487291998064
8,20,2,0.3,0,1,3,1154.485,1487291998761,-1,-1,1154.352,1487291998630
8,21,2,0.3,1,0,0,1155.052,1487291999328,-1,-1,1154.919,1487291999201
8,22,2,0.3,1,2,0,1155.618,1487291999894,-1,-1,1155.485,1487291999764
8,1,2,0.3,1,3,2,1171.219,1487292015495,-1,-1,1171.119,1487292015396
8,2,2,0.3,1,3,0,1171.719,1487292015995,-1,-1,1171.619,1487292015898
8,3,2,0.3,1,2,0,1172.22,1487292016495,-1,-1,1172.12,1487292016398
8,4,2,0.3,1,0,3,1172.719,1487292016995,-1,-1,1172.62,1487292016898
8,5,2,0.3,1,2,3,1173.22,1487292017496,-1,-1,1173.12,1487292017399
8,6,2,0.3,1,2,0,1173.72,1487292017996,-1,-1,1173.62,1487292017898
8,7,2,0.3,0,1,3,1174.22,1487292018496,-1,-1,1174.12,1487292018398
8,8,2,0.3,1,0,2,1174.72,1487292018996,-1,-1,1174.62,1487292018898
8,9,2,0.3,1,0,1,1175.22,1487292019496,-1,-1,1175.12,1487292019399
8,10,2,0.3,1,0,0,1175.72,1487292019996,-1,-1,1175.62,1487292019899
8,11,2,0.3,1,2,2,1176.22,1487292020496,-1,-1,1176.12,1487292020398
8,12,2,0.3,0,1,0,1176.72,1487292020996,-1,-1,1176.62,1487292020899
8,13,2,0.3,1,1,2,1177.22,1487292021496,1177.254,1487292021530,1177.12,1487292021398
8,14,2,0.3,0,1,0,1177.72,1487292021996,-1,-1,1177.62,1487292021898
8,15,2,0.3,1,0,1,1178.22,1487292022496,-1,-1,1178.12,1487292022400
8,16,2,0.3,1,2,1,1178.72,1487292022996,-1,-1,1178.62,1487292022899
8,17,2,0.3,1,0,2,1179.22,1487292023496,-1,-1,1179.12,1487292023399
8,18,2,0.3,1,2,2,1179.72,1487292023996,-1,-1,1179.62,1487292023899
8,19,2,0.3,1,1,2,1180.22,1487292024496,1180.62,1487292024896,1180.12,1487292024399
8,20,2,0.3,1,0,3,1180.72,1487292024996,-1,-1,1180.62,1487292024901
8,21,2,0.3,0,1,2,1181.22,1487292025496,-1,-1,1181.12,1487292025399
8,22,2,0.3,1,0,1,1181.72,1487292025996,-1,-1,1181.62,1487292025899
8,1,2,0.3,1,3,2,1197.287,1487292041563,-1,-1,1197.188,1487292041464
8,2,2,0.3,1,3,3,1197.788,1487292042064,-1,-1,1197.688,1487292041966
8,3,2,0.3,1,0,0,1198.288,1487292042564,-1,-1,1198.188,1487292042467
8,4,2,0.3,1,0,2,1198.788,1487292043064,-1,-1,1198.688,1487292042966
8,5,2,0.3,1,0,1,1199.288,1487292043564,-1,-1,1199.188,1487292043466
8,6,2,0.3,1,2,1,1199.788,1487292044064,-1,-1,1199.688,1487292043966
8,7,2,0.3,1,2,2,1200.288,1487292044564,-1,-1,1200.188,1487292044467
8,8,2,0.3,1,0,0,1200.788,1487292045064,-1,-1,1200.688,1487292044967
8,9,2,0.3,1,1,2,1201.288,1487292045564,1201.688,1487292045964,1201.188,1487292045466
8,10,2,0.3,1,1,0,1201.788,1487292046064,1202.188,1487292046464,1201.688,1487292045967
8,11,2,0.3,1,2,0,1202.288,1487292046564,-1,-1,1202.188,1487292046468
8,12,2,0.3,0,1,0,1202.788,1487292047064,-1,-1,1202.688,1487292046966
8,13,2,0.3,0,2,1,1203.289,1487292047565,1203.321,1487292047597,1203.188,1487292047468
8,14,2,0.3,1,0,2,1203.788,1487292048064,-1,-1,1203.688,1487292047967
8,15,2,0.3,0,1,1,1204.288,1487292048564,-1,-1,1204.188,1487292048466
8,16,2,0.3,1,2,1,1204.788,1487292049064,-1,-1,1204.688,1487292048968
8,17,2,0.3,1,0,3,1205.288,1487292049564,-1,-1,1205.188,1487292049467
8,18,2,0.3,1,0,0,1205.788,1487292050064,-1,-1,1205.688,1487292049968
8,19,2,0.3,1,0,2,1206.288,1487292050564,-1,-1,1206.188,1487292050466
8,20,2,0.3,1,2,3,1206.788,1487292051064,-1,-1,1206.688,1487292050967
8,21,2,0.3,0,1,2,1207.288,1487292051564,-1,-1,1207.189,1487292051469
8,22,2,0.3,1,1,3,1207.788,1487292052064,1207.921,1487292052198,1207.688,1487292051967
