%Recollect Version 2.0. Scene/Level: nback0_advan, Game Number: 085
%Note: All true/false values are represented as "1" and "0" respectively.
%Damage:1,Player X Position,Player Y Position,Hearts Left,Time (Relative),Time (Absolute)
%NBackObject:0,Current N Level,Is Correct,Should Be Picked Up,Type,Time of Reveal (R),Time of Reveal (A),Time of Death (R),Time of Death (A)
%Possible values for "Type":Blue=0,Yellow=1,Green=2,Pink=3,White=4,Gray=5,Brown=6,Purple=7,None=8,
0,3,1,0,1,1.15010,1479242984640.24,3.68352,1479242987173.21
0,3,1,0,1,3.65057,1479242987140.64,6.18369,1479242989673.14
0,3,1,0,0,6.15035,1479242989639.99,8.68381,1479242992173.33
0,3,1,0,2,8.65064,1479242992141.04,11.18413,1479242994673.41
0,3,1,1,1,10.91728,1479242994407.23,12.70523,1479242996210.24
0,3,1,1,0,13.41731,1479242996907.26,15.28523,1479242998806.72
0,3,0,0,1,15.91759,1479242999407.81,17.78523,1479243001307.08
0,3,1,0,3,18.41771,1479243001907.62,20.91785,1479243004407.99
0,3,1,0,1,20.65132,1479243004140.9,23.18483,1479243006673.52
0,3,1,0,0,23.11790,1479243006607.92,25.65147,1479243009142.13
0,3,1,0,2,25.61836,1479243009108.01,28.15173,1479243011641.21
0,3,1,1,1,28.11844,1479243011607.78,29.76523,1479243013274.24
0,3,1,0,1,30.58531,1479243014075.51,33.15186,1479243016641.85
0,3,0,0,0,33.08534,1479243016575.48,34.70523,1479243018207.54
0,3,1,0,2,35.35219,1479243018841.57,37.88579,1479243021375.12
0,3,1,0,0,37.85214,1479243021342.4,40.38565,1479243023876.44
0,2,0,1,0,40.35226,1479243023842.05,42.88574,1479243026379.67
1,184.09450,2.28716,2,44.50525,1479243030040.92
1,192.09470,1.97428,1,46.50525,1479243032041.17
0,2,1,0,2,45.08716,1479243030610.18,47.65253,1479243033176.29
0,2,1,0,1,47.55270,1479243033075.61,50.08624,1479243035609.13
1,211.05510,2.02078,0,51.24524,1479243036775.77
0,2,1,0,3,50.05289,1479243035576.18,52.58615,1479243038109.51
0,2,0,1,1,52.55298,1479243038075.74,55.10364,1479243042043.18
