%Recollect Version 2.3. Scene/Level: , Session: 1, GameNumber: 1
%Note: All true/false values are represented as "1" and "0" respectively.
%Damage:1,Player X Position,Player Y Position,Hearts Left,Time (Relative),Time (Absolute)
%LameBackObject:Algorithm Condition,Trial Number,Current N Level,Lure Rate,Is Correct,Stimulus Type,Stimulus Color,Presentation Time (R),Presentation Time (A),Response Time (R),Response Time (A),Expire Time (R),Expire Time (A)
%Possible values for "Color":Red=0,Blue=1,Green=2,Yellow=3,Purple=4,LightBlue=5,Brown=6,White=7,
%Possible values for "Type":NonTarget=0,Target=1,Lure=2,lessThanN=3,
3,1,2,0.3,1,3,1,9.320496,1487112849483,-1,-1,8.820381,1487112848984
3,2,2,0.3,1,3,2,12.35406,1487112852517,-1,-1,11.82064,1487112851986
3,3,2,0.3,1,0,0,15.35417,1487112855517,-1,-1,14.85415,1487112855021
3,4,2,0.3,1,1,2,18.35435,1487112858517,19.12108,1487112859284,17.85429,1487112858020
3,5,2,0.3,1,0,1,21.38783,1487112861550,-1,-1,20.85447,1487112861020
3,6,2,0.3,1,0,3,24.42133,1487112864584,-1,-1,23.88799,1487112864055
3,7,2,0.3,1,1,1,27.45485,1487112867617,28.08823,1487112868251,26.9214,1487112867087
3,8,2,0.3,1,0,2,30.55502,1487112870718,-1,-1,29.98838,1487112870155
3,9,2,0.3,1,1,1,33.55524,1487112873718,34.08858,1487112874251,33.05515,1487112873221
3,10,2,0.3,1,1,2,36.62203,1487112876785,37.15543,1487112877318,36.05534,1487112876222
3,11,2,0.3,1,1,1,39.65554,1487112879818,40.15601,1487112880319,39.12217,1487112879287
3,12,2,0.3,1,0,3,42.68902,1487112882852,-1,-1,42.15568,1487112882321
3,13,2,0.3,1,2,2,45.75585,1487112885918,-1,-1,45.1892,1487112885356
3,14,2,0.3,1,2,2,48.78936,1487112888952,-1,-1,48.25602,1487112888422
3,15,2,0.3,1,2,3,51.82287,1487112891985,-1,-1,51.28953,1487112891455
3,16,2,0.3,1,0,0,54.8896,1487112895052,-1,-1,54.32323,1487112894490
3,17,2,0.3,1,0,1,57.95655,1487112898119,-1,-1,57.38981,1487112897555
3,18,2,0.3,1,2,1,60.9901,1487112901153,-1,-1,60.4567,1487112900622
3,19,2,0.3,1,2,0,64.02357,1487112904186,-1,-1,63.49021,1487112903655
3,20,2,0.3,1,0,3,67.02374,1487112907186,-1,-1,66.5237,1487112906690
3,21,2,0.3,1,2,3,70.0239,1487112910187,-1,-1,69.52386,1487112909689
3,22,2,0.3,1,1,3,73.05743,1487112913220,73.79078,1487112913954,72.52402,1487112912690
3,1,3,0.3,1,3,2,91.39176,1487112931554,-1,-1,90.85841,1487112931022
3,2,3,0.3,1,3,0,94.39193,1487112934555,-1,-1,93.8919,1487112934058
3,3,3,0.3,1,3,1,97.42542,1487112937588,-1,-1,96.8921,1487112937057
3,4,3,0.3,1,0,3,100.4589,1487112940622,-1,-1,99.92559,1487112940093
3,5,3,0.3,1,0,3,103.4591,1487112943622,-1,-1,102.9591,1487112943124
3,6,3,0.3,1,0,2,106.4593,1487112946622,-1,-1,105.9593,1487112946124
3,7,3,0.3,1,2,1,109.4594,1487112949622,-1,-1,108.9594,1487112949126
3,8,3,0.3,1,0,1,112.4929,1487112952656,-1,-1,111.9596,1487112952126
3,9,3,0.3,1,1,2,115.5264,1487112955689,116.1265,1487112956289,114.9931,1487112955158
3,10,3,0.3,1,2,2,118.5266,1487112958689,-1,-1,118.0266,1487112958193
3,11,3,0.3,1,0,0,121.5602,1487112961723,-1,-1,121.0268,1487112961192
3,12,3,0.3,1,1,2,124.5604,1487112964723,126.4271,1487112966590,124.0602,1487112964226
3,13,3,0.3,1,0,3,127.6271,1487112967790,-1,-1,127.0604,1487112967226
3,14,3,0.3,1,2,2,130.694,1487112970857,-1,-1,130.1273,1487112970294
3,15,3,0.3,1,2,3,133.7275,1487112973890,-1,-1,133.1942,1487112973360
3,16,3,0.3,1,1,3,136.7612,1487112976924,137.3277,1487112977491,136.2276,1487112976393
3,17,3,0.3,1,1,2,139.8278,1487112979990,140.3944,1487112980557,139.2944,1487112979461
3,18,3,0.3,1,1,3,142.8947,1487112983057,143.5614,1487112983724,142.328,1487112982494
3,19,3,0.3,1,0,0,145.9282,1487112986091,-1,-1,145.3948,1487112985560
3,20,3,0.3,1,0,0,148.9617,1487112989124,-1,-1,148.4283,1487112988595
3,21,3,0.3,1,1,3,151.9953,1487112992158,152.662,1487112992825,151.4618,1487112991627
3,22,3,0.3,1,2,3,155.062,1487112995225,-1,-1,154.4953,1487112994661
3,23,3,0.3,1,2,3,158.0623,1487112998225,-1,-1,157.5622,1487112997728
3,1,4,0.3,1,3,3,176.3965,1487113016559,-1,-1,175.8965,1487113016060
3,2,4,0.3,1,3,1,179.4302,1487113019593,-1,-1,178.8967,1487113019063
3,3,4,0.3,1,3,0,182.4968,1487113022659,-1,-1,181.9302,1487113022096
3,4,4,0.3,1,3,2,185.5304,1487113025693,-1,-1,184.997,1487113025163
3,5,4,0.3,1,0,0,188.5639,1487113028726,-1,-1,188.0305,1487113028197
3,6,4,0.3,1,1,1,191.6307,1487113031793,192.6313,1487113032794,191.0641,1487113031230
3,7,4,0.3,1,2,1,194.6976,1487113034860,-1,-1,194.131,1487113034297
3,8,4,0.3,1,2,0,197.7644,1487113037927,-1,-1,197.1977,1487113037364
3,9,4,0.3,1,2,1,200.7979,1487113040961,-1,-1,200.2645,1487113040430
3,10,4,0.3,1,1,1,203.8315,1487113043994,204.6982,1487113044861,203.2981,1487113043463
3,11,4,0.3,1,0,2,206.8649,1487113047028,-1,-1,206.3315,1487113046497
3,12,4,0.3,1,1,0,209.8984,1487113050061,210.6318,1487113050795,209.3651,1487113049532
3,13,4,0.3,1,0,2,212.9319,1487113053095,-1,-1,212.3986,1487113052564
3,14,4,0.3,1,2,2,215.9654,1487113056128,-1,-1,215.432,1487113055597
3,15,4,0.3,1,1,2,218.9658,1487113059128,219.599,1487113059762,218.4655,1487113058632
3,16,4,0.3,1,2,2,222.0324,1487113062195,-1,-1,221.4991,1487113061664
3,17,4,0.3,1,0,1,225.0659,1487113065229,-1,-1,224.5326,1487113064698
3,18,4,0.3,1,0,1,228.0994,1487113068262,-1,-1,227.5661,1487113067733
3,19,4,0.3,1,2,0,231.1329,1487113071296,-1,-1,230.5996,1487113070765
3,20,4,0.3,1,1,2,234.1664,1487113074329,234.9998,1487113075163,233.6331,1487113073800
3,21,4,0.3,1,0,3,237.2333,1487113077396,-1,-1,236.6999,1487113076865
3,22,4,0.3,1,0,3,240.2335,1487113080396,-1,-1,239.7334,1487113079900
3,23,4,0.3,1,1,0,243.3004,1487113083463,243.967,1487113084130,242.7336,1487113082899
3,24,4,0.3,1,0,1,246.3338,1487113086496,-1,-1,245.8004,1487113085966
3,1,5,0.3,1,3,2,264.6682,1487113104831,-1,-1,264.1681,1487113104331
3,2,5,0.3,1,3,0,267.735,1487113107898,-1,-1,267.1683,1487113107335
3,3,5,0.3,1,3,1,270.8018,1487113110964,-1,-1,270.2351,1487113110400
3,4,5,0.3,1,3,3,273.8355,1487113113998,-1,-1,273.302,1487113113467
3,5,5,0.3,1,3,1,276.9021,1487113117065,-1,-1,276.3688,1487113116535
3,6,5,0.3,1,0,1,279.9357,1487113120098,-1,-1,279.4023,1487113119568
3,7,5,0.3,1,1,0,282.9692,1487113123132,284.4026,1487113124566,282.4358,1487113122601
3,8,5,0.3,1,2,0,285.9694,1487113126132,-1,-1,285.4693,1487113125635
3,9,5,0.3,1,0,2,289.0028,1487113129165,-1,-1,288.4695,1487113128636
3,10,5,0.3,1,0,2,292.0697,1487113132232,-1,-1,291.5031,1487113131668
3,11,5,0.3,0,1,1,295.1031,1487113135266,-1,-1,294.5698,1487113134735
3,12,5,0.3,1,2,1,298.1037,1487113138266,-1,-1,297.6033,1487113137770
3,13,5,0.3,1,2,2,301.1702,1487113141333,-1,-1,300.6368,1487113140802
3,14,5,0.3,1,0,1,304.237,1487113144400,-1,-1,303.6703,1487113143836
3,15,5,0.3,1,1,2,307.3037,1487113147466,308.1039,1487113148267,306.7372,1487113146903
3,16,5,0.3,0,1,1,310.3374,1487113150500,-1,-1,309.804,1487113149969
3,17,5,0.3,1,2,2,313.4042,1487113153567,-1,-1,312.8376,1487113153003
3,18,5,0.3,1,0,3,316.4377,1487113156600,-1,-1,315.9044,1487113156070
3,19,5,0.3,1,0,3,319.4712,1487113159634,-1,-1,318.9377,1487113159104
3,20,5,0.3,1,0,0,322.5381,1487113162701,-1,-1,321.9716,1487113162136
3,21,5,0.3,1,1,1,325.5716,1487113165734,326.5048,1487113166667,325.0382,1487113165203
3,22,5,0.3,1,2,1,328.6051,1487113168768,-1,-1,328.0717,1487113168238
3,23,5,0.3,1,2,2,331.6719,1487113171835,-1,-1,331.1052,1487113171271
3,24,5,0.3,1,1,3,334.7387,1487113174901,335.3721,1487113175535,334.1723,1487113174338
3,25,5,0.3,1,0,2,337.7721,1487113177935,-1,-1,337.2389,1487113177406
3,1,6,0.3,1,3,0,356.1733,1487113196336,-1,-1,355.6066,1487113195770
3,2,6,0.3,1,3,2,359.2068,1487113199369,-1,-1,358.6734,1487113198840
3,3,6,0.3,1,3,1,362.2404,1487113202403,-1,-1,361.7069,1487113201873
3,4,6,0.3,1,3,3,365.3072,1487113205470,-1,-1,364.7404,1487113204907
3,5,6,0.3,1,3,2,368.3406,1487113208503,-1,-1,367.8073,1487113207974
3,6,6,0.3,1,3,3,371.3409,1487113211499,-1,-1,370.8408,1487113211003
3,7,6,0.3,1,1,0,374.3743,1487113214520,375.041,1487113215184,373.841,1487113213992
3,8,6,0.3,1,1,2,377.3745,1487113217508,377.9746,1487113218106,376.8745,1487113217014
3,9,6,0.3,1,2,3,380.3747,1487113220498,-1,-1,379.8746,1487113220001
3,10,6,0.3,1,0,0,383.4082,1487113223532,-1,-1,382.8748,1487113223002
3,11,6,0.3,1,2,3,386.4752,1487113226599,-1,-1,385.9417,1487113226068
3,12,6,0.3,0,0,1,389.5086,1487113229632,390.4086,1487113230532,389.0084,1487113229135
3,13,6,0.3,1,2,3,392.5088,1487113232632,-1,-1,392.0086,1487113232135
3,14,6,0.3,1,2,0,395.5421,1487113235666,-1,-1,395.0088,1487113235135
3,15,6,0.3,1,1,3,398.5757,1487113238699,399.3428,1487113239467,398.0423,1487113238170
3,16,6,0.3,0,1,0,401.6092,1487113241733,-1,-1,401.0758,1487113241202
3,17,6,0.3,0,0,2,404.6426,1487113244766,406.5762,1487113246700,404.1093,1487113244236
3,18,6,0.3,1,0,0,407.6762,1487113247800,-1,-1,407.1429,1487113247271
3,19,6,0.3,1,2,1,410.743,1487113250867,-1,-1,410.1765,1487113250303
3,20,6,0.3,0,1,0,413.7432,1487113253867,-1,-1,413.2431,1487113253371
3,21,6,0.3,1,0,2,416.8101,1487113256934,-1,-1,416.2433,1487113256370
3,22,6,0.3,1,0,1,419.8435,1487113259967,-1,-1,419.3101,1487113259438
3,23,6,0.3,0,0,3,422.9104,1487113263034,423.877,1487113264001,422.3437,1487113262470
3,24,6,0.3,1,2,2,425.9438,1487113266067,-1,-1,425.4105,1487113265537
3,25,6,0.3,1,1,1,429.0107,1487113269134,430.8442,1487113270968,428.4442,1487113268572
3,26,6,0.3,1,0,3,432.0442,1487113272168,-1,-1,431.5108,1487113271637
3,1,6,0.3,1,3,2,450.3452,1487113290469,-1,-1,449.8451,1487113289969
3,2,6,0.3,1,3,3,453.3788,1487113293502,-1,-1,452.8454,1487113292972
3,3,6,0.3,1,3,0,456.4456,1487113296569,-1,-1,455.8789,1487113296007
3,4,6,0.3,1,3,1,459.4791,1487113299603,-1,-1,458.9457,1487113299072
3,5,6,0.3,1,3,2,462.5126,1487113302636,-1,-1,461.9792,1487113302106
3,6,6,0.3,1,3,3,465.5461,1487113305670,-1,-1,465.0127,1487113305140
3,7,6,0.3,1,2,3,468.5796,1487113308703,-1,-1,468.0462,1487113308173
3,8,6,0.3,1,1,3,471.6131,1487113311737,472.5797,1487113312704,471.0797,1487113311206
3,9,6,0.3,1,1,0,474.6466,1487113314770,475.9134,1487113316037,474.1132,1487113314240
3,10,6,0.3,1,0,3,477.7135,1487113317837,-1,-1,477.1469,1487113317274
3,11,6,0.3,1,0,0,480.7469,1487113320871,-1,-1,480.2136,1487113320340
3,12,6,0.3,0,2,2,483.7804,1487113323904,484.3805,1487113324504,483.2471,1487113323373
3,13,6,0.3,1,2,0,486.8141,1487113326938,-1,-1,486.2806,1487113326408
3,14,6,0.3,1,0,1,489.8476,1487113329971,-1,-1,489.3474,1487113329474
3,15,6,0.3,1,2,3,492.9143,1487113333038,-1,-1,492.3477,1487113332475
3,16,6,0.3,1,0,1,495.9811,1487113336105,-1,-1,495.4145,1487113335542
3,17,6,0.3,1,0,1,499.048,1487113339172,-1,-1,498.4815,1487113338608
3,18,6,0.3,1,0,3,502.0815,1487113342205,-1,-1,501.5481,1487113341674
3,19,6,0.3,1,1,0,505.1483,1487113345272,506.1151,1487113346239,504.5816,1487113344709
3,20,6,0.3,1,0,2,508.1818,1487113348305,-1,-1,507.6485,1487113347776
3,21,6,0.3,0,1,3,511.2488,1487113351372,-1,-1,510.682,1487113350808
3,22,6,0.3,1,2,3,514.3156,1487113354439,-1,-1,513.7822,1487113353909
3,23,6,0.3,1,1,1,517.3493,1487113357473,518.5492,1487113358673,516.816,1487113356943
3,24,6,0.3,1,0,2,520.4492,1487113360573,-1,-1,519.8825,1487113360009
3,25,6,0.3,0,1,0,523.5161,1487113363640,-1,-1,522.9493,1487113363076
3,26,6,0.3,0,2,3,526.5162,1487113366640,528.6163,1487113368740,526.0161,1487113366144
3,1,6,0.3,1,3,1,544.8839,1487113385008,-1,-1,544.3504,1487113384475
3,2,6,0.3,1,3,3,547.9507,1487113388074,-1,-1,547.3841,1487113387512
3,3,6,0.3,1,3,0,551.0176,1487113391141,-1,-1,550.4509,1487113390578
3,4,6,0.3,1,3,2,554.0511,1487113394175,-1,-1,553.5176,1487113393644
3,5,6,0.3,1,3,0,557.1179,1487113397242,-1,-1,556.5513,1487113396679
3,6,6,0.3,1,3,3,560.1848,1487113400308,-1,-1,559.6181,1487113399744
3,7,6,0.3,1,2,3,563.2515,1487113403375,-1,-1,562.6849,1487113402813
3,8,6,0.3,1,0,1,566.3185,1487113406442,-1,-1,565.7518,1487113405879
3,9,6,0.3,1,2,2,569.3853,1487113409509,-1,-1,568.8186,1487113408945
3,10,6,0.3,1,1,2,572.4188,1487113412542,574.2189,1487113414343,571.8854,1487113412012
3,11,6,0.3,1,1,0,575.4523,1487113415576,576.6857,1487113416810,574.9189,1487113415046
3,12,6,0.3,1,0,2,578.4858,1487113418609,-1,-1,577.9525,1487113418080
3,13,6,0.3,1,2,1,581.5526,1487113421676,-1,-1,580.986,1487113421113
3,14,6,0.3,1,0,0,584.6193,1487113424743,-1,-1,584.0528,1487113424180
3,15,6,0.3,1,0,3,587.653,1487113427777,-1,-1,587.1196,1487113427247
3,16,6,0.3,1,0,1,590.7198,1487113430843,-1,-1,590.1531,1487113430281
3,17,6,0.3,1,1,0,593.7534,1487113433877,594.7534,1487113434877,593.22,1487113433347
3,18,6,0.3,1,0,3,596.8202,1487113436944,-1,-1,596.2868,1487113436414
3,19,6,0.3,1,1,1,599.8537,1487113439977,601.1537,1487113441278,599.3203,1487113439447
3,20,6,0.3,1,2,1,602.9539,1487113443077,-1,-1,602.3871,1487113442513
3,21,6,0.3,1,0,2,606.0209,1487113446144,-1,-1,605.454,1487113445580
3,22,6,0.3,1,2,0,609.0875,1487113449211,-1,-1,608.5541,1487113448682
3,23,6,0.3,0,1,0,612.0879,1487113452212,-1,-1,611.5876,1487113451714
3,24,6,0.3,1,0,2,615.1545,1487113455278,-1,-1,614.6211,1487113454747
3,25,6,0.3,1,2,3,618.188,1487113458312,-1,-1,617.6547,1487113457782
3,26,6,0.3,1,1,1,621.2549,1487113461378,621.8884,1487113462012,620.6882,1487113460814
3,1,7,0.3,1,3,1,639.6226,1487113479746,-1,-1,639.0892,1487113479213
3,2,7,0.3,1,3,0,642.6561,1487113482780,-1,-1,642.1227,1487113482250
3,3,7,0.3,1,3,2,645.6896,1487113485813,-1,-1,645.1562,1487113485284
3,4,7,0.3,1,3,3,648.7231,1487113488847,-1,-1,648.1897,1487113488316
3,5,7,0.3,1,3,2,651.7899,1487113491913,-1,-1,651.2233,1487113491349
3,6,7,0.3,1,3,3,654.8234,1487113494947,-1,-1,654.29,1487113494418
3,7,7,0.3,1,3,1,657.8572,1487113497981,-1,-1,657.3235,1487113497450
3,8,7,0.3,0,2,0,660.9238,1487113501047,661.9573,1487113502081,660.3904,1487113500517
3,9,7,0.3,0,1,0,663.9573,1487113504081,-1,-1,663.4239,1487113503550
3,10,7,0.3,1,0,1,666.9908,1487113507114,-1,-1,666.4574,1487113506585
3,11,7,0.3,0,2,2,670.0576,1487113510181,670.9577,1487113511082,669.4909,1487113509618
3,12,7,0.3,0,0,0,673.0912,1487113513215,675.5246,1487113515649,672.5577,1487113512684
3,13,7,0.3,0,0,0,676.158,1487113516282,676.9247,1487113517049,675.6245,1487113515752
3,14,7,0.3,1,1,1,679.2249,1487113519348,680.2916,1487113520415,678.6581,1487113518784
3,15,7,0.3,1,0,3,682.2583,1487113522382,-1,-1,681.7252,1487113521852
3,16,7,0.3,1,0,3,685.2918,1487113525415,-1,-1,684.7584,1487113524887
3,17,7,0.3,1,0,3,688.3253,1487113528449,-1,-1,687.7919,1487113527918
3,18,7,0.3,1,2,1,691.3588,1487113531482,-1,-1,690.8254,1487113530952
3,19,7,0.3,1,2,2,694.4257,1487113534549,-1,-1,693.8589,1487113533985
3,20,7,0.3,0,1,0,697.4925,1487113537616,-1,-1,696.9258,1487113537053
3,21,7,0.3,1,2,3,700.4927,1487113540617,-1,-1,699.9926,1487113540119
3,22,7,0.3,0,2,1,703.5594,1487113543683,705.493,1487113545617,702.9928,1487113543119
3,23,7,0.3,1,0,1,706.6262,1487113546750,-1,-1,706.0596,1487113546187
3,24,7,0.3,1,0,2,709.6599,1487113549784,-1,-1,709.1265,1487113549253
3,25,7,0.3,0,1,1,712.7269,1487113552850,-1,-1,712.16,1487113552287
3,26,7,0.3,1,1,2,715.7935,1487113555917,717.1603,1487113557284,715.2271,1487113555355
3,27,7,0.3,1,1,0,718.8604,1487113558984,719.9604,1487113560084,718.2938,1487113558420
3,1,6,0.3,1,3,1,737.228,1487113577352,-1,-1,736.6946,1487113576819
3,2,6,0.3,1,3,0,740.2614,1487113580385,-1,-1,739.7281,1487113579854
3,3,6,0.3,1,3,2,743.2949,1487113583419,-1,-1,742.7615,1487113582889
3,4,6,0.3,1,3,3,746.3286,1487113586452,-1,-1,745.7952,1487113585923
3,5,6,0.3,1,3,0,749.3621,1487113589486,-1,-1,748.8287,1487113588955
3,6,6,0.3,1,3,2,752.3956,1487113592519,-1,-1,751.8622,1487113591989
3,7,6,0.3,1,1,1,755.4291,1487113595553,757.3625,1487113597487,754.8957,1487113595023
3,8,6,0.3,1,0,3,758.4626,1487113598586,-1,-1,757.9292,1487113598056
3,9,6,0.3,1,0,1,761.4962,1487113601620,-1,-1,760.9627,1487113601090
3,10,6,0.3,1,2,2,764.5629,1487113604687,-1,-1,764.0295,1487113604157
3,11,6,0.3,1,1,0,767.6298,1487113607753,768.3299,1487113608454,767.063,1487113607189
3,12,6,0.3,1,1,2,770.6633,1487113610787,771.1299,1487113611254,770.1299,1487113610256
3,13,6,0.3,0,1,1,773.697,1487113613821,-1,-1,773.1634,1487113613290
3,14,6,0.3,0,0,2,776.7636,1487113616887,778.0303,1487113618154,776.2302,1487113616358
3,15,6,0.3,0,0,0,779.7971,1487113619921,780.5638,1487113620688,779.2637,1487113619390
3,16,6,0.3,1,1,2,782.864,1487113622988,783.5973,1487113623721,782.2972,1487113622423
3,17,6,0.3,1,0,1,785.8975,1487113626021,-1,-1,785.3641,1487113625492
3,18,6,0.3,1,2,1,788.9643,1487113629088,-1,-1,788.3976,1487113628524
3,19,6,0.3,1,2,2,792.0309,1487113632155,-1,-1,791.4644,1487113631591
3,20,6,0.3,1,0,3,795.0646,1487113635188,-1,-1,794.5313,1487113634658
3,21,6,0.3,0,2,2,798.0981,1487113638222,798.8649,1487113638989,797.5647,1487113637691
3,22,6,0.3,1,2,0,801.1652,1487113641289,-1,-1,800.5983,1487113640725
3,23,6,0.3,0,2,2,804.2318,1487113644355,806.0988,1487113646223,803.6984,1487113643826
3,24,6,0.3,0,0,0,807.2986,1487113647422,807.9653,1487113648089,806.732,1487113646860
3,25,6,0.3,1,0,0,810.3322,1487113650456,-1,-1,809.7988,1487113649925
3,26,6,0.3,0,1,3,813.3657,1487113653489,-1,-1,812.8323,1487113652959
3,1,5,0.3,1,3,1,818.0659,1487113658190,-1,-1,817.4994,1487113657624
3,2,5,0.3,1,3,3,821.1661,1487113661290,-1,-1,820.5997,1487113660727
3,3,5,0.3,1,3,0,824.1664,1487113664290,-1,-1,823.6662,1487113663792
3,4,5,0.3,1,3,2,827.2001,1487113667324,-1,-1,826.6997,1487113666827
3,5,5,0.3,1,3,0,830.2666,1487113670390,-1,-1,829.7332,1487113669859
3,6,5,0.3,1,2,3,833.3001,1487113673424,-1,-1,832.7667,1487113672895
3,7,5,0.3,1,2,0,836.3008,1487113676424,-1,-1,835.8002,1487113675927
3,8,5,0.3,1,0,1,839.3671,1487113679491,-1,-1,838.8337,1487113678960
3,9,5,0.3,0,2,0,842.3674,1487113682491,843.1674,1487113683291,841.8672,1487113681995
3,10,5,0.3,1,0,1,845.4341,1487113685558,-1,-1,844.9008,1487113685027
3,11,5,0.3,1,1,3,848.4677,1487113688591,849.1343,1487113689258,847.9343,1487113688060
3,12,5,0.3,1,0,2,851.5345,1487113691658,-1,-1,850.9678,1487113691096
3,13,5,0.3,1,0,3,854.6346,1487113694758,-1,-1,854.0679,1487113694195
3,14,5,0.3,1,2,1,857.6349,1487113697759,-1,-1,857.1348,1487113697261
3,15,5,0.3,1,2,0,860.6684,1487113700792,-1,-1,860.1349,1487113700262
3,16,5,0.3,1,0,0,863.7354,1487113703859,-1,-1,863.1685,1487113703297
3,17,5,0.3,1,2,3,866.802,1487113706926,-1,-1,866.2686,1487113706395
3,18,5,0.3,0,1,3,869.8689,1487113709992,-1,-1,869.3021,1487113709429
3,19,5,0.3,0,0,2,872.9357,1487113713059,874.7025,1487113714826,872.4023,1487113712530
3,20,5,0.3,1,1,0,875.9692,1487113716093,876.5692,1487113716693,875.4358,1487113715562
3,21,5,0.3,1,0,2,879.036,1487113719160,-1,-1,878.5026,1487113718630
3,22,5,0.3,1,1,3,882.0695,1487113722193,882.5695,1487113722693,881.5361,1487113721664
3,23,5,0.3,1,0,0,885.103,1487113725227,-1,-1,884.5696,1487113724696
3,24,5,0.3,0,1,2,888.1699,1487113728293,-1,-1,887.6031,1487113727729
3,25,5,0.3,1,1,0,891.1704,1487113731294,891.937,1487113732062,890.67,1487113730796
3,1,5,0.3,1,3,1,909.571,1487113749695,-1,-1,909.0377,1487113749162
3,2,5,0.3,1,3,2,912.5714,1487113752695,-1,-1,912.0712,1487113752199
3,3,5,0.3,1,3,0,915.6381,1487113755762,-1,-1,915.1047,1487113755231
3,4,5,0.3,1,3,3,918.6716,1487113758795,-1,-1,918.1382,1487113758265
3,5,5,0.3,1,3,3,921.7384,1487113761862,-1,-1,921.1718,1487113761299
3,6,5,0.3,1,0,0,924.7719,1487113764895,-1,-1,924.2385,1487113764366
3,7,5,0.3,1,2,0,927.8054,1487113767929,-1,-1,927.272,1487113767398
3,8,5,0.3,1,1,0,930.839,1487113770963,931.6057,1487113771730,930.3055,1487113770433
3,9,5,0.3,1,2,0,933.9058,1487113774029,-1,-1,933.3392,1487113773466
3,10,5,0.3,1,2,0,936.9725,1487113777096,-1,-1,936.4059,1487113776532
3,11,5,0.3,1,1,0,940.0061,1487113780130,940.6062,1487113780730,939.4728,1487113779599
3,12,5,0.3,1,2,2,943.0729,1487113783197,-1,-1,942.5062,1487113782634
3,13,5,0.3,1,1,0,946.1064,1487113786230,947.0399,1487113787164,945.5732,1487113785700
3,14,5,0.3,1,0,2,949.1732,1487113789297,-1,-1,948.6066,1487113788733
3,15,5,0.3,1,2,1,952.2068,1487113792331,-1,-1,951.6735,1487113791801
3,16,5,0.3,1,0,1,955.2402,1487113795364,-1,-1,954.7069,1487113794834
3,17,5,0.3,1,0,1,958.3071,1487113798431,-1,-1,957.7405,1487113797867
3,18,5,0.3,1,0,3,961.3739,1487113801498,-1,-1,960.8073,1487113800935
3,19,5,0.3,1,0,3,964.4406,1487113804564,-1,-1,963.8746,1487113804001
3,20,5,0.3,1,1,1,967.4744,1487113807598,968.3411,1487113808465,966.9409,1487113807068
3,21,5,0.3,1,2,0,970.5078,1487113810631,-1,-1,969.9745,1487113810101
3,22,5,0.3,1,1,1,973.5747,1487113813698,974.9747,1487113815099,973.0079,1487113813135
3,23,5,0.3,1,0,0,976.6082,1487113816732,-1,-1,976.0748,1487113816202
3,24,5,0.3,1,1,3,979.6416,1487113819765,980.4084,1487113820532,979.1083,1487113819235
3,25,5,0.3,1,0,2,982.6752,1487113822799,-1,-1,982.1417,1487113822269
3,1,6,0.3,1,3,1,1001.043,1487113841166,-1,-1,1000.51,1487113840634
3,2,6,0.3,1,3,0,1004.076,1487113844200,-1,-1,1003.543,1487113843671
3,3,6,0.3,1,3,3,1007.143,1487113847267,-1,-1,1006.61,1487113846736
3,4,6,0.3,1,3,2,1010.177,1487113850300,-1,-1,1009.644,1487113849770
3,5,6,0.3,1,3,3,1013.21,1487113853334,-1,-1,1012.677,1487113852805
3,6,6,0.3,1,3,0,1016.244,1487113856367,-1,-1,1015.71,1487113855837
3,7,6,0.3,1,0,3,1019.277,1487113859401,-1,-1,1018.744,1487113858870
3,8,6,0.3,1,1,0,1022.344,1487113862468,1023.177,1487113863302,1021.777,1487113861905
3,9,6,0.3,0,1,3,1025.411,1487113865534,-1,-1,1024.844,1487113864971
3,10,6,0.3,0,0,1,1028.445,1487113868568,1029.411,1487113869535,1027.944,1487113868071
3,11,6,0.3,0,0,1,1031.511,1487113871635,1032.745,1487113872869,1030.978,1487113871104
3,12,6,0.3,0,1,0,1034.578,1487113874702,-1,-1,1034.045,1487113874172
3,13,6,0.3,1,1,3,1037.612,1487113877735,1038.912,1487113879036,1037.078,1487113877205
3,14,6,0.3,1,1,0,1040.678,1487113880802,1041.345,1487113881469,1040.145,1487113880271
3,15,6,0.3,0,2,0,1043.712,1487113883836,1044.279,1487113884403,1043.179,1487113883307
3,16,6,0.3,1,1,1,1046.779,1487113886902,1048.312,1487113888436,1046.245,1487113886373
3,17,6,0.3,1,2,0,1049.879,1487113890003,-1,-1,1049.312,1487113889439
3,18,6,0.3,1,0,2,1052.912,1487113893036,-1,-1,1052.379,1487113892507
3,19,6,0.3,1,2,0,1055.946,1487113896070,-1,-1,1055.413,1487113895540
3,20,6,0.3,0,2,3,1058.979,1487113899103,1060.08,1487113900204,1058.446,1487113898572
3,21,6,0.3,1,0,3,1062.013,1487113902137,-1,-1,1061.48,1487113901606
3,22,6,0.3,1,0,3,1065.047,1487113905170,-1,-1,1064.513,1487113904641
3,23,6,0.3,1,0,3,1068.08,1487113908204,-1,-1,1067.547,1487113907674
3,24,6,0.3,1,2,0,1071.113,1487113911237,-1,-1,1070.58,1487113910706
3,25,6,0.3,1,2,2,1074.147,1487113914271,-1,-1,1073.614,1487113913742
3,26,6,0.3,1,0,2,1077.214,1487113917337,-1,-1,1076.68,1487113916807
3,1,5,0.3,1,3,1,1082.114,1487113922238,-1,-1,1081.581,1487113921706
3,2,5,0.3,1,3,3,1085.148,1487113925271,-1,-1,1084.614,1487113924741
3,3,5,0.3,1,3,2,1088.214,1487113928338,-1,-1,1087.648,1487113927774
3,4,5,0.3,1,3,0,1091.248,1487113931372,-1,-1,1090.715,1487113930842
3,5,5,0.3,1,3,3,1094.315,1487113934438,-1,-1,1093.748,1487113933875
3,6,5,0.3,1,0,0,1097.348,1487113937472,-1,-1,1096.815,1487113936942
3,7,5,0.3,1,0,1,1100.415,1487113940539,-1,-1,1099.848,1487113939977
3,8,5,0.3,1,2,0,1103.482,1487113943606,-1,-1,1102.949,1487113943076
3,9,5,0.3,1,0,1,1106.516,1487113946639,-1,-1,1105.982,1487113946109
3,10,5,0.3,1,0,1,1109.549,1487113949673,-1,-1,1109.016,1487113949143
3,11,5,0.3,0,2,3,1112.582,1487113952706,1114.583,1487113954706,1112.049,1487113952176
3,12,5,0.3,1,0,2,1115.616,1487113955740,-1,-1,1115.083,1487113955209
3,13,5,0.3,1,1,0,1118.65,1487113958773,1120.65,1487113960773,1118.116,1487113958242
3,14,5,0.3,1,1,1,1121.716,1487113961840,1122.95,1487113963074,1121.15,1487113961277
3,15,5,0.3,1,0,2,1124.783,1487113964907,-1,-1,1124.216,1487113964343
3,16,5,0.3,1,1,3,1127.817,1487113967940,1128.717,1487113968841,1127.283,1487113967410
3,17,5,0.3,1,1,2,1130.883,1487113971007,1131.384,1487113971508,1130.317,1487113970445
3,18,5,0.3,1,2,1,1133.917,1487113974041,-1,-1,1133.384,1487113973511
3,19,5,0.3,0,2,2,1136.951,1487113977074,1137.851,1487113977975,1136.417,1487113976544
3,20,5,0.3,1,2,1,1140.017,1487113980141,-1,-1,1139.451,1487113979578
3,21,5,0.3,1,2,2,1143.051,1487113983174,-1,-1,1142.517,1487113982644
3,22,5,0.3,1,1,2,1146.084,1487113986208,1146.918,1487113987042,1145.551,1487113985677
3,23,5,0.3,0,0,0,1149.151,1487113989275,1150.618,1487113990742,1148.584,1487113988711
3,24,5,0.3,1,0,3,1152.185,1487113992308,-1,-1,1151.651,1487113991779
3,25,5,0.3,1,1,1,1155.252,1487113995375,1155.852,1487113995976,1154.718,1487113994845
